time,available,waitlisted,total,normalized_available,normalized_waitlisted
2022-02-12T07:04:30,180,0,180,1.0,0.0
2022-02-12T07:12:38,180,0,180,1.0,0.0
2022-02-12T07:20:52,180,0,180,1.0,0.0
2022-02-12T07:29:00,180,0,180,1.0,0.0
2022-02-12T07:37:07,180,0,180,1.0,0.0
2022-02-12T07:45:14,180,0,180,1.0,0.0
2022-02-12T07:53:22,180,0,180,1.0,0.0
2022-02-12T08:01:30,180,0,180,1.0,0.0
2022-02-12T08:09:38,180,0,180,1.0,0.0
2022-02-12T08:17:45,180,0,180,1.0,0.0
2022-02-12T08:25:53,180,0,180,1.0,0.0
2022-02-12T08:34:00,180,0,180,1.0,0.0
2022-02-12T08:42:16,180,0,180,1.0,0.0
2022-02-12T08:50:23,180,0,180,1.0,0.0
2022-02-12T08:58:30,179,0,180,0.9944444444444445,0.0
2022-02-12T09:06:38,179,0,180,0.9944444444444445,0.0
2022-02-12T09:14:45,179,0,180,0.9944444444444445,0.0
2022-02-12T09:22:53,179,0,180,0.9944444444444445,0.0
2022-02-12T09:31:00,179,0,180,0.9944444444444445,0.0
2022-02-12T09:39:07,178,0,180,0.9888888888888889,0.0
2022-02-12T09:47:15,177,0,180,0.9833333333333333,0.0
2022-02-12T09:55:22,177,0,180,0.9833333333333333,0.0
2022-02-12T10:03:30,176,0,180,0.9777777777777777,0.0
2022-02-12T10:11:37,176,0,180,0.9777777777777777,0.0
2022-02-12T10:19:45,176,0,180,0.9777777777777777,0.0
2022-02-12T10:27:52,176,0,180,0.9777777777777777,0.0
2022-02-12T10:36:08,176,0,180,0.9777777777777777,0.0
2022-02-12T10:44:15,176,0,180,0.9777777777777777,0.0
2022-02-12T10:52:23,176,0,180,0.9777777777777777,0.0
2022-02-12T11:00:30,176,0,180,0.9777777777777777,0.0
2022-02-12T11:08:38,176,0,180,0.9777777777777777,0.0
2022-02-12T11:16:46,176,0,180,0.9777777777777777,0.0
2022-02-12T11:24:53,176,0,180,0.9777777777777777,0.0
2022-02-12T11:33:01,176,0,180,0.9777777777777777,0.0
2022-02-12T11:41:08,176,0,180,0.9777777777777777,0.0
2022-02-12T11:49:16,176,0,180,0.9777777777777777,0.0
2022-02-12T11:57:32,176,0,180,0.9777777777777777,0.0
2022-02-12T12:05:40,174,0,180,0.9666666666666667,0.0
2022-02-12T12:13:47,174,0,180,0.9666666666666667,0.0
2022-02-12T12:21:55,174,0,180,0.9666666666666667,0.0
2022-02-12T12:30:02,174,0,180,0.9666666666666667,0.0
2022-02-12T12:38:10,174,0,180,0.9666666666666667,0.0
2022-02-12T12:46:24,174,0,180,0.9666666666666667,0.0
2022-02-12T12:54:31,174,0,180,0.9666666666666667,0.0
2022-02-12T13:02:39,174,0,180,0.9666666666666667,0.0
2022-02-12T13:10:46,174,0,180,0.9666666666666667,0.0
2022-02-12T13:18:54,174,0,180,0.9666666666666667,0.0
2022-02-12T13:27:01,174,0,180,0.9666666666666667,0.0
2022-02-12T13:35:09,174,0,180,0.9666666666666667,0.0
2022-02-12T13:43:16,174,0,180,0.9666666666666667,0.0
2022-02-12T13:51:23,173,0,180,0.9611111111111111,0.0
2022-02-12T13:59:31,173,0,180,0.9611111111111111,0.0
2022-02-12T14:07:38,173,0,180,0.9611111111111111,0.0
2022-02-12T14:15:46,173,0,180,0.9611111111111111,0.0
2022-02-12T14:23:53,173,0,180,0.9611111111111111,0.0
2022-02-12T14:32:11,173,0,180,0.9611111111111111,0.0
2022-02-12T14:40:19,173,0,180,0.9611111111111111,0.0
2022-02-12T14:48:26,173,0,180,0.9611111111111111,0.0
2022-02-12T14:56:34,173,0,180,0.9611111111111111,0.0
2022-02-12T15:04:41,173,0,180,0.9611111111111111,0.0
2022-02-12T15:12:49,173,0,180,0.9611111111111111,0.0
2022-02-12T15:20:57,173,0,180,0.9611111111111111,0.0
2022-02-12T15:29:05,173,0,180,0.9611111111111111,0.0
2022-02-12T15:37:13,173,0,180,0.9611111111111111,0.0
2022-02-12T15:45:21,173,0,180,0.9611111111111111,0.0
2022-02-12T15:53:36,173,0,180,0.9611111111111111,0.0
2022-02-12T16:01:43,173,0,180,0.9611111111111111,0.0
2022-02-12T16:09:50,173,0,180,0.9611111111111111,0.0
2022-02-12T16:17:58,173,0,180,0.9611111111111111,0.0
2022-02-12T16:26:06,173,0,180,0.9611111111111111,0.0
2022-02-12T16:34:13,173,0,180,0.9611111111111111,0.0
2022-02-12T16:42:21,173,0,180,0.9611111111111111,0.0
2022-02-12T16:50:28,173,0,180,0.9611111111111111,0.0
2022-02-12T16:58:35,173,0,180,0.9611111111111111,0.0
2022-02-12T17:06:52,173,0,180,0.9611111111111111,0.0
2022-02-12T17:15:00,173,0,180,0.9611111111111111,0.0
2022-02-12T17:23:07,173,0,180,0.9611111111111111,0.0
2022-02-12T17:31:15,173,0,180,0.9611111111111111,0.0
2022-02-12T17:39:22,173,0,180,0.9611111111111111,0.0
2022-02-12T17:47:30,173,0,180,0.9611111111111111,0.0
2022-02-12T17:55:37,173,0,180,0.9611111111111111,0.0
2022-02-12T18:03:45,173,0,180,0.9611111111111111,0.0
2022-02-12T18:11:52,173,0,180,0.9611111111111111,0.0
2022-02-12T18:20:07,173,0,180,0.9611111111111111,0.0
2022-02-12T18:28:14,173,0,180,0.9611111111111111,0.0
2022-02-12T18:36:22,173,0,180,0.9611111111111111,0.0
2022-02-12T18:44:29,173,0,180,0.9611111111111111,0.0
2022-02-12T18:52:37,173,0,180,0.9611111111111111,0.0
2022-02-12T19:00:44,173,0,180,0.9611111111111111,0.0
2022-02-12T19:08:52,173,0,180,0.9611111111111111,0.0
2022-02-12T19:16:59,172,0,180,0.9555555555555556,0.0
2022-02-12T19:25:07,171,0,180,0.95,0.0
2022-02-12T19:33:14,171,0,180,0.95,0.0
2022-02-12T19:41:21,171,0,180,0.95,0.0
2022-02-12T19:49:37,171,0,180,0.95,0.0
2022-02-12T19:57:44,171,0,180,0.95,0.0
2022-02-12T20:05:52,171,0,180,0.95,0.0
2022-02-12T20:13:59,171,0,180,0.95,0.0
2022-02-12T20:22:07,171,0,180,0.95,0.0
2022-02-12T20:30:14,171,0,180,0.95,0.0
2022-02-12T20:38:22,171,0,180,0.95,0.0
2022-02-12T20:46:29,170,0,180,0.9444444444444444,0.0
2022-02-12T20:54:36,170,0,180,0.9444444444444444,0.0
2022-02-12T21:02:45,170,0,180,0.9444444444444444,0.0
2022-02-12T21:10:52,170,0,180,0.9444444444444444,0.0
2022-02-12T21:18:59,170,0,180,0.9444444444444444,0.0
2022-02-12T21:27:16,170,0,180,0.9444444444444444,0.0
2022-02-12T21:35:23,170,0,180,0.9444444444444444,0.0
2022-02-12T21:43:30,170,0,180,0.9444444444444444,0.0
2022-02-12T21:51:38,170,0,180,0.9444444444444444,0.0
2022-02-12T21:59:45,170,0,180,0.9444444444444444,0.0
2022-02-12T22:07:53,169,0,180,0.9388888888888889,0.0
2022-02-12T22:16:00,169,0,180,0.9388888888888889,0.0
2022-02-12T22:24:07,169,0,180,0.9388888888888889,0.0
2022-02-12T22:32:15,169,0,180,0.9388888888888889,0.0
2022-02-12T22:40:22,169,0,180,0.9388888888888889,0.0
2022-02-12T22:48:30,169,0,180,0.9388888888888889,0.0
2022-02-12T22:56:37,169,0,180,0.9388888888888889,0.0
2022-02-12T23:04:55,169,0,180,0.9388888888888889,0.0
2022-02-12T23:13:03,169,0,180,0.9388888888888889,0.0
2022-02-12T23:21:10,169,0,180,0.9388888888888889,0.0
2022-02-12T23:29:18,168,0,180,0.9333333333333333,0.0
2022-02-12T23:37:25,168,0,180,0.9333333333333333,0.0
2022-02-13T00:37:58,168,0,180,0.9333333333333333,0.0
2022-02-13T00:46:05,168,0,180,0.9333333333333333,0.0
2022-02-13T00:54:13,168,0,180,0.9333333333333333,0.0
2022-02-13T01:02:21,168,0,180,0.9333333333333333,0.0
2022-02-13T01:10:28,168,0,180,0.9333333333333333,0.0
2022-02-13T01:18:43,168,0,180,0.9333333333333333,0.0
2022-02-13T01:26:51,168,0,180,0.9333333333333333,0.0
2022-02-13T01:34:58,168,0,180,0.9333333333333333,0.0
2022-02-13T01:43:06,168,0,180,0.9333333333333333,0.0
2022-02-13T01:51:13,168,0,180,0.9333333333333333,0.0
2022-02-13T01:59:20,168,0,180,0.9333333333333333,0.0
2022-02-13T02:07:28,168,0,180,0.9333333333333333,0.0
2022-02-13T02:15:35,168,0,180,0.9333333333333333,0.0
2022-02-13T02:23:43,168,0,180,0.9333333333333333,0.0
2022-02-13T02:31:52,168,0,180,0.9333333333333333,0.0
2022-02-13T02:40:00,168,0,180,0.9333333333333333,0.0
2022-02-13T02:48:08,168,0,180,0.9333333333333333,0.0
2022-02-13T02:56:16,168,0,180,0.9333333333333333,0.0
2022-02-13T03:04:24,168,0,180,0.9333333333333333,0.0
2022-02-13T03:12:32,168,0,180,0.9333333333333333,0.0
2022-02-13T03:20:40,168,0,180,0.9333333333333333,0.0
2022-02-13T03:28:48,168,0,180,0.9333333333333333,0.0
2022-02-13T03:36:55,168,0,180,0.9333333333333333,0.0
2022-02-13T03:45:03,168,0,180,0.9333333333333333,0.0
2022-02-13T03:53:11,168,0,180,0.9333333333333333,0.0
2022-02-13T04:01:19,168,0,180,0.9333333333333333,0.0
2022-02-13T04:21:32,168,0,180,0.9333333333333333,0.0
2022-02-13T04:30:46,168,0,180,0.9333333333333333,0.0
2022-02-13T04:39:12,167,0,180,0.9277777777777778,0.0
2022-02-13T04:47:20,167,0,180,0.9277777777777778,0.0
2022-02-13T04:55:28,167,0,180,0.9277777777777778,0.0
2022-02-13T05:03:36,167,0,180,0.9277777777777778,0.0
2022-02-13T05:11:44,167,0,180,0.9277777777777778,0.0
2022-02-13T05:19:52,167,0,180,0.9277777777777778,0.0
2022-02-13T05:28:01,167,0,180,0.9277777777777778,0.0
2022-02-13T05:36:08,167,0,180,0.9277777777777778,0.0
2022-02-13T05:44:16,167,0,180,0.9277777777777778,0.0
2022-02-13T05:52:24,167,0,180,0.9277777777777778,0.0
2022-02-13T06:00:32,167,0,180,0.9277777777777778,0.0
2022-02-13T06:08:40,167,0,180,0.9277777777777778,0.0
2022-02-13T06:16:47,167,0,180,0.9277777777777778,0.0
2022-02-13T06:24:55,167,0,180,0.9277777777777778,0.0
2022-02-13T06:33:03,167,0,180,0.9277777777777778,0.0
2022-02-13T06:41:11,167,0,180,0.9277777777777778,0.0
2022-02-13T06:49:19,167,0,180,0.9277777777777778,0.0
2022-02-13T06:57:26,167,0,180,0.9277777777777778,0.0
2022-02-13T07:05:34,167,0,180,0.9277777777777778,0.0
2022-02-13T07:13:41,167,0,180,0.9277777777777778,0.0
2022-02-13T07:21:49,167,0,180,0.9277777777777778,0.0
2022-02-13T07:29:56,167,0,180,0.9277777777777778,0.0
2022-02-13T07:38:04,167,0,180,0.9277777777777778,0.0
2022-02-13T07:46:11,167,0,180,0.9277777777777778,0.0
2022-02-13T07:54:19,167,0,180,0.9277777777777778,0.0
2022-02-13T08:02:26,167,0,180,0.9277777777777778,0.0
2022-02-13T08:10:34,167,0,180,0.9277777777777778,0.0
2022-02-13T08:18:41,167,0,180,0.9277777777777778,0.0
2022-02-13T08:26:49,167,0,180,0.9277777777777778,0.0
2022-02-13T08:34:56,167,0,180,0.9277777777777778,0.0
2022-02-13T08:43:05,167,0,180,0.9277777777777778,0.0
2022-02-13T08:51:12,167,0,180,0.9277777777777778,0.0
2022-02-13T08:59:20,167,0,180,0.9277777777777778,0.0
2022-02-13T09:07:27,167,0,180,0.9277777777777778,0.0
2022-02-13T09:15:35,167,0,180,0.9277777777777778,0.0
2022-02-13T09:23:42,167,0,180,0.9277777777777778,0.0
2022-02-13T09:32:10,167,0,180,0.9277777777777778,0.0
2022-02-13T09:40:17,167,0,180,0.9277777777777778,0.0
2022-02-13T09:48:25,167,0,180,0.9277777777777778,0.0
2022-02-13T09:56:32,167,0,180,0.9277777777777778,0.0
2022-02-13T10:04:39,167,0,180,0.9277777777777778,0.0
2022-02-13T10:12:47,167,0,180,0.9277777777777778,0.0
2022-02-13T10:20:54,167,0,180,0.9277777777777778,0.0
2022-02-13T10:29:02,167,0,180,0.9277777777777778,0.0
2022-02-13T10:37:09,167,0,180,0.9277777777777778,0.0
2022-02-13T10:45:17,167,0,180,0.9277777777777778,0.0
2022-02-13T10:53:24,166,0,180,0.9222222222222223,0.0
2022-02-13T11:01:32,166,0,180,0.9222222222222223,0.0
2022-02-13T11:09:39,166,0,180,0.9222222222222223,0.0
2022-02-13T11:17:47,166,0,180,0.9222222222222223,0.0
2022-02-13T11:25:54,166,0,180,0.9222222222222223,0.0
2022-02-13T11:34:02,166,0,180,0.9222222222222223,0.0
2022-02-13T11:42:18,166,0,180,0.9222222222222223,0.0
2022-02-13T11:50:26,166,0,180,0.9222222222222223,0.0
2022-02-13T11:58:33,166,0,180,0.9222222222222223,0.0
2022-02-13T12:06:41,166,0,180,0.9222222222222223,0.0
2022-02-13T12:14:48,166,0,180,0.9222222222222223,0.0
2022-02-13T12:22:56,166,0,180,0.9222222222222223,0.0
2022-02-13T12:31:03,166,0,180,0.9222222222222223,0.0
2022-02-13T12:39:11,166,0,180,0.9222222222222223,0.0
2022-02-13T12:47:18,166,0,180,0.9222222222222223,0.0
2022-02-13T12:55:26,165,0,180,0.9166666666666666,0.0
2022-02-13T13:03:33,165,0,180,0.9166666666666666,0.0
2022-02-13T13:11:40,165,0,180,0.9166666666666666,0.0
2022-02-13T13:19:48,165,0,180,0.9166666666666666,0.0
2022-02-13T13:27:55,165,0,180,0.9166666666666666,0.0
2022-02-13T13:36:03,165,0,180,0.9166666666666666,0.0
2022-02-13T13:44:19,165,0,180,0.9166666666666666,0.0
2022-02-13T13:52:27,165,0,180,0.9166666666666666,0.0
2022-02-13T14:00:34,165,0,180,0.9166666666666666,0.0
2022-02-13T14:08:41,165,0,180,0.9166666666666666,0.0
2022-02-13T14:16:49,165,0,180,0.9166666666666666,0.0
2022-02-13T14:24:56,165,0,180,0.9166666666666666,0.0
2022-02-13T14:33:04,165,0,180,0.9166666666666666,0.0
2022-02-13T14:41:11,165,0,180,0.9166666666666666,0.0
2022-02-13T14:49:19,165,0,180,0.9166666666666666,0.0
2022-02-13T14:57:26,165,0,180,0.9166666666666666,0.0
2022-02-13T15:05:33,165,0,180,0.9166666666666666,0.0
2022-02-13T15:13:56,165,0,180,0.9166666666666666,0.0
2022-02-13T15:22:03,165,0,180,0.9166666666666666,0.0
2022-02-13T15:30:11,165,0,180,0.9166666666666666,0.0
2022-02-13T15:38:18,165,0,180,0.9166666666666666,0.0
2022-02-13T15:46:26,165,0,180,0.9166666666666666,0.0
2022-02-13T15:54:33,165,0,180,0.9166666666666666,0.0
2022-02-13T16:02:41,165,0,180,0.9166666666666666,0.0
2022-02-13T16:10:48,164,0,180,0.9111111111111111,0.0
2022-02-13T16:18:56,164,0,180,0.9111111111111111,0.0
2022-02-13T16:27:03,164,0,180,0.9111111111111111,0.0
2022-02-13T16:35:11,164,0,180,0.9111111111111111,0.0
2022-02-13T16:43:18,164,0,180,0.9111111111111111,0.0
2022-02-13T16:51:26,164,0,180,0.9111111111111111,0.0
2022-02-13T16:59:33,164,0,180,0.9111111111111111,0.0
2022-02-13T17:07:41,164,0,180,0.9111111111111111,0.0
2022-02-13T17:15:58,164,0,180,0.9111111111111111,0.0
2022-02-13T17:24:06,164,0,180,0.9111111111111111,0.0
2022-02-13T17:32:13,164,0,180,0.9111111111111111,0.0
2022-02-13T17:40:20,164,0,180,0.9111111111111111,0.0
2022-02-13T17:48:28,164,0,180,0.9111111111111111,0.0
2022-02-13T17:56:35,164,0,180,0.9111111111111111,0.0
2022-02-13T18:04:43,164,0,180,0.9111111111111111,0.0
2022-02-13T18:13:07,164,0,180,0.9111111111111111,0.0
2022-02-13T18:21:15,164,0,180,0.9111111111111111,0.0
2022-02-13T18:29:22,164,0,180,0.9111111111111111,0.0
2022-02-13T18:37:29,164,0,180,0.9111111111111111,0.0
2022-02-13T18:45:37,164,0,180,0.9111111111111111,0.0
2022-02-13T18:53:44,164,0,180,0.9111111111111111,0.0
2022-02-13T19:01:52,164,0,180,0.9111111111111111,0.0
2022-02-13T19:09:59,164,0,180,0.9111111111111111,0.0
2022-02-13T19:18:06,164,0,180,0.9111111111111111,0.0
2022-02-13T19:26:14,164,0,180,0.9111111111111111,0.0
2022-02-13T19:34:21,164,0,180,0.9111111111111111,0.0
2022-02-13T19:42:29,164,0,180,0.9111111111111111,0.0
2022-02-13T19:50:36,164,0,180,0.9111111111111111,0.0
2022-02-13T19:58:44,164,0,180,0.9111111111111111,0.0
2022-02-13T20:07:00,164,0,180,0.9111111111111111,0.0
2022-02-13T20:15:07,164,0,180,0.9111111111111111,0.0
2022-02-13T20:23:15,164,0,180,0.9111111111111111,0.0
2022-02-13T20:31:22,164,0,180,0.9111111111111111,0.0
2022-02-13T20:39:30,164,0,180,0.9111111111111111,0.0
2022-02-13T20:47:37,164,0,180,0.9111111111111111,0.0
2022-02-13T20:55:44,164,0,180,0.9111111111111111,0.0
2022-02-13T21:03:52,164,0,180,0.9111111111111111,0.0
2022-02-13T21:11:59,164,0,180,0.9111111111111111,0.0
2022-02-13T21:20:18,164,0,180,0.9111111111111111,0.0
2022-02-13T21:28:25,164,0,180,0.9111111111111111,0.0
2022-02-13T21:36:33,164,0,180,0.9111111111111111,0.0
2022-02-13T21:44:40,164,0,180,0.9111111111111111,0.0
2022-02-13T21:52:48,164,0,180,0.9111111111111111,0.0
2022-02-13T22:00:55,164,0,180,0.9111111111111111,0.0
2022-02-13T22:09:03,164,0,180,0.9111111111111111,0.0
2022-02-13T22:17:10,164,0,180,0.9111111111111111,0.0
2022-02-13T22:25:18,164,0,180,0.9111111111111111,0.0
2022-02-13T22:33:44,164,0,180,0.9111111111111111,0.0
2022-02-13T22:41:51,164,0,180,0.9111111111111111,0.0
2022-02-13T22:49:58,164,0,180,0.9111111111111111,0.0
2022-02-13T22:58:06,164,0,180,0.9111111111111111,0.0
2022-02-13T23:06:13,164,0,180,0.9111111111111111,0.0
2022-02-13T23:14:21,164,0,180,0.9111111111111111,0.0
2022-02-13T23:22:29,164,0,180,0.9111111111111111,0.0
2022-02-13T23:30:36,164,0,180,0.9111111111111111,0.0
2022-02-13T23:38:44,164,0,180,0.9111111111111111,0.0
2022-02-13T23:46:51,164,0,180,0.9111111111111111,0.0
2022-02-13T23:55:09,164,0,180,0.9111111111111111,0.0
2022-02-14T00:03:16,164,0,180,0.9111111111111111,0.0
2022-02-14T00:11:24,164,0,180,0.9111111111111111,0.0
2022-02-14T00:19:32,164,0,180,0.9111111111111111,0.0
2022-02-14T00:27:40,164,0,180,0.9111111111111111,0.0
2022-02-14T00:35:48,164,0,180,0.9111111111111111,0.0
2022-02-14T00:43:56,164,0,180,0.9111111111111111,0.0
2022-02-14T00:52:03,164,0,180,0.9111111111111111,0.0
2022-02-14T01:00:11,164,0,180,0.9111111111111111,0.0
2022-02-14T01:08:19,164,0,180,0.9111111111111111,0.0
2022-02-14T01:16:26,164,0,180,0.9111111111111111,0.0
2022-02-14T01:24:34,164,0,180,0.9111111111111111,0.0
2022-02-14T01:32:42,164,0,180,0.9111111111111111,0.0
2022-02-14T01:40:50,164,0,180,0.9111111111111111,0.0
2022-02-14T01:49:14,164,0,180,0.9111111111111111,0.0
2022-02-14T01:57:22,164,0,180,0.9111111111111111,0.0
2022-02-14T02:05:30,164,0,180,0.9111111111111111,0.0
2022-02-14T02:10:06,164,0,180,0.9111111111111111,0.0
2022-02-14T02:18:14,164,0,180,0.9111111111111111,0.0
2022-02-14T02:26:22,164,0,180,0.9111111111111111,0.0
2022-02-14T02:34:29,164,0,180,0.9111111111111111,0.0
2022-02-14T02:42:37,164,0,180,0.9111111111111111,0.0
2022-02-14T02:50:44,164,0,180,0.9111111111111111,0.0
2022-02-14T02:58:52,164,0,180,0.9111111111111111,0.0
2022-02-14T03:07:00,164,0,180,0.9111111111111111,0.0
2022-02-14T03:15:07,164,0,180,0.9111111111111111,0.0
2022-02-14T03:23:15,164,0,180,0.9111111111111111,0.0
2022-02-14T03:31:22,164,0,180,0.9111111111111111,0.0
2022-02-14T03:39:30,164,0,180,0.9111111111111111,0.0
2022-02-14T03:47:38,164,0,180,0.9111111111111111,0.0
2022-02-14T03:55:45,164,0,180,0.9111111111111111,0.0
2022-02-14T04:03:53,164,0,180,0.9111111111111111,0.0
2022-02-14T04:16:15,164,0,180,0.9111111111111111,0.0
2022-02-14T04:24:24,164,0,180,0.9111111111111111,0.0
2022-02-14T04:28:37,164,0,180,0.9111111111111111,0.0
2022-02-14T04:36:47,164,0,180,0.9111111111111111,0.0
2022-02-14T04:46:05,164,0,180,0.9111111111111111,0.0
2022-02-14T04:54:33,164,0,180,0.9111111111111111,0.0
2022-02-14T05:02:42,164,0,180,0.9111111111111111,0.0
2022-02-14T05:10:50,164,0,180,0.9111111111111111,0.0
2022-02-14T05:18:58,164,0,180,0.9111111111111111,0.0
2022-02-14T05:27:06,164,0,180,0.9111111111111111,0.0
2022-02-14T05:35:14,164,0,180,0.9111111111111111,0.0
2022-02-14T05:43:21,164,0,180,0.9111111111111111,0.0
2022-02-14T05:51:29,164,0,180,0.9111111111111111,0.0
2022-02-14T05:59:37,164,0,180,0.9111111111111111,0.0
2022-02-14T06:07:44,164,0,180,0.9111111111111111,0.0
2022-02-14T06:15:52,164,0,180,0.9111111111111111,0.0
2022-02-14T06:24:00,164,0,180,0.9111111111111111,0.0
2022-02-14T06:32:08,164,0,180,0.9111111111111111,0.0
2022-02-14T06:40:17,164,0,180,0.9111111111111111,0.0
2022-02-14T06:48:25,164,0,180,0.9111111111111111,0.0
2022-02-14T06:56:32,164,0,180,0.9111111111111111,0.0
2022-02-14T07:04:40,164,0,180,0.9111111111111111,0.0
2022-02-14T07:12:48,164,0,180,0.9111111111111111,0.0
2022-02-14T07:20:55,164,0,180,0.9111111111111111,0.0
2022-02-14T07:29:03,164,0,180,0.9111111111111111,0.0
2022-02-14T07:37:11,164,0,180,0.9111111111111111,0.0
2022-02-14T07:45:18,164,0,180,0.9111111111111111,0.0
2022-02-14T07:53:26,164,0,180,0.9111111111111111,0.0
2022-02-14T08:01:33,164,0,180,0.9111111111111111,0.0
2022-02-14T08:09:41,164,0,180,0.9111111111111111,0.0
2022-02-14T08:17:48,164,0,180,0.9111111111111111,0.0
2022-02-14T08:25:56,164,0,180,0.9111111111111111,0.0
2022-02-14T08:34:12,163,0,180,0.9055555555555556,0.0
2022-02-14T08:42:20,163,0,180,0.9055555555555556,0.0
2022-02-14T08:50:28,163,0,180,0.9055555555555556,0.0
2022-02-14T08:58:35,163,0,180,0.9055555555555556,0.0
2022-02-14T09:06:43,163,0,180,0.9055555555555556,0.0
2022-02-14T09:14:51,163,0,180,0.9055555555555556,0.0
2022-02-14T09:22:58,162,0,180,0.9,0.0
2022-02-14T09:31:06,162,0,180,0.9,0.0
2022-02-14T09:39:14,162,0,180,0.9,0.0
2022-02-14T09:47:22,162,0,180,0.9,0.0
2022-02-14T09:55:29,161,0,180,0.8944444444444445,0.0
2022-02-14T10:03:37,161,0,180,0.8944444444444445,0.0
2022-02-14T10:11:58,161,0,180,0.8944444444444445,0.0
2022-02-14T10:20:06,160,0,180,0.8888888888888888,0.0
2022-02-14T10:28:14,160,0,180,0.8888888888888888,0.0
2022-02-14T10:36:22,159,0,180,0.8833333333333333,0.0
2022-02-14T10:44:30,159,0,180,0.8833333333333333,0.0
2022-02-14T10:52:39,159,0,180,0.8833333333333333,0.0
2022-02-14T11:00:47,159,0,180,0.8833333333333333,0.0
2022-02-14T11:09:03,159,0,180,0.8833333333333333,0.0
2022-02-14T11:17:12,158,0,180,0.8777777777777778,0.0
2022-02-14T11:25:20,157,0,180,0.8722222222222222,0.0
2022-02-14T11:33:28,156,0,180,0.8666666666666667,0.0
2022-02-14T11:41:36,156,0,180,0.8666666666666667,0.0
2022-02-14T11:49:44,156,0,180,0.8666666666666667,0.0
2022-02-14T11:58:01,156,0,180,0.8666666666666667,0.0
2022-02-14T12:06:09,156,0,180,0.8666666666666667,0.0
2022-02-14T12:14:17,155,0,180,0.8611111111111112,0.0
2022-02-14T12:22:25,155,0,180,0.8611111111111112,0.0
2022-02-14T12:30:33,154,0,180,0.8555555555555555,0.0
2022-02-14T12:38:40,154,0,180,0.8555555555555555,0.0
2022-02-14T12:46:48,153,0,180,0.85,0.0
2022-02-14T12:55:05,153,0,180,0.85,0.0
2022-02-14T13:03:13,153,0,180,0.85,0.0
2022-02-14T13:11:21,153,0,180,0.85,0.0
2022-02-14T13:19:29,153,0,180,0.85,0.0
2022-02-14T13:27:47,153,0,180,0.85,0.0
2022-02-14T13:35:55,153,0,180,0.85,0.0
2022-02-14T13:44:03,153,0,180,0.85,0.0
2022-02-14T13:52:11,152,0,180,0.8444444444444444,0.0
2022-02-14T14:00:19,151,0,180,0.8388888888888889,0.0
2022-02-14T14:08:36,151,0,180,0.8388888888888889,0.0
2022-02-14T14:16:44,151,0,180,0.8388888888888889,0.0
2022-02-14T14:24:52,150,0,180,0.8333333333333334,0.0
2022-02-14T14:32:59,150,0,180,0.8333333333333334,0.0
2022-02-14T14:41:08,150,0,180,0.8333333333333334,0.0
2022-02-14T14:49:16,149,0,180,0.8277777777777777,0.0
2022-02-14T14:57:33,149,0,180,0.8277777777777777,0.0
2022-02-14T15:05:41,148,0,180,0.8222222222222222,0.0
2022-02-14T15:13:49,148,0,180,0.8222222222222222,0.0
2022-02-14T15:21:57,148,0,180,0.8222222222222222,0.0
2022-02-14T15:30:05,148,0,180,0.8222222222222222,0.0
2022-02-14T15:38:13,147,0,180,0.8166666666666667,0.0
2022-02-14T15:46:31,147,0,180,0.8166666666666667,0.0
2022-02-14T15:54:39,147,0,180,0.8166666666666667,0.0
2022-02-14T16:02:47,147,0,180,0.8166666666666667,0.0
2022-02-14T16:10:55,147,0,180,0.8166666666666667,0.0
2022-02-14T16:19:03,147,0,180,0.8166666666666667,0.0
2022-02-14T16:27:22,147,0,180,0.8166666666666667,0.0
2022-02-14T16:35:29,147,0,180,0.8166666666666667,0.0
2022-02-14T16:43:37,147,0,180,0.8166666666666667,0.0
2022-02-14T16:51:45,147,0,180,0.8166666666666667,0.0
2022-02-14T16:59:52,147,0,180,0.8166666666666667,0.0
2022-02-14T17:08:10,146,0,180,0.8111111111111111,0.0
2022-02-14T17:16:17,146,0,180,0.8111111111111111,0.0
2022-02-14T17:24:25,146,0,180,0.8111111111111111,0.0
2022-02-14T17:32:33,146,0,180,0.8111111111111111,0.0
2022-02-14T17:40:41,146,0,180,0.8111111111111111,0.0
2022-02-14T17:49:00,146,0,180,0.8111111111111111,0.0
2022-02-14T17:57:08,146,0,180,0.8111111111111111,0.0
2022-02-14T18:05:16,146,0,180,0.8111111111111111,0.0
2022-02-14T18:13:23,146,0,180,0.8111111111111111,0.0
2022-02-14T18:21:31,146,0,180,0.8111111111111111,0.0
2022-02-14T18:29:49,146,0,180,0.8111111111111111,0.0
2022-02-14T18:37:57,146,0,180,0.8111111111111111,0.0
2022-02-14T18:46:04,145,0,180,0.8055555555555556,0.0
2022-02-14T18:54:12,145,0,180,0.8055555555555556,0.0
2022-02-14T19:02:20,145,0,180,0.8055555555555556,0.0
2022-02-14T19:10:28,145,0,180,0.8055555555555556,0.0
2022-02-14T19:18:44,145,0,180,0.8055555555555556,0.0
2022-02-14T19:26:51,145,0,180,0.8055555555555556,0.0
2022-02-14T19:34:59,145,0,180,0.8055555555555556,0.0
2022-02-14T19:43:06,145,0,180,0.8055555555555556,0.0
2022-02-14T19:51:14,145,0,180,0.8055555555555556,0.0
2022-02-14T19:59:31,145,0,180,0.8055555555555556,0.0
2022-02-14T20:07:38,144,0,180,0.8,0.0
2022-02-14T20:15:46,144,0,180,0.8,0.0
2022-02-14T20:24:04,143,0,180,0.7944444444444444,0.0
2022-02-14T20:32:12,143,0,180,0.7944444444444444,0.0
2022-02-14T20:40:20,143,0,180,0.7944444444444444,0.0
2022-02-14T20:48:27,143,0,180,0.7944444444444444,0.0
2022-02-14T20:56:35,143,0,180,0.7944444444444444,0.0
2022-02-14T21:04:42,142,0,180,0.7888888888888889,0.0
2022-02-14T21:12:50,142,0,180,0.7888888888888889,0.0
2022-02-14T21:21:09,142,0,180,0.7888888888888889,0.0
2022-02-14T21:29:17,141,0,180,0.7833333333333333,0.0
2022-02-14T21:37:25,141,0,180,0.7833333333333333,0.0
2022-02-14T21:45:33,141,0,180,0.7833333333333333,0.0
2022-02-14T21:53:41,141,0,180,0.7833333333333333,0.0
2022-02-14T22:01:48,141,0,180,0.7833333333333333,0.0
2022-02-14T22:09:56,141,0,180,0.7833333333333333,0.0
2022-02-14T22:18:15,141,0,180,0.7833333333333333,0.0
2022-02-14T22:26:22,141,0,180,0.7833333333333333,0.0
2022-02-14T22:34:30,141,0,180,0.7833333333333333,0.0
2022-02-14T22:42:37,141,0,180,0.7833333333333333,0.0
2022-02-14T22:50:45,141,0,180,0.7833333333333333,0.0
2022-02-14T22:58:52,141,0,180,0.7833333333333333,0.0
2022-02-14T23:07:09,141,0,180,0.7833333333333333,0.0
2022-02-14T23:15:17,141,0,180,0.7833333333333333,0.0
2022-02-14T23:23:25,141,0,180,0.7833333333333333,0.0
2022-02-14T23:31:33,141,0,180,0.7833333333333333,0.0
2022-02-14T23:39:40,141,0,180,0.7833333333333333,0.0
2022-02-14T23:47:48,141,0,180,0.7833333333333333,0.0
2022-02-14T23:55:55,141,0,180,0.7833333333333333,0.0
2022-02-15T00:04:03,141,0,180,0.7833333333333333,0.0
2022-02-15T00:12:11,141,0,180,0.7833333333333333,0.0
2022-02-15T00:20:19,141,0,180,0.7833333333333333,0.0
2022-02-15T00:28:35,141,0,180,0.7833333333333333,0.0
2022-02-15T00:36:43,141,0,180,0.7833333333333333,0.0
2022-02-15T00:44:51,141,0,180,0.7833333333333333,0.0
2022-02-15T00:52:58,141,0,180,0.7833333333333333,0.0
2022-02-15T01:01:06,141,0,180,0.7833333333333333,0.0
2022-02-15T01:09:14,141,0,180,0.7833333333333333,0.0
2022-02-15T01:17:22,141,0,180,0.7833333333333333,0.0
2022-02-15T01:25:29,141,0,180,0.7833333333333333,0.0
2022-02-15T01:33:37,141,0,180,0.7833333333333333,0.0
2022-02-15T01:41:44,141,0,180,0.7833333333333333,0.0
2022-02-15T01:50:00,141,0,180,0.7833333333333333,0.0
2022-02-15T01:58:08,141,0,180,0.7833333333333333,0.0
2022-02-15T02:06:16,141,0,180,0.7833333333333333,0.0
2022-02-15T02:15:38,141,0,180,0.7833333333333333,0.0
2022-02-15T02:23:46,141,0,180,0.7833333333333333,0.0
2022-02-15T02:31:53,141,0,180,0.7833333333333333,0.0
2022-02-15T02:40:01,141,0,180,0.7833333333333333,0.0
2022-02-15T02:48:08,141,0,180,0.7833333333333333,0.0
2022-02-15T02:56:15,141,0,180,0.7833333333333333,0.0
2022-02-15T03:04:23,141,0,180,0.7833333333333333,0.0
2022-02-15T03:12:31,141,0,180,0.7833333333333333,0.0
2022-02-15T03:20:38,141,0,180,0.7833333333333333,0.0
2022-02-15T03:28:46,141,0,180,0.7833333333333333,0.0
2022-02-15T03:36:54,141,0,180,0.7833333333333333,0.0
2022-02-15T03:45:02,141,0,180,0.7833333333333333,0.0
2022-02-15T03:53:09,141,0,180,0.7833333333333333,0.0
2022-02-15T04:01:17,141,0,180,0.7833333333333333,0.0
2022-02-15T04:09:25,141,0,180,0.7833333333333333,0.0
2022-02-15T04:37:23,141,0,180,0.7833333333333333,0.0
2022-02-15T04:45:49,141,0,180,0.7833333333333333,0.0
2022-02-15T04:53:57,141,0,180,0.7833333333333333,0.0
2022-02-15T05:02:05,141,0,180,0.7833333333333333,0.0
2022-02-15T05:10:14,141,0,180,0.7833333333333333,0.0
2022-02-15T05:18:22,141,0,180,0.7833333333333333,0.0
2022-02-15T05:26:30,141,0,180,0.7833333333333333,0.0
2022-02-15T05:34:38,141,0,180,0.7833333333333333,0.0
2022-02-15T05:42:47,141,0,180,0.7833333333333333,0.0
2022-02-15T05:50:55,141,0,180,0.7833333333333333,0.0
2022-02-15T05:59:03,141,0,180,0.7833333333333333,0.0
2022-02-15T06:07:11,141,0,180,0.7833333333333333,0.0
2022-02-15T06:15:19,141,0,180,0.7833333333333333,0.0
2022-02-15T06:23:28,141,0,180,0.7833333333333333,0.0
2022-02-15T06:31:36,141,0,180,0.7833333333333333,0.0
2022-02-15T06:39:44,141,0,180,0.7833333333333333,0.0
2022-02-15T06:47:52,141,0,180,0.7833333333333333,0.0
2022-02-15T06:56:00,141,0,180,0.7833333333333333,0.0
2022-02-15T07:04:07,141,0,180,0.7833333333333333,0.0
2022-02-15T07:12:15,141,0,180,0.7833333333333333,0.0
2022-02-15T07:20:23,141,0,180,0.7833333333333333,0.0
2022-02-15T07:28:30,141,0,180,0.7833333333333333,0.0
2022-02-15T07:36:38,141,0,180,0.7833333333333333,0.0
2022-02-15T07:44:46,141,0,180,0.7833333333333333,0.0
2022-02-15T07:52:54,141,0,180,0.7833333333333333,0.0
2022-02-15T08:01:03,141,0,180,0.7833333333333333,0.0
2022-02-15T08:09:10,141,0,180,0.7833333333333333,0.0
2022-02-15T08:17:18,141,0,180,0.7833333333333333,0.0
2022-02-15T08:25:35,141,0,180,0.7833333333333333,0.0
2022-02-15T08:33:43,141,0,180,0.7833333333333333,0.0
2022-02-15T08:41:51,141,0,180,0.7833333333333333,0.0
2022-02-15T08:49:59,141,0,180,0.7833333333333333,0.0
2022-02-15T08:58:07,141,0,180,0.7833333333333333,0.0
2022-02-15T09:06:14,141,0,180,0.7833333333333333,0.0
2022-02-15T09:14:22,141,0,180,0.7833333333333333,0.0
2022-02-15T09:22:30,141,0,180,0.7833333333333333,0.0
2022-02-15T09:30:38,141,0,180,0.7833333333333333,0.0
2022-02-15T09:38:54,141,0,180,0.7833333333333333,0.0
2022-02-15T09:47:01,141,0,180,0.7833333333333333,0.0
2022-02-15T09:55:09,141,0,180,0.7833333333333333,0.0
2022-02-15T10:03:17,141,0,180,0.7833333333333333,0.0
2022-02-15T10:11:24,141,0,180,0.7833333333333333,0.0
2022-02-15T10:19:32,141,0,180,0.7833333333333333,0.0
2022-02-15T10:27:41,141,0,180,0.7833333333333333,0.0
2022-02-15T10:35:49,141,0,180,0.7833333333333333,0.0
2022-02-15T10:43:57,141,0,180,0.7833333333333333,0.0
2022-02-15T10:52:13,140,0,180,0.7777777777777778,0.0
2022-02-15T11:00:21,140,0,180,0.7777777777777778,0.0
2022-02-15T11:08:30,139,0,180,0.7722222222222223,0.0
2022-02-15T11:16:38,139,0,180,0.7722222222222223,0.0
2022-02-15T11:24:46,139,0,180,0.7722222222222223,0.0
2022-02-15T11:32:54,139,0,180,0.7722222222222223,0.0
2022-02-15T11:41:02,139,0,180,0.7722222222222223,0.0
2022-02-15T11:49:10,138,0,180,0.7666666666666667,0.0
2022-02-15T11:57:28,138,0,180,0.7666666666666667,0.0
2022-02-15T12:05:35,138,0,180,0.7666666666666667,0.0
2022-02-15T12:13:43,137,0,180,0.7611111111111111,0.0
2022-02-15T12:21:51,137,0,180,0.7611111111111111,0.0
2022-02-15T12:29:59,137,0,180,0.7611111111111111,0.0
2022-02-15T12:38:06,135,0,180,0.75,0.0
2022-02-15T12:46:14,135,0,180,0.75,0.0
2022-02-15T12:54:30,135,0,180,0.75,0.0
2022-02-15T13:02:38,135,0,180,0.75,0.0
2022-02-15T13:10:46,135,0,180,0.75,0.0
2022-02-15T13:18:54,135,0,180,0.75,0.0
2022-02-15T13:27:02,135,0,180,0.75,0.0
2022-02-15T13:35:10,135,0,180,0.75,0.0
2022-02-15T13:43:26,135,0,180,0.75,0.0
2022-02-15T13:51:34,134,0,180,0.7444444444444445,0.0
2022-02-15T13:59:42,134,0,180,0.7444444444444445,0.0
2022-02-15T14:07:51,133,0,180,0.7388888888888889,0.0
2022-02-15T14:15:59,132,0,180,0.7333333333333333,0.0
2022-02-15T14:24:07,132,0,180,0.7333333333333333,0.0
2022-02-15T14:32:15,132,0,180,0.7333333333333333,0.0
2022-02-15T14:40:32,132,0,180,0.7333333333333333,0.0
2022-02-15T14:48:40,132,0,180,0.7333333333333333,0.0
2022-02-15T14:56:48,132,0,180,0.7333333333333333,0.0
2022-02-15T15:04:56,132,0,180,0.7333333333333333,0.0
2022-02-15T15:13:04,132,0,180,0.7333333333333333,0.0
2022-02-15T15:21:11,132,0,180,0.7333333333333333,0.0
2022-02-15T15:29:19,131,0,180,0.7277777777777777,0.0
2022-02-15T15:37:39,131,0,180,0.7277777777777777,0.0
2022-02-15T15:45:48,129,0,180,0.7166666666666667,0.0
2022-02-15T15:53:56,129,0,180,0.7166666666666667,0.0
2022-02-15T16:02:04,129,0,180,0.7166666666666667,0.0
2022-02-15T16:10:12,128,0,180,0.7111111111111111,0.0
2022-02-15T16:18:20,128,0,180,0.7111111111111111,0.0
2022-02-15T16:26:36,127,0,180,0.7055555555555556,0.0
2022-02-15T16:34:44,127,0,180,0.7055555555555556,0.0
2022-02-15T16:42:52,127,0,180,0.7055555555555556,0.0
2022-02-15T16:50:59,127,0,180,0.7055555555555556,0.0
2022-02-15T16:59:07,127,0,180,0.7055555555555556,0.0
2022-02-15T17:07:15,127,0,180,0.7055555555555556,0.0
2022-02-15T17:15:23,127,0,180,0.7055555555555556,0.0
2022-02-15T17:23:31,127,0,180,0.7055555555555556,0.0
2022-02-15T17:31:48,127,0,180,0.7055555555555556,0.0
2022-02-15T17:39:55,126,0,180,0.7,0.0
2022-02-15T17:48:03,126,0,180,0.7,0.0
2022-02-15T17:56:11,126,0,180,0.7,0.0
2022-02-15T18:04:21,126,0,180,0.7,0.0
2022-02-15T18:12:29,126,0,180,0.7,0.0
2022-02-15T18:20:37,125,0,180,0.6944444444444444,0.0
2022-02-15T18:28:54,125,0,180,0.6944444444444444,0.0
2022-02-15T18:37:03,124,0,180,0.6888888888888889,0.0
2022-02-15T18:45:11,124,0,180,0.6888888888888889,0.0
2022-02-15T18:53:18,124,0,180,0.6888888888888889,0.0
2022-02-15T19:01:26,124,0,180,0.6888888888888889,0.0
2022-02-15T19:09:34,124,0,180,0.6888888888888889,0.0
2022-02-15T19:17:51,124,0,180,0.6888888888888889,0.0
2022-02-15T19:25:59,124,0,180,0.6888888888888889,0.0
2022-02-15T19:34:06,124,0,180,0.6888888888888889,0.0
2022-02-15T19:42:14,124,0,180,0.6888888888888889,0.0
2022-02-15T19:50:22,124,0,180,0.6888888888888889,0.0
2022-02-15T19:58:30,124,0,180,0.6888888888888889,0.0
2022-02-15T20:06:38,124,0,180,0.6888888888888889,0.0
2022-02-15T20:14:54,124,0,180,0.6888888888888889,0.0
2022-02-15T20:23:03,124,0,180,0.6888888888888889,0.0
2022-02-15T20:31:10,124,0,180,0.6888888888888889,0.0
2022-02-15T20:39:18,124,0,180,0.6888888888888889,0.0
2022-02-15T20:47:26,124,0,180,0.6888888888888889,0.0
2022-02-15T20:55:45,124,0,180,0.6888888888888889,0.0
2022-02-15T21:03:53,124,0,180,0.6888888888888889,0.0
2022-02-15T21:12:01,124,0,180,0.6888888888888889,0.0
2022-02-15T21:20:09,124,0,180,0.6888888888888889,0.0
2022-02-15T21:28:16,124,0,180,0.6888888888888889,0.0
2022-02-15T21:36:34,124,0,180,0.6888888888888889,0.0
2022-02-15T21:44:42,124,0,180,0.6888888888888889,0.0
2022-02-15T21:52:49,124,0,180,0.6888888888888889,0.0
2022-02-15T22:00:57,124,0,180,0.6888888888888889,0.0
2022-02-15T22:09:04,124,0,180,0.6888888888888889,0.0
2022-02-15T22:17:12,124,0,180,0.6888888888888889,0.0
2022-02-15T22:25:19,124,0,180,0.6888888888888889,0.0
2022-02-15T22:33:27,124,0,180,0.6888888888888889,0.0
2022-02-15T22:41:43,124,0,180,0.6888888888888889,0.0
2022-02-15T22:49:51,124,0,180,0.6888888888888889,0.0
2022-02-15T22:57:58,124,0,180,0.6888888888888889,0.0
2022-02-15T23:06:06,124,0,180,0.6888888888888889,0.0
2022-02-15T23:14:14,124,0,180,0.6888888888888889,0.0
2022-02-15T23:22:21,124,0,180,0.6888888888888889,0.0
2022-02-15T23:30:29,124,0,180,0.6888888888888889,0.0
2022-02-15T23:42:04,124,0,180,0.6888888888888889,0.0
2022-02-16T00:07:04,124,0,180,0.6888888888888889,0.0
2022-02-16T00:15:15,124,0,180,0.6888888888888889,0.0
2022-02-16T00:33:57,124,0,180,0.6888888888888889,0.0
2022-02-16T00:42:05,124,0,180,0.6888888888888889,0.0
2022-02-16T00:50:13,124,0,180,0.6888888888888889,0.0
2022-02-16T00:58:21,124,0,180,0.6888888888888889,0.0
2022-02-16T01:06:29,124,0,180,0.6888888888888889,0.0
2022-02-16T01:14:36,124,0,180,0.6888888888888889,0.0
2022-02-16T01:22:44,124,0,180,0.6888888888888889,0.0
2022-02-16T01:30:52,124,0,180,0.6888888888888889,0.0
2022-02-16T01:39:08,124,0,180,0.6888888888888889,0.0
2022-02-16T01:47:16,124,0,180,0.6888888888888889,0.0
2022-02-16T01:55:23,124,0,180,0.6888888888888889,0.0
2022-02-16T02:03:31,124,0,180,0.6888888888888889,0.0
2022-02-16T02:11:39,124,0,180,0.6888888888888889,0.0
2022-02-16T02:19:47,124,0,180,0.6888888888888889,0.0
2022-02-16T02:27:55,124,0,180,0.6888888888888889,0.0
2022-02-16T02:36:02,124,0,180,0.6888888888888889,0.0
2022-02-16T02:44:10,124,0,180,0.6888888888888889,0.0
2022-02-16T02:52:18,124,0,180,0.6888888888888889,0.0
2022-02-16T03:00:36,124,0,180,0.6888888888888889,0.0
2022-02-16T03:08:43,124,0,180,0.6888888888888889,0.0
2022-02-16T03:16:51,124,0,180,0.6888888888888889,0.0
2022-02-16T03:24:58,124,0,180,0.6888888888888889,0.0
2022-02-16T03:33:06,124,0,180,0.6888888888888889,0.0
2022-02-16T03:41:13,124,0,180,0.6888888888888889,0.0
2022-02-16T03:49:21,124,0,180,0.6888888888888889,0.0
2022-02-16T03:57:29,124,0,180,0.6888888888888889,0.0
2022-02-16T04:05:37,124,0,180,0.6888888888888889,0.0
2022-02-16T04:13:45,124,0,180,0.6888888888888889,0.0
2022-02-16T04:38:24,124,0,180,0.6888888888888889,0.0
2022-02-16T04:46:32,124,0,180,0.6888888888888889,0.0
2022-02-16T04:54:40,124,0,180,0.6888888888888889,0.0
2022-02-16T05:04:09,124,0,180,0.6888888888888889,0.0
2022-02-16T05:12:36,124,0,180,0.6888888888888889,0.0
2022-02-16T05:20:44,124,0,180,0.6888888888888889,0.0
2022-02-16T05:28:52,124,0,180,0.6888888888888889,0.0
2022-02-16T05:37:01,124,0,180,0.6888888888888889,0.0
2022-02-16T05:45:09,124,0,180,0.6888888888888889,0.0
2022-02-16T05:53:16,124,0,180,0.6888888888888889,0.0
2022-02-16T06:01:24,124,0,180,0.6888888888888889,0.0
2022-02-16T06:09:32,124,0,180,0.6888888888888889,0.0
2022-02-16T06:17:40,124,0,180,0.6888888888888889,0.0
2022-02-16T06:25:47,124,0,180,0.6888888888888889,0.0
2022-02-16T06:33:55,124,0,180,0.6888888888888889,0.0
2022-02-16T06:42:03,124,0,180,0.6888888888888889,0.0
2022-02-16T06:50:11,124,0,180,0.6888888888888889,0.0
2022-02-16T06:58:18,124,0,180,0.6888888888888889,0.0
2022-02-16T07:06:26,124,0,180,0.6888888888888889,0.0
2022-02-16T07:14:33,124,0,180,0.6888888888888889,0.0
2022-02-16T07:22:41,124,0,180,0.6888888888888889,0.0
2022-02-16T07:30:56,124,0,180,0.6888888888888889,0.0
2022-02-16T07:39:03,124,0,180,0.6888888888888889,0.0
2022-02-16T07:47:11,124,0,180,0.6888888888888889,0.0
2022-02-16T07:55:18,124,0,180,0.6888888888888889,0.0
2022-02-16T08:03:26,124,0,180,0.6888888888888889,0.0
2022-02-16T08:11:33,124,0,180,0.6888888888888889,0.0
2022-02-16T08:19:41,124,0,180,0.6888888888888889,0.0
2022-02-16T08:27:49,124,0,180,0.6888888888888889,0.0
2022-02-16T08:35:56,124,0,180,0.6888888888888889,0.0
2022-02-16T08:44:04,124,0,180,0.6888888888888889,0.0
2022-02-16T08:52:12,124,0,180,0.6888888888888889,0.0
2022-02-16T09:00:20,123,0,180,0.6833333333333333,0.0
2022-02-16T09:08:28,123,0,180,0.6833333333333333,0.0
2022-02-16T09:16:36,123,0,180,0.6833333333333333,0.0
2022-02-16T09:24:44,123,0,180,0.6833333333333333,0.0
2022-02-16T09:33:01,123,0,180,0.6833333333333333,0.0
2022-02-16T09:41:09,123,0,180,0.6833333333333333,0.0
2022-02-16T09:49:17,123,0,180,0.6833333333333333,0.0
2022-02-16T09:57:25,123,0,180,0.6833333333333333,0.0
2022-02-16T10:05:33,123,0,180,0.6833333333333333,0.0
2022-02-16T10:13:41,123,0,180,0.6833333333333333,0.0
2022-02-16T10:21:49,123,0,180,0.6833333333333333,0.0
2022-02-16T10:29:57,123,0,180,0.6833333333333333,0.0
2022-02-16T10:38:13,123,0,180,0.6833333333333333,0.0
2022-02-16T10:46:21,123,0,180,0.6833333333333333,0.0
2022-02-16T10:54:29,123,0,180,0.6833333333333333,0.0
2022-02-16T11:02:37,123,0,180,0.6833333333333333,0.0
2022-02-16T11:10:44,123,0,180,0.6833333333333333,0.0
2022-02-16T11:18:52,123,0,180,0.6833333333333333,0.0
2022-02-16T11:27:13,122,0,180,0.6777777777777778,0.0
2022-02-16T11:35:22,122,0,180,0.6777777777777778,0.0
2022-02-16T11:43:30,122,0,180,0.6777777777777778,0.0
2022-02-16T11:51:37,122,0,180,0.6777777777777778,0.0
2022-02-16T11:59:45,122,0,180,0.6777777777777778,0.0
2022-02-16T12:07:53,121,0,180,0.6722222222222223,0.0
2022-02-16T12:16:12,121,0,180,0.6722222222222223,0.0
2022-02-16T12:24:20,121,0,180,0.6722222222222223,0.0
2022-02-16T12:32:28,121,0,180,0.6722222222222223,0.0
2022-02-16T12:40:38,121,0,180,0.6722222222222223,0.0
2022-02-16T12:48:46,121,0,180,0.6722222222222223,0.0
2022-02-16T12:57:03,121,0,180,0.6722222222222223,0.0
2022-02-16T13:05:11,121,0,180,0.6722222222222223,0.0
2022-02-16T13:13:19,121,0,180,0.6722222222222223,0.0
2022-02-16T13:21:26,120,0,180,0.6666666666666666,0.0
2022-02-16T13:29:35,120,0,180,0.6666666666666666,0.0
2022-02-16T13:37:55,120,0,180,0.6666666666666666,0.0
2022-02-16T13:46:03,120,0,180,0.6666666666666666,0.0
2022-02-16T13:54:11,119,0,180,0.6611111111111111,0.0
2022-02-16T14:02:20,119,0,180,0.6611111111111111,0.0
2022-02-16T14:10:28,118,0,180,0.6555555555555556,0.0
2022-02-16T14:18:46,118,0,180,0.6555555555555556,0.0
2022-02-16T14:26:54,118,0,180,0.6555555555555556,0.0
2022-02-16T14:35:02,118,0,180,0.6555555555555556,0.0
2022-02-16T14:43:10,118,0,180,0.6555555555555556,0.0
2022-02-16T14:51:18,118,0,180,0.6555555555555556,0.0
2022-02-16T14:59:36,118,0,180,0.6555555555555556,0.0
2022-02-16T15:07:44,118,0,180,0.6555555555555556,0.0
2022-02-16T15:15:52,117,0,180,0.65,0.0
2022-02-16T15:24:00,117,0,180,0.65,0.0
2022-02-16T15:32:08,117,0,180,0.65,0.0
2022-02-16T15:40:16,117,0,180,0.65,0.0
2022-02-16T15:48:34,117,0,180,0.65,0.0
2022-02-16T15:56:42,117,0,180,0.65,0.0
2022-02-16T16:04:50,116,0,180,0.6444444444444445,0.0
2022-02-16T16:12:58,116,0,180,0.6444444444444445,0.0
2022-02-16T16:21:06,116,0,180,0.6444444444444445,0.0
2022-02-16T16:29:15,116,0,180,0.6444444444444445,0.0
2022-02-16T16:37:33,116,0,180,0.6444444444444445,0.0
2022-02-16T16:45:41,116,0,180,0.6444444444444445,0.0
2022-02-16T16:53:49,116,0,180,0.6444444444444445,0.0
2022-02-16T17:01:57,116,0,180,0.6444444444444445,0.0
2022-02-16T17:10:15,116,0,180,0.6444444444444445,0.0
2022-02-16T17:18:23,116,0,180,0.6444444444444445,0.0
2022-02-16T17:26:31,116,0,180,0.6444444444444445,0.0
2022-02-16T17:34:38,116,0,180,0.6444444444444445,0.0
2022-02-16T17:42:46,116,0,180,0.6444444444444445,0.0
2022-02-16T17:51:04,116,0,180,0.6444444444444445,0.0
2022-02-16T17:59:12,116,0,180,0.6444444444444445,0.0
2022-02-16T18:07:20,116,0,180,0.6444444444444445,0.0
2022-02-16T18:15:28,116,0,180,0.6444444444444445,0.0
2022-02-16T18:23:36,116,0,180,0.6444444444444445,0.0
2022-02-16T18:31:53,116,0,180,0.6444444444444445,0.0
2022-02-16T18:40:01,116,0,180,0.6444444444444445,0.0
2022-02-16T18:48:09,116,0,180,0.6444444444444445,0.0
2022-02-16T18:56:17,116,0,180,0.6444444444444445,0.0
2022-02-16T19:04:25,116,0,180,0.6444444444444445,0.0
2022-02-16T19:12:41,116,0,180,0.6444444444444445,0.0
2022-02-16T19:20:50,116,0,180,0.6444444444444445,0.0
2022-02-16T19:28:59,116,0,180,0.6444444444444445,0.0
2022-02-16T19:37:07,116,0,180,0.6444444444444445,0.0
2022-02-16T19:45:17,116,0,180,0.6444444444444445,0.0
2022-02-16T19:53:25,116,0,180,0.6444444444444445,0.0
2022-02-16T20:01:34,116,0,180,0.6444444444444445,0.0
2022-02-16T20:09:52,116,0,180,0.6444444444444445,0.0
2022-02-16T20:18:01,116,0,180,0.6444444444444445,0.0
2022-02-16T20:26:09,116,0,180,0.6444444444444445,0.0
2022-02-16T20:34:18,116,0,180,0.6444444444444445,0.0
2022-02-16T20:42:26,116,0,180,0.6444444444444445,0.0
2022-02-16T20:50:34,116,0,180,0.6444444444444445,0.0
2022-02-16T20:58:42,116,0,180,0.6444444444444445,0.0
2022-02-16T21:07:00,116,0,180,0.6444444444444445,0.0
2022-02-16T21:15:08,116,0,180,0.6444444444444445,0.0
2022-02-16T21:23:15,116,0,180,0.6444444444444445,0.0
2022-02-16T21:31:23,116,0,180,0.6444444444444445,0.0
2022-02-16T21:39:30,116,0,180,0.6444444444444445,0.0
2022-02-16T21:47:38,116,0,180,0.6444444444444445,0.0
2022-02-16T21:55:46,116,0,180,0.6444444444444445,0.0
2022-02-16T22:03:54,116,0,180,0.6444444444444445,0.0
2022-02-16T22:12:12,116,0,180,0.6444444444444445,0.0
2022-02-16T22:20:20,116,0,180,0.6444444444444445,0.0
2022-02-16T22:28:27,116,0,180,0.6444444444444445,0.0
2022-02-16T22:36:35,116,0,180,0.6444444444444445,0.0
2022-02-16T22:44:42,116,0,180,0.6444444444444445,0.0
2022-02-16T22:52:50,116,0,180,0.6444444444444445,0.0
2022-02-16T23:00:57,116,0,180,0.6444444444444445,0.0
2022-02-16T23:09:05,116,0,180,0.6444444444444445,0.0
2022-02-16T23:17:22,116,0,180,0.6444444444444445,0.0
2022-02-16T23:25:30,116,0,180,0.6444444444444445,0.0
2022-02-16T23:33:37,116,0,180,0.6444444444444445,0.0
2022-02-16T23:41:45,116,0,180,0.6444444444444445,0.0
2022-02-16T23:49:52,116,0,180,0.6444444444444445,0.0
2022-02-16T23:57:59,116,0,180,0.6444444444444445,0.0
2022-02-17T00:06:07,116,0,180,0.6444444444444445,0.0
2022-02-17T00:14:27,116,0,180,0.6444444444444445,0.0
2022-02-17T00:22:34,116,0,180,0.6444444444444445,0.0
2022-02-17T00:30:52,116,0,180,0.6444444444444445,0.0
2022-02-17T00:38:59,116,0,180,0.6444444444444445,0.0
2022-02-17T00:47:07,116,0,180,0.6444444444444445,0.0
2022-02-17T00:55:15,116,0,180,0.6444444444444445,0.0
2022-02-17T01:03:23,116,0,180,0.6444444444444445,0.0
2022-02-17T01:11:30,116,0,180,0.6444444444444445,0.0
2022-02-17T01:19:38,116,0,180,0.6444444444444445,0.0
2022-02-17T01:27:45,116,0,180,0.6444444444444445,0.0
2022-02-17T01:35:53,116,0,180,0.6444444444444445,0.0
2022-02-17T01:44:09,116,0,180,0.6444444444444445,0.0
2022-02-17T01:52:16,116,0,180,0.6444444444444445,0.0
2022-02-17T02:00:24,116,0,180,0.6444444444444445,0.0
2022-02-17T02:08:32,116,0,180,0.6444444444444445,0.0
2022-02-17T02:16:39,116,0,180,0.6444444444444445,0.0
2022-02-17T02:24:46,116,0,180,0.6444444444444445,0.0
2022-02-17T02:32:54,116,0,180,0.6444444444444445,0.0
2022-02-17T02:41:01,116,0,180,0.6444444444444445,0.0
2022-02-17T02:49:08,116,0,180,0.6444444444444445,0.0
2022-02-17T02:54:35,116,0,180,0.6444444444444445,0.0
2022-02-17T03:02:45,116,0,180,0.6444444444444445,0.0
2022-02-17T03:14:14,116,0,180,0.6444444444444445,0.0
2022-02-17T03:22:21,116,0,180,0.6444444444444445,0.0
2022-02-17T03:30:28,116,0,180,0.6444444444444445,0.0
2022-02-17T03:38:36,116,0,180,0.6444444444444445,0.0
2022-02-17T03:46:52,116,0,180,0.6444444444444445,0.0
2022-02-17T03:55:00,116,0,180,0.6444444444444445,0.0
2022-02-17T04:03:08,116,0,180,0.6444444444444445,0.0
2022-02-17T04:11:16,116,0,180,0.6444444444444445,0.0
2022-02-17T04:33:43,116,0,180,0.6444444444444445,0.0
2022-02-17T04:41:51,116,0,180,0.6444444444444445,0.0
2022-02-17T04:49:59,116,0,180,0.6444444444444445,0.0
2022-02-17T04:58:07,116,0,180,0.6444444444444445,0.0
2022-02-17T05:06:15,116,0,180,0.6444444444444445,0.0
2022-02-17T05:14:23,116,0,180,0.6444444444444445,0.0
2022-02-17T05:22:31,116,0,180,0.6444444444444445,0.0
2022-02-17T05:30:39,116,0,180,0.6444444444444445,0.0
2022-02-17T05:38:47,116,0,180,0.6444444444444445,0.0
2022-02-17T05:48:36,116,0,180,0.6444444444444445,0.0
2022-02-17T05:56:44,116,0,180,0.6444444444444445,0.0
2022-02-17T06:05:00,116,0,180,0.6444444444444445,0.0
2022-02-17T06:13:08,116,0,180,0.6444444444444445,0.0
2022-02-17T06:21:16,116,0,180,0.6444444444444445,0.0
2022-02-17T06:29:24,116,0,180,0.6444444444444445,0.0
2022-02-17T06:37:32,116,0,180,0.6444444444444445,0.0
2022-02-17T06:45:40,116,0,180,0.6444444444444445,0.0
2022-02-17T06:53:48,116,0,180,0.6444444444444445,0.0
2022-02-17T07:01:55,116,0,180,0.6444444444444445,0.0
2022-02-17T07:10:03,116,0,180,0.6444444444444445,0.0
2022-02-17T07:18:11,116,0,180,0.6444444444444445,0.0
2022-02-17T07:26:18,116,0,180,0.6444444444444445,0.0
2022-02-17T07:34:26,116,0,180,0.6444444444444445,0.0
2022-02-17T07:42:42,116,0,180,0.6444444444444445,0.0
2022-02-17T07:50:50,116,0,180,0.6444444444444445,0.0
2022-02-17T07:58:58,116,0,180,0.6444444444444445,0.0
2022-02-17T08:07:05,116,0,180,0.6444444444444445,0.0
2022-02-17T08:15:13,116,0,180,0.6444444444444445,0.0
2022-02-17T08:23:21,116,0,180,0.6444444444444445,0.0
2022-02-17T08:31:29,116,0,180,0.6444444444444445,0.0
2022-02-17T08:39:36,116,0,180,0.6444444444444445,0.0
2022-02-17T08:47:53,116,0,180,0.6444444444444445,0.0
2022-02-17T08:56:02,116,0,180,0.6444444444444445,0.0
2022-02-17T09:04:10,116,0,180,0.6444444444444445,0.0
2022-02-17T09:12:18,116,0,180,0.6444444444444445,0.0
2022-02-17T09:20:26,116,0,180,0.6444444444444445,0.0
2022-02-17T09:28:33,116,0,180,0.6444444444444445,0.0
2022-02-17T09:36:49,116,0,180,0.6444444444444445,0.0
2022-02-17T09:44:57,116,0,180,0.6444444444444445,0.0
2022-02-17T09:53:06,116,0,180,0.6444444444444445,0.0
2022-02-17T10:01:14,116,0,180,0.6444444444444445,0.0
2022-02-17T10:09:32,116,0,180,0.6444444444444445,0.0
2022-02-17T10:17:40,116,0,180,0.6444444444444445,0.0
2022-02-17T10:25:49,116,0,180,0.6444444444444445,0.0
2022-02-17T10:33:58,116,0,180,0.6444444444444445,0.0
2022-02-17T10:42:07,116,0,180,0.6444444444444445,0.0
2022-02-17T10:50:17,116,0,180,0.6444444444444445,0.0
2022-02-17T10:58:35,116,0,180,0.6444444444444445,0.0
2022-02-17T11:06:47,116,0,180,0.6444444444444445,0.0
2022-02-17T11:14:58,116,0,180,0.6444444444444445,0.0
2022-02-17T11:23:09,116,0,180,0.6444444444444445,0.0
2022-02-17T11:31:29,116,0,180,0.6444444444444445,0.0
2022-02-17T11:39:39,116,0,180,0.6444444444444445,0.0
2022-02-17T11:47:50,116,0,180,0.6444444444444445,0.0
2022-02-17T11:56:00,116,0,180,0.6444444444444445,0.0
2022-02-17T12:04:20,116,0,180,0.6444444444444445,0.0
2022-02-17T12:12:29,116,0,180,0.6444444444444445,0.0
2022-02-17T12:20:38,116,0,180,0.6444444444444445,0.0
2022-02-17T12:28:47,116,0,180,0.6444444444444445,0.0
2022-02-17T12:37:07,116,0,180,0.6444444444444445,0.0
2022-02-17T12:45:16,116,0,180,0.6444444444444445,0.0
2022-02-17T12:53:25,116,0,180,0.6444444444444445,0.0
2022-02-17T13:01:35,116,0,180,0.6444444444444445,0.0
2022-02-17T13:09:44,116,0,180,0.6444444444444445,0.0
2022-02-17T13:18:03,116,0,180,0.6444444444444445,0.0
2022-02-17T13:26:12,116,0,180,0.6444444444444445,0.0
2022-02-17T13:34:21,116,0,180,0.6444444444444445,0.0
2022-02-17T13:42:29,116,0,180,0.6444444444444445,0.0
2022-02-17T13:50:46,116,0,180,0.6444444444444445,0.0
2022-02-17T13:58:54,116,0,180,0.6444444444444445,0.0
2022-02-17T14:07:03,116,0,180,0.6444444444444445,0.0
2022-02-17T14:15:11,116,0,180,0.6444444444444445,0.0
2022-02-17T14:23:19,116,0,180,0.6444444444444445,0.0
2022-02-17T14:31:39,116,0,180,0.6444444444444445,0.0
2022-02-17T14:39:47,116,0,180,0.6444444444444445,0.0
2022-02-17T14:47:55,116,0,180,0.6444444444444445,0.0
2022-02-17T14:56:03,116,0,180,0.6444444444444445,0.0
2022-02-17T15:04:12,116,0,180,0.6444444444444445,0.0
2022-02-17T15:12:30,116,0,180,0.6444444444444445,0.0
2022-02-17T15:20:38,116,0,180,0.6444444444444445,0.0
2022-02-17T15:28:46,116,0,180,0.6444444444444445,0.0
2022-02-17T15:36:54,116,0,180,0.6444444444444445,0.0
2022-02-17T15:45:12,116,0,180,0.6444444444444445,0.0
2022-02-17T15:53:20,116,0,180,0.6444444444444445,0.0
2022-02-17T16:01:28,116,0,180,0.6444444444444445,0.0
2022-02-17T16:09:36,116,0,180,0.6444444444444445,0.0
2022-02-17T16:17:44,116,0,180,0.6444444444444445,0.0
2022-02-17T16:25:52,116,0,180,0.6444444444444445,0.0
2022-02-17T16:34:10,116,0,180,0.6444444444444445,0.0
2022-02-17T16:42:18,116,0,180,0.6444444444444445,0.0
2022-02-17T16:50:26,116,0,180,0.6444444444444445,0.0
2022-02-17T16:58:34,116,0,180,0.6444444444444445,0.0
2022-02-17T17:06:50,116,0,180,0.6444444444444445,0.0
2022-02-17T17:14:59,116,0,180,0.6444444444444445,0.0
2022-02-17T17:23:06,116,0,180,0.6444444444444445,0.0
2022-02-17T17:31:14,116,0,180,0.6444444444444445,0.0
2022-02-17T17:39:22,116,0,180,0.6444444444444445,0.0
2022-02-17T17:47:30,116,0,180,0.6444444444444445,0.0
2022-02-17T17:55:49,116,0,180,0.6444444444444445,0.0
2022-02-17T18:03:57,116,0,180,0.6444444444444445,0.0
2022-02-17T18:12:05,116,0,180,0.6444444444444445,0.0
2022-02-17T18:20:13,116,0,180,0.6444444444444445,0.0
2022-02-17T18:28:30,116,0,180,0.6444444444444445,0.0
2022-02-17T18:36:37,116,0,180,0.6444444444444445,0.0
2022-02-17T18:44:45,116,0,180,0.6444444444444445,0.0
2022-02-17T18:52:52,116,0,180,0.6444444444444445,0.0
2022-02-17T19:01:00,116,0,180,0.6444444444444445,0.0
2022-02-17T19:09:18,116,0,180,0.6444444444444445,0.0
2022-02-17T19:17:25,116,0,180,0.6444444444444445,0.0
2022-02-17T19:25:32,116,0,180,0.6444444444444445,0.0
2022-02-17T19:33:40,116,0,180,0.6444444444444445,0.0
2022-02-17T19:41:47,116,0,180,0.6444444444444445,0.0
2022-02-17T19:49:55,116,0,180,0.6444444444444445,0.0
2022-02-17T19:58:02,116,0,180,0.6444444444444445,0.0
2022-02-17T20:06:10,116,0,180,0.6444444444444445,0.0
2022-02-17T20:14:28,116,0,180,0.6444444444444445,0.0
2022-02-17T20:22:35,116,0,180,0.6444444444444445,0.0
2022-02-17T20:30:43,116,0,180,0.6444444444444445,0.0
2022-02-17T20:38:50,116,0,180,0.6444444444444445,0.0
2022-02-17T20:46:57,116,0,180,0.6444444444444445,0.0
2022-02-17T20:55:05,116,0,180,0.6444444444444445,0.0
2022-02-17T21:03:12,116,0,180,0.6444444444444445,0.0
2022-02-17T21:11:20,116,0,180,0.6444444444444445,0.0
2022-02-17T21:19:27,116,0,180,0.6444444444444445,0.0
2022-02-17T21:27:44,116,0,180,0.6444444444444445,0.0
2022-02-17T21:35:51,116,0,180,0.6444444444444445,0.0
2022-02-17T21:43:59,116,0,180,0.6444444444444445,0.0
2022-02-17T21:52:06,116,0,180,0.6444444444444445,0.0
2022-02-17T22:00:14,116,0,180,0.6444444444444445,0.0
2022-02-17T22:08:21,116,0,180,0.6444444444444445,0.0
2022-02-17T22:16:29,116,0,180,0.6444444444444445,0.0
2022-02-17T22:24:37,116,0,180,0.6444444444444445,0.0
2022-02-17T22:32:44,116,0,180,0.6444444444444445,0.0
2022-02-17T22:41:02,116,0,180,0.6444444444444445,0.0
2022-02-17T22:49:10,116,0,180,0.6444444444444445,0.0
2022-02-17T22:57:17,116,0,180,0.6444444444444445,0.0
2022-02-17T23:05:25,116,0,180,0.6444444444444445,0.0
2022-02-17T23:13:32,116,0,180,0.6444444444444445,0.0
2022-02-17T23:21:40,116,0,180,0.6444444444444445,0.0
2022-02-17T23:29:48,116,0,180,0.6444444444444445,0.0
2022-02-17T23:37:55,116,0,180,0.6444444444444445,0.0
2022-02-17T23:46:02,116,0,180,0.6444444444444445,0.0
2022-02-17T23:54:10,116,0,180,0.6444444444444445,0.0
2022-02-18T00:02:28,116,0,180,0.6444444444444445,0.0
2022-02-18T00:10:36,116,0,180,0.6444444444444445,0.0
2022-02-18T00:18:45,116,0,180,0.6444444444444445,0.0
2022-02-18T00:26:52,116,0,180,0.6444444444444445,0.0
2022-02-18T00:35:00,116,0,180,0.6444444444444445,0.0
2022-02-18T00:43:08,116,0,180,0.6444444444444445,0.0
2022-02-18T00:51:16,116,0,180,0.6444444444444445,0.0
2022-02-18T00:59:24,116,0,180,0.6444444444444445,0.0
2022-02-18T01:07:32,116,0,180,0.6444444444444445,0.0
2022-02-18T01:15:39,116,0,180,0.6444444444444445,0.0
2022-02-18T01:23:47,116,0,180,0.6444444444444445,0.0
2022-02-18T01:31:55,116,0,180,0.6444444444444445,0.0
2022-02-18T01:40:03,116,0,180,0.6444444444444445,0.0
2022-02-18T01:48:10,116,0,180,0.6444444444444445,0.0
2022-02-18T01:56:26,116,0,180,0.6444444444444445,0.0
2022-02-18T02:04:34,116,0,180,0.6444444444444445,0.0
2022-02-18T02:12:42,116,0,180,0.6444444444444445,0.0
2022-02-18T02:20:50,116,0,180,0.6444444444444445,0.0
2022-02-18T02:28:58,116,0,180,0.6444444444444445,0.0
2022-02-18T02:37:06,116,0,180,0.6444444444444445,0.0
2022-02-18T02:45:14,116,0,180,0.6444444444444445,0.0
2022-02-18T02:53:22,116,0,180,0.6444444444444445,0.0
2022-02-18T03:01:30,116,0,180,0.6444444444444445,0.0
2022-02-18T03:09:37,116,0,180,0.6444444444444445,0.0
2022-02-18T03:17:45,116,0,180,0.6444444444444445,0.0
2022-02-18T03:25:52,116,0,180,0.6444444444444445,0.0
2022-02-18T03:34:00,116,0,180,0.6444444444444445,0.0
2022-02-18T03:42:07,116,0,180,0.6444444444444445,0.0
2022-02-18T03:50:15,116,0,180,0.6444444444444445,0.0
2022-02-18T03:58:23,116,0,180,0.6444444444444445,0.0
2022-02-18T04:06:30,116,0,180,0.6444444444444445,0.0
2022-02-18T04:14:38,116,0,180,0.6444444444444445,0.0
2022-02-18T04:25:21,116,0,180,0.6444444444444445,0.0
2022-02-18T04:34:12,116,0,180,0.6444444444444445,0.0
2022-02-18T04:42:29,116,0,180,0.6444444444444445,0.0
2022-02-18T04:50:37,116,0,180,0.6444444444444445,0.0
2022-02-18T04:58:45,116,0,180,0.6444444444444445,0.0
2022-02-18T05:06:53,116,0,180,0.6444444444444445,0.0
2022-02-18T05:15:01,116,0,180,0.6444444444444445,0.0
2022-02-18T05:23:09,116,0,180,0.6444444444444445,0.0
2022-02-18T05:31:19,116,0,180,0.6444444444444445,0.0
2022-02-18T05:39:27,116,0,180,0.6444444444444445,0.0
2022-02-18T05:47:35,116,0,180,0.6444444444444445,0.0
2022-02-18T05:55:43,116,0,180,0.6444444444444445,0.0
2022-02-18T06:03:50,116,0,180,0.6444444444444445,0.0
2022-02-18T06:11:58,116,0,180,0.6444444444444445,0.0
2022-02-18T06:20:06,116,0,180,0.6444444444444445,0.0
2022-02-18T06:28:14,116,0,180,0.6444444444444445,0.0
2022-02-18T06:36:22,116,0,180,0.6444444444444445,0.0
2022-02-18T06:44:29,116,0,180,0.6444444444444445,0.0
2022-02-18T06:52:37,116,0,180,0.6444444444444445,0.0
2022-02-18T07:00:44,116,0,180,0.6444444444444445,0.0
2022-02-18T07:08:52,116,0,180,0.6444444444444445,0.0
2022-02-18T07:17:08,116,0,180,0.6444444444444445,0.0
2022-02-18T07:25:15,116,0,180,0.6444444444444445,0.0
2022-02-18T07:33:23,116,0,180,0.6444444444444445,0.0
2022-02-18T07:41:30,116,0,180,0.6444444444444445,0.0
2022-02-18T07:49:38,116,0,180,0.6444444444444445,0.0
2022-02-18T07:57:45,116,0,180,0.6444444444444445,0.0
2022-02-18T08:05:53,116,0,180,0.6444444444444445,0.0
2022-02-18T08:14:00,116,0,180,0.6444444444444445,0.0
2022-02-18T08:22:08,116,0,180,0.6444444444444445,0.0
2022-02-18T08:30:19,116,0,180,0.6444444444444445,0.0
2022-02-18T08:38:29,116,0,180,0.6444444444444445,0.0
2022-02-18T08:46:40,116,0,180,0.6444444444444445,0.0
2022-02-18T08:54:50,116,0,180,0.6444444444444445,0.0
2022-02-18T09:03:01,116,0,180,0.6444444444444445,0.0
2022-02-18T09:11:12,116,0,180,0.6444444444444445,0.0
2022-02-18T09:19:22,116,0,180,0.6444444444444445,0.0
2022-02-18T09:27:33,116,0,180,0.6444444444444445,0.0
2022-02-18T09:35:56,116,0,180,0.6444444444444445,0.0
2022-02-18T09:44:06,116,0,180,0.6444444444444445,0.0
2022-02-18T09:52:17,117,0,180,0.65,0.0
2022-02-18T10:00:28,117,0,180,0.65,0.0
2022-02-18T10:08:38,117,0,180,0.65,0.0
2022-02-18T10:16:49,117,0,180,0.65,0.0
2022-02-18T10:25:00,117,0,180,0.65,0.0
2022-02-18T10:33:10,117,0,180,0.65,0.0
2022-02-18T10:41:21,117,0,180,0.65,0.0
2022-02-18T10:49:32,117,0,180,0.65,0.0
2022-02-18T10:57:42,117,0,180,0.65,0.0
2022-02-18T11:05:53,117,0,180,0.65,0.0
2022-02-18T11:14:04,117,0,180,0.65,0.0
2022-02-18T11:22:15,117,0,180,0.65,0.0
2022-02-18T11:30:25,117,0,180,0.65,0.0
2022-02-18T11:38:48,117,0,180,0.65,0.0
2022-02-18T11:46:59,117,0,180,0.65,0.0
2022-02-18T11:55:09,117,0,180,0.65,0.0
2022-02-18T12:03:20,117,0,180,0.65,0.0
2022-02-18T12:11:31,117,0,180,0.65,0.0
2022-02-18T12:19:41,117,0,180,0.65,0.0
2022-02-18T12:27:52,117,0,180,0.65,0.0
2022-02-18T12:36:02,117,0,180,0.65,0.0
2022-02-18T12:44:13,117,0,180,0.65,0.0
2022-02-18T12:52:24,117,0,180,0.65,0.0
2022-02-18T13:00:35,117,0,180,0.65,0.0
2022-02-18T13:08:55,117,0,180,0.65,0.0
2022-02-18T13:17:06,117,0,180,0.65,0.0
2022-02-18T13:25:16,117,0,180,0.65,0.0
2022-02-18T13:33:27,117,0,180,0.65,0.0
2022-02-18T13:41:38,117,0,180,0.65,0.0
2022-02-18T13:49:48,117,0,180,0.65,0.0
2022-02-18T13:57:59,117,0,180,0.65,0.0
2022-02-18T14:06:10,117,0,180,0.65,0.0
2022-02-18T14:14:20,117,0,180,0.65,0.0
2022-02-18T14:22:31,117,0,180,0.65,0.0
2022-02-18T14:30:42,117,0,180,0.65,0.0
2022-02-18T14:38:52,117,0,180,0.65,0.0
2022-02-18T14:47:13,117,0,180,0.65,0.0
2022-02-18T14:55:24,117,0,180,0.65,0.0
2022-02-18T15:03:34,117,0,180,0.65,0.0
2022-02-18T15:11:45,117,0,180,0.65,0.0
2022-02-18T15:19:56,117,0,180,0.65,0.0
2022-02-18T15:28:06,117,0,180,0.65,0.0
2022-02-18T15:36:17,117,0,180,0.65,0.0
2022-02-18T15:44:28,117,0,180,0.65,0.0
2022-02-18T15:52:39,117,0,180,0.65,0.0
2022-02-18T16:00:49,117,0,180,0.65,0.0
2022-02-18T16:09:10,117,0,180,0.65,0.0
2022-02-18T16:17:21,117,0,180,0.65,0.0
2022-02-18T16:25:32,117,0,180,0.65,0.0
2022-02-18T16:33:42,117,0,180,0.65,0.0
2022-02-18T16:41:53,117,0,180,0.65,0.0
2022-02-18T16:50:04,117,0,180,0.65,0.0
2022-02-18T16:58:14,117,0,180,0.65,0.0
2022-02-18T17:06:25,117,0,180,0.65,0.0
2022-02-18T17:14:35,117,0,180,0.65,0.0
2022-02-18T17:22:46,117,0,180,0.65,0.0
2022-02-18T17:30:56,117,0,180,0.65,0.0
2022-02-18T17:39:08,117,0,180,0.65,0.0
2022-02-18T17:47:19,117,0,180,0.65,0.0
2022-02-18T17:55:29,117,0,180,0.65,0.0
2022-02-18T18:03:47,117,0,180,0.65,0.0
2022-02-18T18:11:58,117,0,180,0.65,0.0
2022-02-18T18:20:08,117,0,180,0.65,0.0
2022-02-18T18:28:19,117,0,180,0.65,0.0
2022-02-18T18:36:29,117,0,180,0.65,0.0
2022-02-18T18:44:40,117,0,180,0.65,0.0
2022-02-18T18:52:50,117,0,180,0.65,0.0
2022-02-18T19:01:01,117,0,180,0.65,0.0
2022-02-18T19:09:19,117,0,180,0.65,0.0
2022-02-18T19:17:30,117,0,180,0.65,0.0
2022-02-18T19:25:40,117,0,180,0.65,0.0
2022-02-18T19:33:51,117,0,180,0.65,0.0
2022-02-18T19:42:01,117,0,180,0.65,0.0
2022-02-18T19:50:12,117,0,180,0.65,0.0
2022-02-18T19:58:22,117,0,180,0.65,0.0
2022-02-18T20:06:33,117,0,180,0.65,0.0
2022-02-18T20:14:43,117,0,180,0.65,0.0
2022-02-18T20:22:54,117,0,180,0.65,0.0
2022-02-18T20:31:04,117,0,180,0.65,0.0
2022-02-18T20:39:14,117,0,180,0.65,0.0
2022-02-18T20:47:25,117,0,180,0.65,0.0
2022-02-18T20:55:35,117,0,180,0.65,0.0
2022-02-18T21:03:46,117,0,180,0.65,0.0
2022-02-18T21:12:06,117,0,180,0.65,0.0
2022-02-18T21:20:16,117,0,180,0.65,0.0
2022-02-18T21:28:27,117,0,180,0.65,0.0
2022-02-18T21:36:37,117,0,180,0.65,0.0
2022-02-18T21:44:48,117,0,180,0.65,0.0
2022-02-18T21:52:58,117,0,180,0.65,0.0
2022-02-18T22:01:08,117,0,180,0.65,0.0
2022-02-18T22:09:19,117,0,180,0.65,0.0
2022-02-18T22:17:30,117,0,180,0.65,0.0
2022-02-18T22:25:40,117,0,180,0.65,0.0
2022-02-18T22:33:51,117,0,180,0.65,0.0
2022-02-18T22:42:01,117,0,180,0.65,0.0
2022-02-18T22:50:12,117,0,180,0.65,0.0
2022-02-18T22:58:31,117,0,180,0.65,0.0
2022-02-18T23:06:42,117,0,180,0.65,0.0
2022-02-18T23:14:52,117,0,180,0.65,0.0
2022-02-18T23:23:03,117,0,180,0.65,0.0
2022-02-18T23:31:13,117,0,180,0.65,0.0
2022-02-18T23:39:24,117,0,180,0.65,0.0
2022-02-18T23:47:34,117,0,180,0.65,0.0
2022-02-18T23:55:44,117,0,180,0.65,0.0
2022-02-19T00:03:55,117,0,180,0.65,0.0
2022-02-19T00:12:06,117,0,180,0.65,0.0
2022-02-19T00:20:19,117,0,180,0.65,0.0
2022-02-19T00:28:29,117,0,180,0.65,0.0
2022-02-19T00:36:41,117,0,180,0.65,0.0
2022-02-19T00:44:52,117,0,180,0.65,0.0
2022-02-19T00:53:02,117,0,180,0.65,0.0
2022-02-19T01:01:23,117,0,180,0.65,0.0
2022-02-19T01:09:33,117,0,180,0.65,0.0
2022-02-19T01:17:44,117,0,180,0.65,0.0
2022-02-19T01:25:55,117,0,180,0.65,0.0
2022-02-19T01:34:06,117,0,180,0.65,0.0
2022-02-19T01:42:17,117,0,180,0.65,0.0
2022-02-19T01:50:27,117,0,180,0.65,0.0
2022-02-19T01:58:38,117,0,180,0.65,0.0
2022-02-19T02:06:49,117,0,180,0.65,0.0
2022-02-19T02:14:59,117,0,180,0.65,0.0
2022-02-19T02:23:09,117,0,180,0.65,0.0
2022-02-19T02:31:20,117,0,180,0.65,0.0
2022-02-19T02:39:30,117,0,180,0.65,0.0
2022-02-19T02:47:40,117,0,180,0.65,0.0
2022-02-19T02:55:51,117,0,180,0.65,0.0
2022-02-19T03:04:01,117,0,180,0.65,0.0
2022-02-19T03:12:12,117,0,180,0.65,0.0
2022-02-19T03:20:23,117,0,180,0.65,0.0
2022-02-19T03:28:34,117,0,180,0.65,0.0
2022-02-19T03:36:45,117,0,180,0.65,0.0
2022-02-19T03:44:56,117,0,180,0.65,0.0
2022-02-19T03:53:06,117,0,180,0.65,0.0
2022-02-19T04:01:17,117,0,180,0.65,0.0
2022-02-19T04:09:28,117,0,180,0.65,0.0
2022-02-19T04:20:43,117,0,180,0.65,0.0
2022-02-19T04:29:14,117,0,180,0.65,0.0
2022-02-19T04:37:25,117,0,180,0.65,0.0
2022-02-19T04:45:36,117,0,180,0.65,0.0
2022-02-19T04:53:47,117,0,180,0.65,0.0
2022-02-19T05:01:58,117,0,180,0.65,0.0
2022-02-19T05:10:09,117,0,180,0.65,0.0
2022-02-19T05:18:20,117,0,180,0.65,0.0
2022-02-19T05:26:32,117,0,180,0.65,0.0
2022-02-19T05:34:43,117,0,180,0.65,0.0
2022-02-19T05:42:54,117,0,180,0.65,0.0
2022-02-19T05:51:05,117,0,180,0.65,0.0
2022-02-19T05:59:19,117,0,180,0.65,0.0
2022-02-19T06:07:30,117,0,180,0.65,0.0
2022-02-19T06:15:40,117,0,180,0.65,0.0
2022-02-19T06:23:51,117,0,180,0.65,0.0
2022-02-19T06:32:02,117,0,180,0.65,0.0
2022-02-19T06:40:21,117,0,180,0.65,0.0
2022-02-19T06:48:32,117,0,180,0.65,0.0
2022-02-19T06:56:43,117,0,180,0.65,0.0
2022-02-19T07:04:54,117,0,180,0.65,0.0
2022-02-19T07:13:05,117,0,180,0.65,0.0
2022-02-19T07:21:16,117,0,180,0.65,0.0
2022-02-19T07:29:27,117,0,180,0.65,0.0
2022-02-19T07:37:37,117,0,180,0.65,0.0
2022-02-19T07:45:48,117,0,180,0.65,0.0
2022-02-19T07:53:59,117,0,180,0.65,0.0
2022-02-19T08:02:09,117,0,180,0.65,0.0
2022-02-19T08:10:20,117,0,180,0.65,0.0
2022-02-19T08:18:39,117,0,180,0.65,0.0
2022-02-19T08:26:50,117,0,180,0.65,0.0
2022-02-19T08:35:01,117,0,180,0.65,0.0
2022-02-19T08:43:11,117,0,180,0.65,0.0
2022-02-19T08:51:22,117,0,180,0.65,0.0
2022-02-19T08:59:32,117,0,180,0.65,0.0
2022-02-19T09:07:43,117,0,180,0.65,0.0
2022-02-19T09:15:53,117,0,180,0.65,0.0
2022-02-19T09:24:04,117,0,180,0.65,0.0
2022-02-19T09:32:14,117,0,180,0.65,0.0
2022-02-19T09:40:24,117,0,180,0.65,0.0
2022-02-19T09:48:35,117,0,180,0.65,0.0
2022-02-19T09:56:45,117,0,180,0.65,0.0
2022-02-19T10:04:56,117,0,180,0.65,0.0
2022-02-19T10:13:15,117,0,180,0.65,0.0
2022-02-19T10:21:26,117,0,180,0.65,0.0
2022-02-19T10:29:36,117,0,180,0.65,0.0
2022-02-19T10:37:47,117,0,180,0.65,0.0
2022-02-19T10:45:57,117,0,180,0.65,0.0
2022-02-19T10:54:07,117,0,180,0.65,0.0
2022-02-19T11:02:18,117,0,180,0.65,0.0
2022-02-19T11:10:28,117,0,180,0.65,0.0
2022-02-19T11:18:39,117,0,180,0.65,0.0
2022-02-19T11:26:50,117,0,180,0.65,0.0
2022-02-19T11:35:00,117,0,180,0.65,0.0
2022-02-19T11:43:10,117,0,180,0.65,0.0
2022-02-19T11:51:21,117,0,180,0.65,0.0
2022-02-19T11:59:31,117,0,180,0.65,0.0
2022-02-19T12:07:42,117,0,180,0.65,0.0
2022-02-19T12:15:52,117,0,180,0.65,0.0
2022-02-19T12:24:03,117,0,180,0.65,0.0
2022-02-19T12:32:22,117,0,180,0.65,0.0
2022-02-19T12:40:32,117,0,180,0.65,0.0
2022-02-19T12:48:43,117,0,180,0.65,0.0
2022-02-19T12:56:53,117,0,180,0.65,0.0
2022-02-19T13:05:04,117,0,180,0.65,0.0
2022-02-19T13:13:14,117,0,180,0.65,0.0
2022-02-19T13:21:25,117,0,180,0.65,0.0
2022-02-19T13:29:35,117,0,180,0.65,0.0
2022-02-19T13:37:45,117,0,180,0.65,0.0
2022-02-19T13:45:58,117,0,180,0.65,0.0
2022-02-19T13:54:08,117,0,180,0.65,0.0
2022-02-19T14:02:29,117,0,180,0.65,0.0
2022-02-19T14:10:40,117,0,180,0.65,0.0
2022-02-19T14:18:50,117,0,180,0.65,0.0
2022-02-19T14:27:01,117,0,180,0.65,0.0
2022-02-19T14:35:11,117,0,180,0.65,0.0
2022-02-19T14:43:21,117,0,180,0.65,0.0
2022-02-19T14:51:32,117,0,180,0.65,0.0
2022-02-19T14:59:42,117,0,180,0.65,0.0
2022-02-19T15:07:53,117,0,180,0.65,0.0
2022-02-19T15:16:03,117,0,180,0.65,0.0
2022-02-19T15:24:13,117,0,180,0.65,0.0
2022-02-19T15:32:24,117,0,180,0.65,0.0
2022-02-19T15:40:34,117,0,180,0.65,0.0
2022-02-19T15:48:45,117,0,180,0.65,0.0
2022-02-19T15:56:55,117,0,180,0.65,0.0
2022-02-19T16:05:06,117,0,180,0.65,0.0
2022-02-19T16:13:26,117,0,180,0.65,0.0
2022-02-19T16:21:36,117,0,180,0.65,0.0
2022-02-19T16:29:47,117,0,180,0.65,0.0
2022-02-19T16:37:57,117,0,180,0.65,0.0
2022-02-19T16:46:08,117,0,180,0.65,0.0
2022-02-19T16:54:18,117,0,180,0.65,0.0
2022-02-19T17:02:29,117,0,180,0.65,0.0
2022-02-19T17:10:39,117,0,180,0.65,0.0
2022-02-19T17:18:50,117,0,180,0.65,0.0
2022-02-19T17:27:00,117,0,180,0.65,0.0
2022-02-19T17:35:10,117,0,180,0.65,0.0
2022-02-19T17:43:21,117,0,180,0.65,0.0
2022-02-19T17:51:31,117,0,180,0.65,0.0
2022-02-19T17:59:42,117,0,180,0.65,0.0
2022-02-19T18:07:52,117,0,180,0.65,0.0
2022-02-19T18:16:03,117,0,180,0.65,0.0
2022-02-19T18:24:22,117,0,180,0.65,0.0
2022-02-19T18:32:33,117,0,180,0.65,0.0
2022-02-19T18:40:43,117,0,180,0.65,0.0
2022-02-19T18:48:54,117,0,180,0.65,0.0
2022-02-19T18:57:04,117,0,180,0.65,0.0
2022-02-19T19:05:15,117,0,180,0.65,0.0
2022-02-19T19:13:25,117,0,180,0.65,0.0
2022-02-19T19:21:43,117,0,180,0.65,0.0
2022-02-19T19:29:53,117,0,180,0.65,0.0
2022-02-19T19:38:04,117,0,180,0.65,0.0
2022-02-19T19:46:14,117,0,180,0.65,0.0
2022-02-19T19:54:24,117,0,180,0.65,0.0
2022-02-19T20:02:35,117,0,180,0.65,0.0
2022-02-19T20:10:46,117,0,180,0.65,0.0
2022-02-19T20:18:56,117,0,180,0.65,0.0
2022-02-19T20:27:06,117,0,180,0.65,0.0
2022-02-19T20:35:17,117,0,180,0.65,0.0
2022-02-19T20:43:27,117,0,180,0.65,0.0
2022-02-19T20:51:38,117,0,180,0.65,0.0
2022-02-19T20:59:48,117,0,180,0.65,0.0
2022-02-19T21:08:07,117,0,180,0.65,0.0
2022-02-19T21:16:18,117,0,180,0.65,0.0
2022-02-19T21:24:28,117,0,180,0.65,0.0
2022-02-19T21:32:39,117,0,180,0.65,0.0
2022-02-19T21:40:49,117,0,180,0.65,0.0
2022-02-19T21:49:00,117,0,180,0.65,0.0
2022-02-19T21:57:10,117,0,180,0.65,0.0
2022-02-19T22:05:21,117,0,180,0.65,0.0
2022-02-19T22:13:31,117,0,180,0.65,0.0
2022-02-19T22:21:42,117,0,180,0.65,0.0
2022-02-19T22:29:52,117,0,180,0.65,0.0
2022-02-19T22:38:03,117,0,180,0.65,0.0
2022-02-19T22:46:13,117,0,180,0.65,0.0
2022-02-19T22:54:24,117,0,180,0.65,0.0
2022-02-19T23:02:34,117,0,180,0.65,0.0
2022-02-19T23:10:45,117,0,180,0.65,0.0
2022-02-19T23:19:05,117,0,180,0.65,0.0
2022-02-19T23:27:15,117,0,180,0.65,0.0
2022-02-19T23:35:25,117,0,180,0.65,0.0
2022-02-19T23:43:36,117,0,180,0.65,0.0
2022-02-19T23:51:46,117,0,180,0.65,0.0
2022-02-19T23:59:57,117,0,180,0.65,0.0
2022-02-20T00:08:07,117,0,180,0.65,0.0
2022-02-20T00:16:18,117,0,180,0.65,0.0
2022-02-20T00:24:29,117,0,180,0.65,0.0
2022-02-20T00:32:39,117,0,180,0.65,0.0
2022-02-20T00:40:50,117,0,180,0.65,0.0
2022-02-20T01:05:17,117,0,180,0.65,0.0
2022-02-20T01:13:28,117,0,180,0.65,0.0
2022-02-20T01:21:38,117,0,180,0.65,0.0
2022-02-20T01:29:49,117,0,180,0.65,0.0
2022-02-20T01:37:59,117,0,180,0.65,0.0
2022-02-20T01:46:10,117,0,180,0.65,0.0
2022-02-20T01:54:21,117,0,180,0.65,0.0
2022-02-20T02:02:32,117,0,180,0.65,0.0
2022-02-20T02:10:59,117,0,180,0.65,0.0
2022-02-20T02:19:09,117,0,180,0.65,0.0
2022-02-20T02:27:20,117,0,180,0.65,0.0
2022-02-20T02:35:38,117,0,180,0.65,0.0
2022-02-20T02:43:49,117,0,180,0.65,0.0
2022-02-20T02:52:00,117,0,180,0.65,0.0
2022-02-20T03:00:10,117,0,180,0.65,0.0
2022-02-20T03:08:21,117,0,180,0.65,0.0
2022-02-20T03:16:31,117,0,180,0.65,0.0
2022-02-20T03:24:42,117,0,180,0.65,0.0
2022-02-20T03:32:53,117,0,180,0.65,0.0
2022-02-20T03:41:03,117,0,180,0.65,0.0
2022-02-20T03:49:14,117,0,180,0.65,0.0
2022-02-20T03:57:25,117,0,180,0.65,0.0
2022-02-20T04:05:36,117,0,180,0.65,0.0
2022-02-20T04:13:47,117,0,180,0.65,0.0
2022-02-20T04:32:07,117,0,180,0.65,0.0
2022-02-20T04:41:12,117,0,180,0.65,0.0
2022-02-20T04:49:23,117,0,180,0.65,0.0
2022-02-20T04:57:34,117,0,180,0.65,0.0
2022-02-20T05:05:45,117,0,180,0.65,0.0
2022-02-20T05:13:56,117,0,180,0.65,0.0
2022-02-20T05:22:07,117,0,180,0.65,0.0
2022-02-20T05:30:18,117,0,180,0.65,0.0
2022-02-20T05:38:29,117,0,180,0.65,0.0
2022-02-20T05:46:40,117,0,180,0.65,0.0
2022-02-20T05:54:51,117,0,180,0.65,0.0
2022-02-20T06:03:02,117,0,180,0.65,0.0
2022-02-20T06:11:13,117,0,180,0.65,0.0
2022-02-20T06:19:23,117,0,180,0.65,0.0
2022-02-20T06:27:34,117,0,180,0.65,0.0
2022-02-20T06:35:45,117,0,180,0.65,0.0
2022-02-20T06:43:55,117,0,180,0.65,0.0
2022-02-20T06:52:12,117,0,180,0.65,0.0
2022-02-20T07:00:23,117,0,180,0.65,0.0
2022-02-20T07:08:33,117,0,180,0.65,0.0
2022-02-20T07:16:44,117,0,180,0.65,0.0
2022-02-20T07:24:54,117,0,180,0.65,0.0
2022-02-20T07:33:05,117,0,180,0.65,0.0
2022-02-20T07:41:17,117,0,180,0.65,0.0
2022-02-20T07:49:28,117,0,180,0.65,0.0
2022-02-20T07:57:40,117,0,180,0.65,0.0
2022-02-20T08:05:51,117,0,180,0.65,0.0
2022-02-20T08:14:02,117,0,180,0.65,0.0
2022-02-20T08:22:14,117,0,180,0.65,0.0
2022-02-20T08:30:26,117,0,180,0.65,0.0
2022-02-20T08:38:37,117,0,180,0.65,0.0
2022-02-20T08:46:49,117,0,180,0.65,0.0
2022-02-20T08:55:00,117,0,180,0.65,0.0
2022-02-20T09:03:11,117,0,180,0.65,0.0
2022-02-20T09:11:22,117,0,180,0.65,0.0
2022-02-20T09:19:33,117,0,180,0.65,0.0
2022-02-20T09:27:44,117,0,180,0.65,0.0
2022-02-20T09:35:55,117,0,180,0.65,0.0
2022-02-20T09:44:14,117,0,180,0.65,0.0
2022-02-20T09:52:25,117,0,180,0.65,0.0
2022-02-20T10:00:35,117,0,180,0.65,0.0
2022-02-20T10:08:45,117,0,180,0.65,0.0
2022-02-20T10:16:56,117,0,180,0.65,0.0
2022-02-20T10:25:06,117,0,180,0.65,0.0
2022-02-20T10:33:17,117,0,180,0.65,0.0
2022-02-20T10:41:27,117,0,180,0.65,0.0
2022-02-20T10:49:37,117,0,180,0.65,0.0
2022-02-20T10:57:48,117,0,180,0.65,0.0
2022-02-20T11:05:59,117,0,180,0.65,0.0
2022-02-20T11:14:09,117,0,180,0.65,0.0
2022-02-20T11:22:19,117,0,180,0.65,0.0
2022-02-20T11:30:30,117,0,180,0.65,0.0
2022-02-20T11:38:49,117,0,180,0.65,0.0
2022-02-20T11:46:59,117,0,180,0.65,0.0
2022-02-20T11:55:10,117,0,180,0.65,0.0
2022-02-20T12:03:21,117,0,180,0.65,0.0
2022-02-20T12:11:31,117,0,180,0.65,0.0
2022-02-20T12:19:42,117,0,180,0.65,0.0
2022-02-20T12:27:52,117,0,180,0.65,0.0
2022-02-20T12:36:03,117,0,180,0.65,0.0
2022-02-20T12:44:13,117,0,180,0.65,0.0
2022-02-20T12:52:24,117,0,180,0.65,0.0
2022-02-20T13:00:34,117,0,180,0.65,0.0
2022-02-20T13:08:45,117,0,180,0.65,0.0
2022-02-20T13:17:07,117,0,180,0.65,0.0
2022-02-20T13:25:17,117,0,180,0.65,0.0
2022-02-20T13:33:28,117,0,180,0.65,0.0
2022-02-20T13:41:38,117,0,180,0.65,0.0
2022-02-20T13:49:48,117,0,180,0.65,0.0
2022-02-20T13:57:59,117,0,180,0.65,0.0
2022-02-20T14:06:09,117,0,180,0.65,0.0
2022-02-20T14:14:20,117,0,180,0.65,0.0
2022-02-20T14:22:30,117,0,180,0.65,0.0
2022-02-20T14:30:41,117,0,180,0.65,0.0
2022-02-20T14:38:51,117,0,180,0.65,0.0
2022-02-20T14:47:03,117,0,180,0.65,0.0
2022-02-20T14:55:13,117,0,180,0.65,0.0
2022-02-20T15:03:24,117,0,180,0.65,0.0
2022-02-20T15:11:44,117,0,180,0.65,0.0
2022-02-20T15:19:55,117,0,180,0.65,0.0
2022-02-20T15:28:05,117,0,180,0.65,0.0
2022-02-20T15:36:15,117,0,180,0.65,0.0
2022-02-20T15:44:26,117,0,180,0.65,0.0
2022-02-20T15:52:36,117,0,180,0.65,0.0
2022-02-20T16:00:47,117,0,180,0.65,0.0
2022-02-20T16:08:57,117,0,180,0.65,0.0
2022-02-20T16:17:08,117,0,180,0.65,0.0
2022-02-20T16:25:18,117,0,180,0.65,0.0
2022-02-20T16:33:38,117,0,180,0.65,0.0
2022-02-20T16:41:49,117,0,180,0.65,0.0
2022-02-20T16:49:59,117,0,180,0.65,0.0
2022-02-20T16:58:10,117,0,180,0.65,0.0
2022-02-20T17:06:20,117,0,180,0.65,0.0
2022-02-20T17:14:30,117,0,180,0.65,0.0
2022-02-20T17:22:41,117,0,180,0.65,0.0
2022-02-20T17:30:51,117,0,180,0.65,0.0
2022-02-20T17:39:02,117,0,180,0.65,0.0
2022-02-20T17:47:12,117,0,180,0.65,0.0
2022-02-20T17:55:32,117,0,180,0.65,0.0
2022-02-20T18:03:42,117,0,180,0.65,0.0
2022-02-20T18:11:53,117,0,180,0.65,0.0
2022-02-20T18:20:04,117,0,180,0.65,0.0
2022-02-20T18:28:14,117,0,180,0.65,0.0
2022-02-20T18:36:25,117,0,180,0.65,0.0
2022-02-20T18:44:35,117,0,180,0.65,0.0
2022-02-20T18:52:46,117,0,180,0.65,0.0
2022-02-20T19:00:56,117,0,180,0.65,0.0
2022-02-20T19:09:07,117,0,180,0.65,0.0
2022-02-20T19:17:17,117,0,180,0.65,0.0
2022-02-20T19:25:28,117,0,180,0.65,0.0
2022-02-20T19:33:48,117,0,180,0.65,0.0
2022-02-20T19:41:59,117,0,180,0.65,0.0
2022-02-20T19:50:09,117,0,180,0.65,0.0
2022-02-20T19:58:20,117,0,180,0.65,0.0
2022-02-20T20:06:30,117,0,180,0.65,0.0
2022-02-20T20:14:41,117,0,180,0.65,0.0
2022-02-20T20:22:51,117,0,180,0.65,0.0
2022-02-20T20:31:02,117,0,180,0.65,0.0
2022-02-20T20:39:12,117,0,180,0.65,0.0
2022-02-20T20:47:23,117,0,180,0.65,0.0
2022-02-20T20:55:33,117,0,180,0.65,0.0
2022-02-20T21:03:52,117,0,180,0.65,0.0
2022-02-20T21:12:02,117,0,180,0.65,0.0
2022-02-20T21:20:13,117,0,180,0.65,0.0
2022-02-20T21:28:24,117,0,180,0.65,0.0
2022-02-20T21:36:34,117,0,180,0.65,0.0
2022-02-20T21:44:45,117,0,180,0.65,0.0
2022-02-20T21:52:55,117,0,180,0.65,0.0
2022-02-20T22:01:05,117,0,180,0.65,0.0
2022-02-20T22:09:16,117,0,180,0.65,0.0
2022-02-20T22:17:27,117,0,180,0.65,0.0
2022-02-20T22:25:37,117,0,180,0.65,0.0
2022-02-20T22:33:48,117,0,180,0.65,0.0
2022-02-20T22:41:58,117,0,180,0.65,0.0
2022-02-20T22:50:18,117,0,180,0.65,0.0
2022-02-20T22:58:29,117,0,180,0.65,0.0
2022-02-20T23:06:39,117,0,180,0.65,0.0
2022-02-20T23:14:50,117,0,180,0.65,0.0
2022-02-20T23:23:00,117,0,180,0.65,0.0
2022-02-20T23:31:11,117,0,180,0.65,0.0
2022-02-20T23:39:21,117,0,180,0.65,0.0
2022-02-20T23:47:32,117,0,180,0.65,0.0
2022-02-20T23:55:42,117,0,180,0.65,0.0
2022-02-21T00:04:02,117,0,180,0.65,0.0
2022-02-21T00:12:13,117,0,180,0.65,0.0
2022-02-21T00:20:33,117,0,180,0.65,0.0
2022-02-21T00:28:43,117,0,180,0.65,0.0
2022-02-21T00:36:54,117,0,180,0.65,0.0
2022-02-21T00:45:04,117,0,180,0.65,0.0
2022-02-21T00:53:15,117,0,180,0.65,0.0
2022-02-21T01:01:25,117,0,180,0.65,0.0
2022-02-21T01:09:37,117,0,180,0.65,0.0
2022-02-21T01:17:48,117,0,180,0.65,0.0
2022-02-21T01:25:59,117,0,180,0.65,0.0
2022-02-21T01:34:10,117,0,180,0.65,0.0
2022-02-21T01:42:21,117,0,180,0.65,0.0
2022-02-21T01:50:31,117,0,180,0.65,0.0
2022-02-21T01:58:42,117,0,180,0.65,0.0
2022-02-21T02:07:01,117,0,180,0.65,0.0
2022-02-21T02:15:12,117,0,180,0.65,0.0
2022-02-21T02:23:23,117,0,180,0.65,0.0
2022-02-21T02:31:33,117,0,180,0.65,0.0
2022-02-21T02:39:44,117,0,180,0.65,0.0
2022-02-21T02:47:54,117,0,180,0.65,0.0
2022-02-21T02:56:05,117,0,180,0.65,0.0
2022-02-21T03:04:15,117,0,180,0.65,0.0
2022-02-21T03:12:26,117,0,180,0.65,0.0
2022-02-21T03:20:36,117,0,180,0.65,0.0
2022-02-21T03:28:47,117,0,180,0.65,0.0
2022-02-21T03:36:58,117,0,180,0.65,0.0
2022-02-21T03:45:08,117,0,180,0.65,0.0
2022-02-21T03:53:19,117,0,180,0.65,0.0
2022-02-21T04:01:30,117,0,180,0.65,0.0
2022-02-21T04:09:41,117,0,180,0.65,0.0
2022-02-21T04:23:11,117,0,180,0.65,0.0
2022-02-21T04:32:29,117,0,180,0.65,0.0
2022-02-21T04:40:57,117,0,180,0.65,0.0
2022-02-21T04:49:09,117,0,180,0.65,0.0
2022-02-21T04:57:19,117,0,180,0.65,0.0
2022-02-21T05:05:31,117,0,180,0.65,0.0
2022-02-21T05:13:42,117,0,180,0.65,0.0
2022-02-21T05:21:53,117,0,180,0.65,0.0
2022-02-21T05:30:04,117,0,180,0.65,0.0
2022-02-21T05:38:15,117,0,180,0.65,0.0
2022-02-21T05:46:25,117,0,180,0.65,0.0
2022-02-21T05:54:36,117,0,180,0.65,0.0
2022-02-21T06:02:47,117,0,180,0.65,0.0
2022-02-21T06:10:58,117,0,180,0.65,0.0
2022-02-21T06:19:09,117,0,180,0.65,0.0
2022-02-21T06:27:20,117,0,180,0.65,0.0
2022-02-21T06:35:30,117,0,180,0.65,0.0
2022-02-21T06:43:41,117,0,180,0.65,0.0
2022-02-21T06:51:52,117,0,180,0.65,0.0
2022-02-21T07:00:02,117,0,180,0.65,0.0
2022-02-21T07:08:13,117,0,180,0.65,0.0
2022-02-21T07:16:23,117,0,180,0.65,0.0
2022-02-21T07:24:33,117,0,180,0.65,0.0
2022-02-21T07:32:44,117,0,180,0.65,0.0
2022-02-21T07:40:54,117,0,180,0.65,0.0
2022-02-21T07:49:05,117,0,180,0.65,0.0
2022-02-21T07:57:15,117,0,180,0.65,0.0
2022-02-21T08:05:36,117,0,180,0.65,0.0
2022-02-21T08:13:46,117,0,180,0.65,0.0
2022-02-21T08:21:57,117,0,180,0.65,0.0
2022-02-21T08:30:07,117,0,180,0.65,0.0
2022-02-21T08:38:18,117,0,180,0.65,0.0
2022-02-21T08:46:28,117,0,180,0.65,0.0
2022-02-21T08:54:39,116,0,180,0.6444444444444445,0.0
2022-02-21T09:02:49,116,0,180,0.6444444444444445,0.0
2022-02-21T09:11:00,116,0,180,0.6444444444444445,0.0
2022-02-21T09:19:10,116,0,180,0.6444444444444445,0.0
2022-02-21T09:27:20,116,0,180,0.6444444444444445,0.0
2022-02-21T09:35:31,116,0,180,0.6444444444444445,0.0
2022-02-21T09:43:42,116,0,180,0.6444444444444445,0.0
2022-02-21T09:51:52,116,0,180,0.6444444444444445,0.0
2022-02-21T10:00:02,116,0,180,0.6444444444444445,0.0
2022-02-21T10:08:13,116,0,180,0.6444444444444445,0.0
2022-02-21T10:16:33,116,0,180,0.6444444444444445,0.0
2022-02-21T10:24:43,116,0,180,0.6444444444444445,0.0
2022-02-21T10:32:54,116,0,180,0.6444444444444445,0.0
2022-02-21T10:41:04,116,0,180,0.6444444444444445,0.0
2022-02-21T10:49:15,116,0,180,0.6444444444444445,0.0
2022-02-21T10:57:25,116,0,180,0.6444444444444445,0.0
2022-02-21T11:05:36,116,0,180,0.6444444444444445,0.0
2022-02-21T11:13:46,116,0,180,0.6444444444444445,0.0
2022-02-21T11:21:57,116,0,180,0.6444444444444445,0.0
2022-02-21T11:30:08,116,0,180,0.6444444444444445,0.0
2022-02-21T11:38:18,115,0,180,0.6388888888888888,0.0
2022-02-21T11:46:29,115,0,180,0.6388888888888888,0.0
2022-02-21T11:55:01,115,0,180,0.6388888888888888,0.0
2022-02-21T12:03:11,115,0,180,0.6388888888888888,0.0
2022-02-21T12:11:22,115,0,180,0.6388888888888888,0.0
2022-02-21T12:19:32,115,0,180,0.6388888888888888,0.0
2022-02-21T12:27:43,115,0,180,0.6388888888888888,0.0
2022-02-21T12:35:54,115,0,180,0.6388888888888888,0.0
2022-02-21T12:44:04,115,0,180,0.6388888888888888,0.0
2022-02-21T12:52:14,114,0,180,0.6333333333333333,0.0
2022-02-21T13:00:25,114,0,180,0.6333333333333333,0.0
2022-02-21T13:08:44,114,0,180,0.6333333333333333,0.0
2022-02-21T13:16:55,114,0,180,0.6333333333333333,0.0
2022-02-21T13:25:06,114,0,180,0.6333333333333333,0.0
2022-02-21T13:33:16,114,0,180,0.6333333333333333,0.0
2022-02-21T13:41:27,114,0,180,0.6333333333333333,0.0
2022-02-21T13:49:37,114,0,180,0.6333333333333333,0.0
2022-02-21T13:57:48,114,0,180,0.6333333333333333,0.0
2022-02-21T14:05:59,114,0,180,0.6333333333333333,0.0
2022-02-21T14:14:18,114,0,180,0.6333333333333333,0.0
2022-02-21T14:22:29,114,0,180,0.6333333333333333,0.0
2022-02-21T14:30:39,114,0,180,0.6333333333333333,0.0
2022-02-21T14:38:50,114,0,180,0.6333333333333333,0.0
2022-02-21T14:47:00,114,0,180,0.6333333333333333,0.0
2022-02-21T14:55:11,114,0,180,0.6333333333333333,0.0
2022-02-21T15:03:21,114,0,180,0.6333333333333333,0.0
2022-02-21T15:11:49,114,0,180,0.6333333333333333,0.0
2022-02-21T15:19:59,114,0,180,0.6333333333333333,0.0
2022-02-21T15:28:10,114,0,180,0.6333333333333333,0.0
2022-02-21T15:36:20,114,0,180,0.6333333333333333,0.0
2022-02-21T15:44:31,114,0,180,0.6333333333333333,0.0
2022-02-21T15:52:41,114,0,180,0.6333333333333333,0.0
2022-02-21T16:00:51,114,0,180,0.6333333333333333,0.0
2022-02-21T16:09:10,114,0,180,0.6333333333333333,0.0
2022-02-21T16:17:21,114,0,180,0.6333333333333333,0.0
2022-02-21T16:25:31,114,0,180,0.6333333333333333,0.0
2022-02-21T16:33:42,114,0,180,0.6333333333333333,0.0
2022-02-21T16:41:52,114,0,180,0.6333333333333333,0.0
2022-02-21T16:50:03,114,0,180,0.6333333333333333,0.0
2022-02-21T16:58:13,114,0,180,0.6333333333333333,0.0
2022-02-21T17:06:41,114,0,180,0.6333333333333333,0.0
2022-02-21T17:14:51,114,0,180,0.6333333333333333,0.0
2022-02-21T17:23:02,114,0,180,0.6333333333333333,0.0
2022-02-21T17:31:13,114,0,180,0.6333333333333333,0.0
2022-02-21T17:39:23,114,0,180,0.6333333333333333,0.0
2022-02-21T17:47:34,113,0,180,0.6277777777777778,0.0
2022-02-21T17:55:44,113,0,180,0.6277777777777778,0.0
2022-02-21T18:03:55,113,0,180,0.6277777777777778,0.0
2022-02-21T18:12:15,113,0,180,0.6277777777777778,0.0
2022-02-21T18:20:25,113,0,180,0.6277777777777778,0.0
2022-02-21T18:28:36,113,0,180,0.6277777777777778,0.0
2022-02-21T18:36:46,113,0,180,0.6277777777777778,0.0
2022-02-21T18:44:57,113,0,180,0.6277777777777778,0.0
2022-02-21T18:53:07,113,0,180,0.6277777777777778,0.0
2022-02-21T19:01:36,113,0,180,0.6277777777777778,0.0
2022-02-21T19:09:46,113,0,180,0.6277777777777778,0.0
2022-02-21T19:17:57,113,0,180,0.6277777777777778,0.0
2022-02-21T19:26:07,113,0,180,0.6277777777777778,0.0
2022-02-21T19:34:18,113,0,180,0.6277777777777778,0.0
2022-02-21T19:42:28,113,0,180,0.6277777777777778,0.0
2022-02-21T19:50:47,112,0,180,0.6222222222222222,0.0
2022-02-21T19:58:58,111,0,180,0.6166666666666667,0.0
2022-02-21T20:07:08,111,0,180,0.6166666666666667,0.0
2022-02-21T20:15:19,111,0,180,0.6166666666666667,0.0
2022-02-21T20:23:29,111,0,180,0.6166666666666667,0.0
2022-02-21T20:31:40,111,0,180,0.6166666666666667,0.0
2022-02-21T20:39:50,111,0,180,0.6166666666666667,0.0
2022-02-21T20:48:19,111,0,180,0.6166666666666667,0.0
2022-02-21T20:56:30,111,0,180,0.6166666666666667,0.0
2022-02-21T21:04:40,111,0,180,0.6166666666666667,0.0
2022-02-21T21:12:51,111,0,180,0.6166666666666667,0.0
2022-02-21T21:21:01,111,0,180,0.6166666666666667,0.0
2022-02-21T21:29:12,111,0,180,0.6166666666666667,0.0
2022-02-21T21:37:22,111,0,180,0.6166666666666667,0.0
2022-02-21T21:45:33,111,0,180,0.6166666666666667,0.0
2022-02-21T21:53:43,111,0,180,0.6166666666666667,0.0
2022-02-21T22:01:54,111,0,180,0.6166666666666667,0.0
2022-02-21T22:10:14,111,0,180,0.6166666666666667,0.0
2022-02-21T22:18:24,111,0,180,0.6166666666666667,0.0
2022-02-21T22:26:35,111,0,180,0.6166666666666667,0.0
2022-02-21T22:34:45,111,0,180,0.6166666666666667,0.0
2022-02-21T22:42:56,110,0,180,0.6111111111111112,0.0
2022-02-21T22:51:06,110,0,180,0.6111111111111112,0.0
2022-02-21T22:59:17,109,0,180,0.6055555555555555,0.0
2022-02-21T23:07:27,109,0,180,0.6055555555555555,0.0
2022-02-21T23:15:38,109,0,180,0.6055555555555555,0.0
2022-02-21T23:23:58,109,0,180,0.6055555555555555,0.0
2022-02-21T23:32:09,109,0,180,0.6055555555555555,0.0
2022-02-21T23:40:20,109,0,180,0.6055555555555555,0.0
2022-02-21T23:48:30,109,0,180,0.6055555555555555,0.0
2022-02-21T23:56:40,109,0,180,0.6055555555555555,0.0
2022-02-22T00:04:51,109,0,180,0.6055555555555555,0.0
2022-02-22T00:13:02,109,0,180,0.6055555555555555,0.0
2022-02-22T00:21:13,109,0,180,0.6055555555555555,0.0
2022-02-22T00:29:23,109,0,180,0.6055555555555555,0.0
2022-02-22T00:37:34,109,0,180,0.6055555555555555,0.0
2022-02-22T00:45:44,109,0,180,0.6055555555555555,0.0
2022-02-22T00:54:05,109,0,180,0.6055555555555555,0.0
2022-02-22T01:02:16,109,0,180,0.6055555555555555,0.0
2022-02-22T01:10:26,109,0,180,0.6055555555555555,0.0
2022-02-22T01:18:37,109,0,180,0.6055555555555555,0.0
2022-02-22T01:26:48,109,0,180,0.6055555555555555,0.0
2022-02-22T01:34:58,109,0,180,0.6055555555555555,0.0
2022-02-22T01:43:09,109,0,180,0.6055555555555555,0.0
2022-02-22T01:51:20,109,0,180,0.6055555555555555,0.0
2022-02-22T01:59:31,109,0,180,0.6055555555555555,0.0
2022-02-22T02:07:41,109,0,180,0.6055555555555555,0.0
2022-02-22T02:15:52,109,0,180,0.6055555555555555,0.0
2022-02-22T02:24:03,109,0,180,0.6055555555555555,0.0
2022-02-22T02:32:13,109,0,180,0.6055555555555555,0.0
2022-02-22T02:40:24,109,0,180,0.6055555555555555,0.0
2022-02-22T02:48:34,109,0,180,0.6055555555555555,0.0
2022-02-22T02:56:45,109,0,180,0.6055555555555555,0.0
2022-02-22T03:04:55,109,0,180,0.6055555555555555,0.0
2022-02-22T03:13:06,109,0,180,0.6055555555555555,0.0
2022-02-22T03:21:16,109,0,180,0.6055555555555555,0.0
2022-02-22T03:29:27,109,0,180,0.6055555555555555,0.0
2022-02-22T03:37:37,109,0,180,0.6055555555555555,0.0
2022-02-22T03:45:48,109,0,180,0.6055555555555555,0.0
2022-02-22T03:54:07,109,0,180,0.6055555555555555,0.0
2022-02-22T04:02:18,109,0,180,0.6055555555555555,0.0
2022-02-22T04:10:29,109,0,180,0.6055555555555555,0.0
2022-02-22T04:23:11,109,0,180,0.6055555555555555,0.0
2022-02-22T04:31:22,109,0,180,0.6055555555555555,0.0
2022-02-22T04:39:33,109,0,180,0.6055555555555555,0.0
2022-02-22T04:49:00,109,0,180,0.6055555555555555,0.0
2022-02-22T04:57:30,109,0,180,0.6055555555555555,0.0
2022-02-22T05:05:41,109,0,180,0.6055555555555555,0.0
2022-02-22T05:13:54,109,0,180,0.6055555555555555,0.0
2022-02-22T05:22:05,109,0,180,0.6055555555555555,0.0
2022-02-22T05:30:16,109,0,180,0.6055555555555555,0.0
2022-02-22T05:38:26,109,0,180,0.6055555555555555,0.0
2022-02-22T05:46:37,109,0,180,0.6055555555555555,0.0
2022-02-22T05:54:48,109,0,180,0.6055555555555555,0.0
2022-02-22T06:02:59,109,0,180,0.6055555555555555,0.0
2022-02-22T06:11:10,109,0,180,0.6055555555555555,0.0
2022-02-22T06:19:21,109,0,180,0.6055555555555555,0.0
2022-02-22T06:27:31,109,0,180,0.6055555555555555,0.0
2022-02-22T06:35:42,109,0,180,0.6055555555555555,0.0
2022-02-22T06:43:52,109,0,180,0.6055555555555555,0.0
2022-02-22T06:52:03,109,0,180,0.6055555555555555,0.0
2022-02-22T07:00:14,109,0,180,0.6055555555555555,0.0
2022-02-22T07:08:24,109,0,180,0.6055555555555555,0.0
2022-02-22T07:16:41,109,0,180,0.6055555555555555,0.0
2022-02-22T07:24:51,109,0,180,0.6055555555555555,0.0
2022-02-22T07:33:02,109,0,180,0.6055555555555555,0.0
2022-02-22T07:41:12,109,0,180,0.6055555555555555,0.0
2022-02-22T07:49:23,109,0,180,0.6055555555555555,0.0
2022-02-22T07:57:34,109,0,180,0.6055555555555555,0.0
2022-02-22T08:05:44,109,0,180,0.6055555555555555,0.0
2022-02-22T08:13:55,109,0,180,0.6055555555555555,0.0
2022-02-22T08:22:06,109,0,180,0.6055555555555555,0.0
2022-02-22T08:30:17,109,0,180,0.6055555555555555,0.0
2022-02-22T08:38:28,109,0,180,0.6055555555555555,0.0
2022-02-22T08:46:38,109,0,180,0.6055555555555555,0.0
2022-02-22T08:54:49,109,0,180,0.6055555555555555,0.0
2022-02-22T09:03:00,109,0,180,0.6055555555555555,0.0
2022-02-22T09:11:11,109,0,180,0.6055555555555555,0.0
2022-02-22T09:19:21,109,0,180,0.6055555555555555,0.0
2022-02-22T09:27:32,109,0,180,0.6055555555555555,0.0
2022-02-22T09:35:54,109,0,180,0.6055555555555555,0.0
2022-02-22T09:44:05,108,0,180,0.6,0.0
2022-02-22T09:52:16,108,0,180,0.6,0.0
2022-02-22T10:00:26,108,0,180,0.6,0.0
2022-02-22T10:08:37,108,0,180,0.6,0.0
2022-02-22T10:16:48,108,0,180,0.6,0.0
2022-02-22T10:24:59,108,0,180,0.6,0.0
2022-02-22T10:33:10,108,0,180,0.6,0.0
2022-02-22T10:41:29,108,0,180,0.6,0.0
2022-02-22T10:49:40,108,0,180,0.6,0.0
2022-02-22T10:57:51,108,0,180,0.6,0.0
2022-02-22T11:06:02,107,0,180,0.5944444444444444,0.0
2022-02-22T11:14:12,107,0,180,0.5944444444444444,0.0
2022-02-22T11:22:23,107,0,180,0.5944444444444444,0.0
2022-02-22T11:30:34,107,0,180,0.5944444444444444,0.0
2022-02-22T11:38:55,107,0,180,0.5944444444444444,0.0
2022-02-22T11:47:06,107,0,180,0.5944444444444444,0.0
2022-02-22T11:55:17,107,0,180,0.5944444444444444,0.0
2022-02-22T12:03:30,107,0,180,0.5944444444444444,0.0
2022-02-22T12:11:47,107,0,180,0.5944444444444444,0.0
2022-02-22T12:20:04,107,0,180,0.5944444444444444,0.0
2022-02-22T12:28:21,107,0,180,0.5944444444444444,0.0
2022-02-22T12:36:48,107,0,180,0.5944444444444444,0.0
2022-02-22T12:45:05,107,0,180,0.5944444444444444,0.0
2022-02-22T12:53:22,107,0,180,0.5944444444444444,0.0
2022-02-22T13:01:39,107,0,180,0.5944444444444444,0.0
2022-02-22T13:09:55,107,0,180,0.5944444444444444,0.0
2022-02-22T13:18:12,107,0,180,0.5944444444444444,0.0
2022-02-22T13:26:40,106,0,180,0.5888888888888889,0.0
2022-02-22T13:34:57,106,0,180,0.5888888888888889,0.0
2022-02-22T13:43:14,106,0,180,0.5888888888888889,0.0
2022-02-22T13:51:31,106,0,180,0.5888888888888889,0.0
2022-02-22T13:59:48,105,0,180,0.5833333333333334,0.0
2022-02-22T14:08:05,105,0,180,0.5833333333333334,0.0
2022-02-22T14:16:32,105,0,180,0.5833333333333334,0.0
2022-02-22T14:24:49,105,0,180,0.5833333333333334,0.0
2022-02-22T14:33:06,105,0,180,0.5833333333333334,0.0
2022-02-22T14:41:23,105,0,180,0.5833333333333334,0.0
2022-02-22T14:49:40,104,0,180,0.5777777777777777,0.0
2022-02-22T14:57:57,104,0,180,0.5777777777777777,0.0
2022-02-22T15:06:23,104,0,180,0.5777777777777777,0.0
2022-02-22T15:14:40,104,0,180,0.5777777777777777,0.0
2022-02-22T15:22:56,104,0,180,0.5777777777777777,0.0
2022-02-22T15:31:13,104,0,180,0.5777777777777777,0.0
2022-02-22T15:39:32,104,0,180,0.5777777777777777,0.0
2022-02-22T15:47:48,103,0,180,0.5722222222222222,0.0
2022-02-22T15:56:05,103,0,180,0.5722222222222222,0.0
2022-02-22T16:04:35,103,0,180,0.5722222222222222,0.0
2022-02-22T16:12:52,102,0,180,0.5666666666666667,0.0
2022-02-22T16:21:08,102,0,180,0.5666666666666667,0.0
2022-02-22T16:29:25,102,0,180,0.5666666666666667,0.0
2022-02-22T16:37:42,102,0,180,0.5666666666666667,0.0
2022-02-22T16:45:59,102,0,180,0.5666666666666667,0.0
2022-02-22T16:54:24,102,0,180,0.5666666666666667,0.0
2022-02-22T17:02:41,102,0,180,0.5666666666666667,0.0
2022-02-22T17:10:58,102,0,180,0.5666666666666667,0.0
2022-02-22T17:19:15,102,0,180,0.5666666666666667,0.0
2022-02-22T17:27:31,102,0,180,0.5666666666666667,0.0
2022-02-22T17:35:48,102,0,180,0.5666666666666667,0.0
2022-02-22T17:44:16,102,0,180,0.5666666666666667,0.0
2022-02-22T17:52:32,102,0,180,0.5666666666666667,0.0
2022-02-22T18:00:49,102,0,180,0.5666666666666667,0.0
2022-02-22T18:09:06,102,0,180,0.5666666666666667,0.0
2022-02-22T18:17:22,102,0,180,0.5666666666666667,0.0
2022-02-22T18:25:39,102,0,180,0.5666666666666667,0.0
2022-02-22T18:34:07,101,0,180,0.5611111111111111,0.0
2022-02-22T18:42:23,101,0,180,0.5611111111111111,0.0
2022-02-22T18:50:40,101,0,180,0.5611111111111111,0.0
2022-02-22T18:58:56,101,0,180,0.5611111111111111,0.0
2022-02-22T19:07:13,101,0,180,0.5611111111111111,0.0
2022-02-22T19:15:30,101,0,180,0.5611111111111111,0.0
2022-02-22T19:23:46,101,0,180,0.5611111111111111,0.0
2022-02-22T19:32:13,101,0,180,0.5611111111111111,0.0
2022-02-22T19:40:29,100,0,180,0.5555555555555556,0.0
2022-02-22T19:48:46,100,0,180,0.5555555555555556,0.0
2022-02-22T19:57:03,100,0,180,0.5555555555555556,0.0
2022-02-22T20:05:19,100,0,180,0.5555555555555556,0.0
2022-02-22T20:13:36,100,0,180,0.5555555555555556,0.0
2022-02-22T20:21:52,100,0,180,0.5555555555555556,0.0
2022-02-22T20:30:09,100,0,180,0.5555555555555556,0.0
2022-02-22T20:38:37,100,0,180,0.5555555555555556,0.0
2022-02-22T20:46:54,100,0,180,0.5555555555555556,0.0
2022-02-22T20:55:10,100,0,180,0.5555555555555556,0.0
2022-02-22T21:03:27,100,0,180,0.5555555555555556,0.0
2022-02-22T21:11:43,100,0,180,0.5555555555555556,0.0
2022-02-22T21:20:00,100,0,180,0.5555555555555556,0.0
2022-02-22T21:28:17,100,0,180,0.5555555555555556,0.0
2022-02-22T21:36:44,100,0,180,0.5555555555555556,0.0
2022-02-22T21:45:00,100,0,180,0.5555555555555556,0.0
2022-02-22T21:53:17,100,0,180,0.5555555555555556,0.0
2022-02-22T22:01:33,100,0,180,0.5555555555555556,0.0
2022-02-22T22:09:50,100,0,180,0.5555555555555556,0.0
2022-02-22T22:18:07,100,0,180,0.5555555555555556,0.0
2022-02-22T22:26:23,100,0,180,0.5555555555555556,0.0
2022-02-22T22:34:40,100,0,180,0.5555555555555556,0.0
2022-02-22T22:43:09,100,0,180,0.5555555555555556,0.0
2022-02-22T22:51:25,99,0,180,0.55,0.0
2022-02-22T22:59:42,99,0,180,0.55,0.0
2022-02-22T23:07:59,99,0,180,0.55,0.0
2022-02-22T23:16:15,99,0,180,0.55,0.0
2022-02-22T23:24:32,99,0,180,0.55,0.0
2022-02-22T23:32:49,99,0,180,0.55,0.0
2022-02-22T23:41:05,99,0,180,0.55,0.0
2022-02-22T23:49:22,99,0,180,0.55,0.0
2022-02-22T23:57:48,99,0,180,0.55,0.0
2022-02-23T00:06:05,99,0,180,0.55,0.0
2022-02-23T00:14:25,99,0,180,0.55,0.0
2022-02-23T00:22:42,99,0,180,0.55,0.0
2022-02-23T00:30:59,99,0,180,0.55,0.0
2022-02-23T00:39:16,99,0,180,0.55,0.0
2022-02-23T00:47:33,99,0,180,0.55,0.0
2022-02-23T00:55:50,99,0,180,0.55,0.0
2022-02-23T01:04:07,99,0,180,0.55,0.0
2022-02-23T01:12:24,99,0,180,0.55,0.0
2022-02-23T01:20:40,99,0,180,0.55,0.0
2022-02-23T01:29:06,99,0,180,0.55,0.0
2022-02-23T01:37:23,99,0,180,0.55,0.0
2022-02-23T01:45:40,98,0,180,0.5444444444444444,0.0
2022-02-23T01:53:56,98,0,180,0.5444444444444444,0.0
2022-02-23T02:02:13,98,0,180,0.5444444444444444,0.0
2022-02-23T02:10:30,98,0,180,0.5444444444444444,0.0
2022-02-23T02:18:46,98,0,180,0.5444444444444444,0.0
2022-02-23T02:27:03,98,0,180,0.5444444444444444,0.0
2022-02-23T02:35:21,98,0,180,0.5444444444444444,0.0
2022-02-23T02:43:38,98,0,180,0.5444444444444444,0.0
2022-02-23T02:51:55,98,0,180,0.5444444444444444,0.0
2022-02-23T03:00:11,98,0,180,0.5444444444444444,0.0
2022-02-23T03:08:28,98,0,180,0.5444444444444444,0.0
2022-02-23T03:16:45,98,0,180,0.5444444444444444,0.0
2022-02-23T03:25:02,98,0,180,0.5444444444444444,0.0
2022-02-23T03:33:19,98,0,180,0.5444444444444444,0.0
2022-02-23T03:41:36,98,0,180,0.5444444444444444,0.0
2022-02-23T03:49:52,98,0,180,0.5444444444444444,0.0
2022-02-23T03:58:18,98,0,180,0.5444444444444444,0.0
2022-02-23T04:06:35,98,0,180,0.5444444444444444,0.0
2022-02-23T04:14:52,98,0,180,0.5444444444444444,0.0
2022-02-23T04:28:55,98,0,180,0.5444444444444444,0.0
2022-02-23T04:37:34,98,0,180,0.5444444444444444,0.0
2022-02-23T04:45:51,98,0,180,0.5444444444444444,0.0
2022-02-23T04:54:08,98,0,180,0.5444444444444444,0.0
2022-02-23T05:02:25,98,0,180,0.5444444444444444,0.0
2022-02-23T05:10:42,98,0,180,0.5444444444444444,0.0
2022-02-23T05:18:59,98,0,180,0.5444444444444444,0.0
2022-02-23T05:27:16,98,0,180,0.5444444444444444,0.0
2022-02-23T05:35:34,98,0,180,0.5444444444444444,0.0
2022-02-23T05:45:27,98,0,180,0.5444444444444444,0.0
2022-02-23T05:53:44,98,0,180,0.5444444444444444,0.0
2022-02-23T06:02:01,98,0,180,0.5444444444444444,0.0
2022-02-23T06:10:18,98,0,180,0.5444444444444444,0.0
2022-02-23T06:18:35,98,0,180,0.5444444444444444,0.0
2022-02-23T06:26:52,98,0,180,0.5444444444444444,0.0
2022-02-23T06:35:09,98,0,180,0.5444444444444444,0.0
2022-02-23T06:43:26,98,0,180,0.5444444444444444,0.0
2022-02-23T06:51:42,98,0,180,0.5444444444444444,0.0
2022-02-23T06:59:59,98,0,180,0.5444444444444444,0.0
2022-02-23T07:08:15,98,0,180,0.5444444444444444,0.0
2022-02-23T07:16:32,98,0,180,0.5444444444444444,0.0
2022-02-23T07:24:49,98,0,180,0.5444444444444444,0.0
2022-02-23T07:33:05,98,0,180,0.5444444444444444,0.0
2022-02-23T07:41:22,98,0,180,0.5444444444444444,0.0
2022-02-23T07:49:39,98,0,180,0.5444444444444444,0.0
2022-02-23T07:57:55,98,0,180,0.5444444444444444,0.0
2022-02-23T08:06:21,98,0,180,0.5444444444444444,0.0
2022-02-23T08:14:38,98,0,180,0.5444444444444444,0.0
2022-02-23T08:22:54,98,0,180,0.5444444444444444,0.0
2022-02-23T08:31:11,98,0,180,0.5444444444444444,0.0
2022-02-23T08:39:28,97,0,180,0.5388888888888889,0.0
2022-02-23T08:47:45,97,0,180,0.5388888888888889,0.0
2022-02-23T08:56:03,97,0,180,0.5388888888888889,0.0
2022-02-23T09:04:19,95,0,180,0.5277777777777778,0.0
2022-02-23T09:12:37,96,0,180,0.5333333333333333,0.0
2022-02-23T09:20:54,96,0,180,0.5333333333333333,0.0
2022-02-23T09:29:11,96,0,180,0.5333333333333333,0.0
2022-02-23T09:37:38,96,0,180,0.5333333333333333,0.0
2022-02-23T09:45:56,96,0,180,0.5333333333333333,0.0
2022-02-23T09:54:13,96,0,180,0.5333333333333333,0.0
2022-02-23T10:02:30,96,0,180,0.5333333333333333,0.0
2022-02-23T10:10:47,95,0,180,0.5277777777777778,0.0
2022-02-23T10:19:05,95,0,180,0.5277777777777778,0.0
2022-02-23T10:27:23,95,0,180,0.5277777777777778,0.0
2022-02-23T10:35:50,95,0,180,0.5277777777777778,0.0
2022-02-23T10:44:08,95,0,180,0.5277777777777778,0.0
2022-02-23T10:52:26,95,0,180,0.5277777777777778,0.0
2022-02-23T11:00:44,95,0,180,0.5277777777777778,0.0
2022-02-23T11:09:02,95,0,180,0.5277777777777778,0.0
2022-02-23T11:17:20,95,0,180,0.5277777777777778,0.0
2022-02-23T11:25:49,95,0,180,0.5277777777777778,0.0
2022-02-23T11:34:07,95,0,180,0.5277777777777778,0.0
2022-02-23T11:42:24,95,0,180,0.5277777777777778,0.0
2022-02-23T11:50:42,95,0,180,0.5277777777777778,0.0
2022-02-23T11:58:59,94,0,180,0.5222222222222223,0.0
2022-02-23T12:07:27,94,0,180,0.5222222222222223,0.0
2022-02-23T12:15:44,94,0,180,0.5222222222222223,0.0
2022-02-23T12:24:00,93,0,180,0.5166666666666667,0.0
2022-02-23T12:32:17,92,0,180,0.5111111111111111,0.0
2022-02-23T12:40:34,92,0,180,0.5111111111111111,0.0
2022-02-23T12:48:51,92,0,180,0.5111111111111111,0.0
2022-02-23T12:57:16,92,0,180,0.5111111111111111,0.0
2022-02-23T13:05:33,92,0,180,0.5111111111111111,0.0
2022-02-23T13:13:50,92,0,180,0.5111111111111111,0.0
2022-02-23T13:22:08,91,0,180,0.5055555555555555,0.0
2022-02-23T13:30:25,91,0,180,0.5055555555555555,0.0
2022-02-23T13:38:42,91,0,180,0.5055555555555555,0.0
2022-02-23T13:47:10,91,0,180,0.5055555555555555,0.0
2022-02-23T13:55:27,90,0,180,0.5,0.0
2022-02-23T14:03:44,90,0,180,0.5,0.0
2022-02-23T14:12:01,90,0,180,0.5,0.0
2022-02-23T14:20:18,90,0,180,0.5,0.0
2022-02-23T14:28:45,89,0,180,0.49444444444444446,0.0
2022-02-23T14:37:02,89,0,180,0.49444444444444446,0.0
2022-02-23T14:45:19,88,0,180,0.4888888888888889,0.0
2022-02-23T14:53:36,88,0,180,0.4888888888888889,0.0
2022-02-23T15:01:53,87,0,180,0.48333333333333334,0.0
2022-02-23T15:10:10,87,0,180,0.48333333333333334,0.0
2022-02-23T15:18:38,87,0,180,0.48333333333333334,0.0
2022-02-23T15:26:55,87,0,180,0.48333333333333334,0.0
2022-02-23T15:35:12,87,0,180,0.48333333333333334,0.0
2022-02-23T15:43:29,87,0,180,0.48333333333333334,0.0
2022-02-23T15:51:56,86,0,180,0.4777777777777778,0.0
2022-02-23T16:00:13,86,0,180,0.4777777777777778,0.0
2022-02-23T16:08:30,86,0,180,0.4777777777777778,0.0
2022-02-23T16:16:47,85,0,180,0.4722222222222222,0.0
2022-02-23T16:25:15,86,0,180,0.4777777777777778,0.0
2022-02-23T16:33:32,86,0,180,0.4777777777777778,0.0
2022-02-23T16:41:48,86,0,180,0.4777777777777778,0.0
2022-02-23T16:50:05,86,0,180,0.4777777777777778,0.0
2022-02-23T16:58:22,85,0,180,0.4722222222222222,0.0
2022-02-23T17:06:39,85,0,180,0.4722222222222222,0.0
2022-02-23T17:15:03,85,0,180,0.4722222222222222,0.0
2022-02-23T17:23:19,85,0,180,0.4722222222222222,0.0
2022-02-23T17:31:37,85,0,180,0.4722222222222222,0.0
2022-02-23T17:39:53,85,0,180,0.4722222222222222,0.0
2022-02-23T17:48:10,85,0,180,0.4722222222222222,0.0
2022-02-23T17:56:27,85,0,180,0.4722222222222222,0.0
2022-02-23T18:04:55,84,0,180,0.4666666666666667,0.0
2022-02-23T18:13:11,84,0,180,0.4666666666666667,0.0
2022-02-23T18:21:28,83,0,180,0.46111111111111114,0.0
2022-02-23T18:29:45,83,0,180,0.46111111111111114,0.0
2022-02-23T18:38:02,83,0,180,0.46111111111111114,0.0
2022-02-23T18:46:30,83,0,180,0.46111111111111114,0.0
2022-02-23T18:54:46,83,0,180,0.46111111111111114,0.0
2022-02-23T19:03:03,83,0,180,0.46111111111111114,0.0
2022-02-23T19:11:20,83,0,180,0.46111111111111114,0.0
2022-02-23T19:19:36,83,0,180,0.46111111111111114,0.0
2022-02-23T19:27:53,83,0,180,0.46111111111111114,0.0
2022-02-23T19:36:19,83,0,180,0.46111111111111114,0.0
2022-02-23T19:44:36,83,0,180,0.46111111111111114,0.0
2022-02-23T19:52:52,83,0,180,0.46111111111111114,0.0
2022-02-23T20:01:09,83,0,180,0.46111111111111114,0.0
2022-02-23T20:09:26,83,0,180,0.46111111111111114,0.0
2022-02-23T20:17:43,83,0,180,0.46111111111111114,0.0
2022-02-23T20:26:08,83,0,180,0.46111111111111114,0.0
2022-02-23T20:34:25,83,0,180,0.46111111111111114,0.0
2022-02-23T20:42:42,83,0,180,0.46111111111111114,0.0
2022-02-23T20:50:59,83,0,180,0.46111111111111114,0.0
2022-02-23T20:59:16,83,0,180,0.46111111111111114,0.0
2022-02-23T21:07:44,82,0,180,0.45555555555555555,0.0
2022-02-23T21:16:01,82,0,180,0.45555555555555555,0.0
2022-02-23T21:24:17,82,0,180,0.45555555555555555,0.0
2022-02-23T21:32:34,82,0,180,0.45555555555555555,0.0
2022-02-23T21:40:51,82,0,180,0.45555555555555555,0.0
2022-02-23T21:49:17,82,0,180,0.45555555555555555,0.0
2022-02-23T21:57:34,82,0,180,0.45555555555555555,0.0
2022-02-23T22:05:51,82,0,180,0.45555555555555555,0.0
2022-02-23T22:14:07,82,0,180,0.45555555555555555,0.0
2022-02-23T22:22:24,82,0,180,0.45555555555555555,0.0
2022-02-23T22:30:40,82,0,180,0.45555555555555555,0.0
2022-02-23T22:38:57,82,0,180,0.45555555555555555,0.0
2022-02-23T22:47:13,82,0,180,0.45555555555555555,0.0
2022-02-23T22:55:39,82,0,180,0.45555555555555555,0.0
2022-02-23T23:03:56,82,0,180,0.45555555555555555,0.0
2022-02-23T23:12:13,82,0,180,0.45555555555555555,0.0
2022-02-23T23:20:29,82,0,180,0.45555555555555555,0.0
2022-02-23T23:28:46,82,0,180,0.45555555555555555,0.0
2022-02-23T23:37:03,82,0,180,0.45555555555555555,0.0
2022-02-23T23:45:19,81,0,180,0.45,0.0
2022-02-23T23:53:36,81,0,180,0.45,0.0
2022-02-24T00:01:53,81,0,180,0.45,0.0
2022-02-24T00:10:19,81,0,180,0.45,0.0
2022-02-24T00:18:37,81,0,180,0.45,0.0
2022-02-24T00:26:54,81,0,180,0.45,0.0
2022-02-24T00:35:11,81,0,180,0.45,0.0
2022-02-24T00:43:27,81,0,180,0.45,0.0
2022-02-24T00:51:44,81,0,180,0.45,0.0
2022-02-24T01:00:01,81,0,180,0.45,0.0
2022-02-24T01:08:17,81,0,180,0.45,0.0
2022-02-24T01:16:34,81,0,180,0.45,0.0
2022-02-24T01:24:50,81,0,180,0.45,0.0
2022-02-24T01:33:07,81,0,180,0.45,0.0
2022-02-24T01:41:32,81,0,180,0.45,0.0
2022-02-24T01:49:48,81,0,180,0.45,0.0
2022-02-24T01:58:05,81,0,180,0.45,0.0
2022-02-24T02:06:22,81,0,180,0.45,0.0
2022-02-24T02:14:38,81,0,180,0.45,0.0
2022-02-24T02:22:55,81,0,180,0.45,0.0
2022-02-24T02:31:12,81,0,180,0.45,0.0
2022-02-24T02:39:28,81,0,180,0.45,0.0
2022-02-24T02:47:45,81,0,180,0.45,0.0
2022-02-24T02:56:02,81,0,180,0.45,0.0
2022-02-24T03:04:18,81,0,180,0.45,0.0
2022-02-24T03:12:35,81,0,180,0.45,0.0
2022-02-24T03:20:52,81,0,180,0.45,0.0
2022-02-24T03:29:08,81,0,180,0.45,0.0
2022-02-24T03:37:25,81,0,180,0.45,0.0
2022-02-24T03:45:53,81,0,180,0.45,0.0
2022-02-24T03:54:09,81,0,180,0.45,0.0
2022-02-24T04:02:25,81,0,180,0.45,0.0
2022-02-24T04:20:32,81,0,180,0.45,0.0
2022-02-24T04:29:14,81,0,180,0.45,0.0
2022-02-24T04:37:31,81,0,180,0.45,0.0
2022-02-24T04:45:48,81,0,180,0.45,0.0
2022-02-24T04:54:05,81,0,180,0.45,0.0
2022-02-24T05:02:23,81,0,180,0.45,0.0
2022-02-24T05:10:40,81,0,180,0.45,0.0
2022-02-24T05:18:57,81,0,180,0.45,0.0
2022-02-24T05:27:14,81,0,180,0.45,0.0
2022-02-24T05:35:33,81,0,180,0.45,0.0
2022-02-24T05:43:50,81,0,180,0.45,0.0
2022-02-24T05:52:08,81,0,180,0.45,0.0
2022-02-24T06:00:25,81,0,180,0.45,0.0
2022-02-24T06:08:42,81,0,180,0.45,0.0
2022-02-24T06:16:59,81,0,180,0.45,0.0
2022-02-24T06:25:16,81,0,180,0.45,0.0
2022-02-24T06:33:32,81,0,180,0.45,0.0
2022-02-24T06:41:49,81,0,180,0.45,0.0
2022-02-24T06:50:06,81,0,180,0.45,0.0
2022-02-24T06:58:23,81,0,180,0.45,0.0
2022-02-24T07:06:40,81,0,180,0.45,0.0
2022-02-24T07:14:57,81,0,180,0.45,0.0
2022-02-24T07:23:14,81,0,180,0.45,0.0
2022-02-24T07:31:31,81,0,180,0.45,0.0
2022-02-24T07:39:48,81,0,180,0.45,0.0
2022-02-24T07:48:04,81,0,180,0.45,0.0
2022-02-24T07:56:58,81,0,180,0.45,0.0
2022-02-24T08:11:16,81,0,180,0.45,0.0
2022-02-24T08:25:27,81,0,180,0.45,0.0
2022-02-24T08:38:04,81,0,180,0.45,0.0
2022-02-24T08:46:21,81,0,180,0.45,0.0
2022-02-24T08:54:37,81,0,180,0.45,0.0
2022-02-24T09:02:55,80,0,180,0.4444444444444444,0.0
2022-02-24T09:11:12,80,0,180,0.4444444444444444,0.0
2022-02-24T09:19:28,80,0,180,0.4444444444444444,0.0
2022-02-24T09:27:45,80,0,180,0.4444444444444444,0.0
2022-02-24T09:36:02,80,0,180,0.4444444444444444,0.0
2022-02-24T09:44:19,80,0,180,0.4444444444444444,0.0
2022-02-24T09:52:44,80,0,180,0.4444444444444444,0.0
2022-02-24T10:01:01,80,0,180,0.4444444444444444,0.0
2022-02-24T10:09:18,80,0,180,0.4444444444444444,0.0
2022-02-24T10:17:35,80,0,180,0.4444444444444444,0.0
2022-02-24T10:25:52,79,0,180,0.4388888888888889,0.0
2022-02-24T10:34:09,79,0,180,0.4388888888888889,0.0
2022-02-24T10:42:26,79,0,180,0.4388888888888889,0.0
2022-02-24T10:50:50,79,0,180,0.4388888888888889,0.0
2022-02-24T10:59:07,79,0,180,0.4388888888888889,0.0
2022-02-24T11:07:24,79,0,180,0.4388888888888889,0.0
2022-02-24T11:15:41,79,0,180,0.4388888888888889,0.0
2022-02-24T11:23:58,79,0,180,0.4388888888888889,0.0
2022-02-24T11:32:15,79,0,180,0.4388888888888889,0.0
2022-02-24T11:40:42,79,0,180,0.4388888888888889,0.0
2022-02-24T11:48:59,79,0,180,0.4388888888888889,0.0
2022-02-24T11:57:16,79,0,180,0.4388888888888889,0.0
2022-02-24T12:05:33,79,0,180,0.4388888888888889,0.0
2022-02-24T12:13:50,79,0,180,0.4388888888888889,0.0
2022-02-24T12:22:07,79,0,180,0.4388888888888889,0.0
2022-02-24T12:30:33,79,0,180,0.4388888888888889,0.0
2022-02-24T12:38:51,79,0,180,0.4388888888888889,0.0
2022-02-24T12:47:10,79,0,180,0.4388888888888889,0.0
2022-02-24T12:55:29,79,0,180,0.4388888888888889,0.0
2022-02-24T13:03:48,79,0,180,0.4388888888888889,0.0
2022-02-24T13:12:07,79,0,180,0.4388888888888889,0.0
2022-02-24T13:20:26,79,0,180,0.4388888888888889,0.0
2022-02-24T13:28:55,79,0,180,0.4388888888888889,0.0
2022-02-24T13:37:13,79,0,180,0.4388888888888889,0.0
2022-02-24T13:45:31,79,0,180,0.4388888888888889,0.0
2022-02-24T13:53:50,79,0,180,0.4388888888888889,0.0
2022-02-24T14:02:08,78,0,180,0.43333333333333335,0.0
2022-02-24T14:10:36,78,0,180,0.43333333333333335,0.0
2022-02-24T14:18:54,78,0,180,0.43333333333333335,0.0
2022-02-24T14:27:12,77,0,180,0.42777777777777776,0.0
2022-02-24T14:35:30,77,0,180,0.42777777777777776,0.0
2022-02-24T14:43:48,77,0,180,0.42777777777777776,0.0
2022-02-24T14:52:16,77,0,180,0.42777777777777776,0.0
2022-02-24T15:00:34,77,0,180,0.42777777777777776,0.0
2022-02-24T15:08:52,77,0,180,0.42777777777777776,0.0
2022-02-24T15:17:10,77,0,180,0.42777777777777776,0.0
2022-02-24T15:25:28,76,0,180,0.4222222222222222,0.0
2022-02-24T15:33:46,76,0,180,0.4222222222222222,0.0
2022-02-24T15:42:13,76,0,180,0.4222222222222222,0.0
2022-02-24T15:50:30,76,0,180,0.4222222222222222,0.0
2022-02-24T15:58:47,76,0,180,0.4222222222222222,0.0
2022-02-24T16:07:04,76,0,180,0.4222222222222222,0.0
2022-02-24T16:15:21,76,0,180,0.4222222222222222,0.0
2022-02-24T16:23:46,76,0,180,0.4222222222222222,0.0
2022-02-24T16:32:03,76,0,180,0.4222222222222222,0.0
2022-02-24T16:40:20,76,0,180,0.4222222222222222,0.0
2022-02-24T16:48:37,76,0,180,0.4222222222222222,0.0
2022-02-24T16:56:54,76,0,180,0.4222222222222222,0.0
2022-02-24T17:05:11,77,0,180,0.42777777777777776,0.0
2022-02-24T17:13:39,77,0,180,0.42777777777777776,0.0
2022-02-24T17:21:56,77,0,180,0.42777777777777776,0.0
2022-02-24T17:30:13,77,0,180,0.42777777777777776,0.0
2022-02-24T17:38:30,77,0,180,0.42777777777777776,0.0
2022-02-24T17:46:46,77,0,180,0.42777777777777776,0.0
2022-02-24T17:55:03,77,0,180,0.42777777777777776,0.0
2022-02-24T18:03:20,77,0,180,0.42777777777777776,0.0
2022-02-24T18:11:37,77,0,180,0.42777777777777776,0.0
2022-02-24T18:20:05,77,0,180,0.42777777777777776,0.0
2022-02-24T18:28:21,77,0,180,0.42777777777777776,0.0
2022-02-24T18:36:38,77,0,180,0.42777777777777776,0.0
2022-02-24T18:44:55,77,0,180,0.42777777777777776,0.0
2022-02-24T18:53:12,76,0,180,0.4222222222222222,0.0
2022-02-24T19:01:28,76,0,180,0.4222222222222222,0.0
2022-02-24T19:09:45,76,0,180,0.4222222222222222,0.0
2022-02-24T19:18:13,75,0,180,0.4166666666666667,0.0
2022-02-24T19:26:29,75,0,180,0.4166666666666667,0.0
2022-02-24T19:34:46,74,0,180,0.4111111111111111,0.0
2022-02-24T19:43:03,74,0,180,0.4111111111111111,0.0
2022-02-24T19:51:19,74,0,180,0.4111111111111111,0.0
2022-02-24T19:59:36,74,0,180,0.4111111111111111,0.0
2022-02-24T20:08:03,74,0,180,0.4111111111111111,0.0
2022-02-24T20:16:20,73,0,180,0.40555555555555556,0.0
2022-02-24T20:24:37,73,0,180,0.40555555555555556,0.0
2022-02-24T20:32:54,73,0,180,0.40555555555555556,0.0
2022-02-24T20:41:10,73,0,180,0.40555555555555556,0.0
2022-02-24T20:49:27,73,0,180,0.40555555555555556,0.0
2022-02-24T20:57:44,73,0,180,0.40555555555555556,0.0
2022-02-24T21:06:10,73,0,180,0.40555555555555556,0.0
2022-02-24T21:14:26,73,0,180,0.40555555555555556,0.0
2022-02-24T21:22:43,73,0,180,0.40555555555555556,0.0
2022-02-24T21:31:00,73,0,180,0.40555555555555556,0.0
2022-02-24T21:39:17,73,0,180,0.40555555555555556,0.0
2022-02-24T21:47:34,73,0,180,0.40555555555555556,0.0
2022-02-24T21:55:51,73,0,180,0.40555555555555556,0.0
2022-02-24T22:04:07,73,0,180,0.40555555555555556,0.0
2022-02-24T22:12:30,73,0,180,0.40555555555555556,0.0
2022-02-24T22:20:47,73,0,180,0.40555555555555556,0.0
2022-02-24T22:29:04,73,0,180,0.40555555555555556,0.0
2022-02-24T22:37:20,73,0,180,0.40555555555555556,0.0
2022-02-24T22:45:37,73,0,180,0.40555555555555556,0.0
2022-02-24T22:53:53,73,0,180,0.40555555555555556,0.0
2022-02-24T23:02:10,73,0,180,0.40555555555555556,0.0
2022-02-24T23:10:27,73,0,180,0.40555555555555556,0.0
2022-02-24T23:18:44,73,0,180,0.40555555555555556,0.0
2022-02-24T23:27:11,73,0,180,0.40555555555555556,0.0
2022-02-24T23:35:27,73,0,180,0.40555555555555556,0.0
2022-02-24T23:43:44,73,0,180,0.40555555555555556,0.0
2022-02-24T23:52:01,73,0,180,0.40555555555555556,0.0
2022-02-25T00:00:17,73,0,180,0.40555555555555556,0.0
2022-02-25T00:08:34,73,0,180,0.40555555555555556,0.0
2022-02-25T00:16:51,73,0,180,0.40555555555555556,0.0
2022-02-25T00:25:08,73,0,180,0.40555555555555556,0.0
2022-02-25T00:33:25,73,0,180,0.40555555555555556,0.0
2022-02-25T00:41:42,73,0,180,0.40555555555555556,0.0
2022-02-25T00:49:59,73,0,180,0.40555555555555556,0.0
2022-02-25T00:58:25,73,0,180,0.40555555555555556,0.0
2022-02-25T01:06:42,73,0,180,0.40555555555555556,0.0
2022-02-25T01:14:59,73,0,180,0.40555555555555556,0.0
2022-02-25T01:23:15,73,0,180,0.40555555555555556,0.0
2022-02-25T01:31:32,73,0,180,0.40555555555555556,0.0
2022-02-25T01:39:49,73,0,180,0.40555555555555556,0.0
2022-02-25T01:48:05,73,0,180,0.40555555555555556,0.0
2022-02-25T01:56:22,73,0,180,0.40555555555555556,0.0
2022-02-25T02:04:39,73,0,180,0.40555555555555556,0.0
2022-02-25T02:12:56,73,0,180,0.40555555555555556,0.0
2022-02-25T02:21:12,73,0,180,0.40555555555555556,0.0
2022-02-25T02:29:40,73,0,180,0.40555555555555556,0.0
2022-02-25T02:37:58,73,0,180,0.40555555555555556,0.0
2022-02-25T02:46:15,73,0,180,0.40555555555555556,0.0
2022-02-25T02:54:32,73,0,180,0.40555555555555556,0.0
2022-02-25T03:02:48,73,0,180,0.40555555555555556,0.0
2022-02-25T03:11:05,73,0,180,0.40555555555555556,0.0
2022-02-25T03:19:22,73,0,180,0.40555555555555556,0.0
2022-02-25T03:27:38,73,0,180,0.40555555555555556,0.0
2022-02-25T03:35:55,73,0,180,0.40555555555555556,0.0
2022-02-25T03:44:12,73,0,180,0.40555555555555556,0.0
2022-02-25T03:52:28,73,0,180,0.40555555555555556,0.0
2022-02-25T04:00:45,73,0,180,0.40555555555555556,0.0
2022-02-25T04:11:05,73,0,180,0.40555555555555556,0.0
2022-02-25T04:19:50,73,0,180,0.40555555555555556,0.0
2022-02-25T04:30:43,73,0,180,0.40555555555555556,0.0
2022-02-25T04:39:19,73,0,180,0.40555555555555556,0.0
2022-02-25T04:47:36,73,0,180,0.40555555555555556,0.0
2022-02-25T04:55:53,73,0,180,0.40555555555555556,0.0
2022-02-25T05:04:11,73,0,180,0.40555555555555556,0.0
2022-02-25T05:12:28,73,0,180,0.40555555555555556,0.0
2022-02-25T05:20:45,73,0,180,0.40555555555555556,0.0
2022-02-25T05:29:02,73,0,180,0.40555555555555556,0.0
2022-02-25T05:37:22,73,0,180,0.40555555555555556,0.0
2022-02-25T05:45:39,73,0,180,0.40555555555555556,0.0
2022-02-25T05:53:57,73,0,180,0.40555555555555556,0.0
2022-02-25T06:02:14,73,0,180,0.40555555555555556,0.0
2022-02-25T06:10:31,73,0,180,0.40555555555555556,0.0
2022-02-25T06:18:48,73,0,180,0.40555555555555556,0.0
2022-02-25T06:27:05,73,0,180,0.40555555555555556,0.0
2022-02-25T06:35:22,73,0,180,0.40555555555555556,0.0
2022-02-25T06:43:38,73,0,180,0.40555555555555556,0.0
2022-02-25T06:51:55,73,0,180,0.40555555555555556,0.0
2022-02-25T07:00:12,73,0,180,0.40555555555555556,0.0
2022-02-25T07:08:28,73,0,180,0.40555555555555556,0.0
2022-02-25T07:16:45,73,0,180,0.40555555555555556,0.0
2022-02-25T07:25:02,73,0,180,0.40555555555555556,0.0
2022-02-25T07:33:18,73,0,180,0.40555555555555556,0.0
2022-02-25T07:41:35,73,0,180,0.40555555555555556,0.0
2022-02-25T07:49:52,73,0,180,0.40555555555555556,0.0
2022-02-25T07:58:08,73,0,180,0.40555555555555556,0.0
2022-02-25T08:06:25,73,0,180,0.40555555555555556,0.0
2022-02-25T08:14:42,73,0,180,0.40555555555555556,0.0
2022-02-25T08:23:08,73,0,180,0.40555555555555556,0.0
2022-02-25T08:31:25,73,0,180,0.40555555555555556,0.0
2022-02-25T08:39:42,73,0,180,0.40555555555555556,0.0
2022-02-25T08:47:59,73,0,180,0.40555555555555556,0.0
2022-02-25T08:56:16,73,0,180,0.40555555555555556,0.0
2022-02-25T09:04:33,73,0,180,0.40555555555555556,0.0
2022-02-25T09:12:50,73,0,180,0.40555555555555556,0.0
2022-02-25T09:21:07,73,0,180,0.40555555555555556,0.0
2022-02-25T09:29:24,73,0,180,0.40555555555555556,0.0
2022-02-25T09:37:41,73,0,180,0.40555555555555556,0.0
2022-02-25T09:45:58,73,0,180,0.40555555555555556,0.0
2022-02-25T09:54:27,73,0,180,0.40555555555555556,0.0
2022-02-25T10:02:45,73,0,180,0.40555555555555556,0.0
2022-02-25T10:11:02,73,0,180,0.40555555555555556,0.0
2022-02-25T10:19:19,73,0,180,0.40555555555555556,0.0
2022-02-25T10:27:36,73,0,180,0.40555555555555556,0.0
2022-02-25T10:35:53,73,0,180,0.40555555555555556,0.0
2022-02-25T10:44:21,73,0,180,0.40555555555555556,0.0
2022-02-25T10:52:38,73,0,180,0.40555555555555556,0.0
2022-02-25T11:00:56,73,0,180,0.40555555555555556,0.0
2022-02-25T11:09:13,73,0,180,0.40555555555555556,0.0
2022-02-25T11:17:30,73,0,180,0.40555555555555556,0.0
2022-02-25T11:25:47,73,0,180,0.40555555555555556,0.0
2022-02-25T11:34:14,73,0,180,0.40555555555555556,0.0
2022-02-25T11:42:33,73,0,180,0.40555555555555556,0.0
2022-02-25T11:50:50,73,0,180,0.40555555555555556,0.0
2022-02-25T11:59:07,73,0,180,0.40555555555555556,0.0
2022-02-25T12:07:24,73,0,180,0.40555555555555556,0.0
2022-02-25T12:15:51,73,0,180,0.40555555555555556,0.0
2022-02-25T12:24:08,73,0,180,0.40555555555555556,0.0
2022-02-25T12:32:25,73,0,180,0.40555555555555556,0.0
2022-02-25T12:40:42,73,0,180,0.40555555555555556,0.0
2022-02-25T12:48:59,73,0,180,0.40555555555555556,0.0
2022-02-25T12:57:25,73,0,180,0.40555555555555556,0.0
2022-02-25T13:05:43,73,0,180,0.40555555555555556,0.0
2022-02-25T13:14:01,73,0,180,0.40555555555555556,0.0
2022-02-25T13:22:18,73,0,180,0.40555555555555556,0.0
2022-02-25T13:30:35,73,0,180,0.40555555555555556,0.0
2022-02-25T13:38:52,73,0,180,0.40555555555555556,0.0
2022-02-25T13:47:20,73,0,180,0.40555555555555556,0.0
2022-02-25T13:55:38,73,0,180,0.40555555555555556,0.0
2022-02-25T14:03:55,73,0,180,0.40555555555555556,0.0
2022-02-25T14:12:12,73,0,180,0.40555555555555556,0.0
2022-02-25T14:20:40,73,0,180,0.40555555555555556,0.0
2022-02-25T14:28:57,73,0,180,0.40555555555555556,0.0
2022-02-25T14:37:14,73,0,180,0.40555555555555556,0.0
2022-02-25T14:45:31,73,0,180,0.40555555555555556,0.0
2022-02-25T14:53:49,73,0,180,0.40555555555555556,0.0
2022-02-25T15:02:07,73,0,180,0.40555555555555556,0.0
2022-02-25T15:10:34,73,0,180,0.40555555555555556,0.0
2022-02-25T15:18:51,73,0,180,0.40555555555555556,0.0
2022-02-25T15:27:09,73,0,180,0.40555555555555556,0.0
2022-02-25T15:35:26,73,0,180,0.40555555555555556,0.0
2022-02-25T15:43:44,73,0,180,0.40555555555555556,0.0
2022-02-25T15:52:12,73,0,180,0.40555555555555556,0.0
2022-02-25T16:00:29,73,0,180,0.40555555555555556,0.0
2022-02-25T16:08:46,73,0,180,0.40555555555555556,0.0
2022-02-25T16:17:03,73,0,180,0.40555555555555556,0.0
2022-02-25T16:25:20,73,0,180,0.40555555555555556,0.0
2022-02-25T16:33:37,73,0,180,0.40555555555555556,0.0
2022-02-25T16:41:54,73,0,180,0.40555555555555556,0.0
2022-02-25T16:50:25,73,0,180,0.40555555555555556,0.0
2022-02-25T16:58:42,73,0,180,0.40555555555555556,0.0
2022-02-25T17:06:59,73,0,180,0.40555555555555556,0.0
2022-02-25T17:15:17,73,0,180,0.40555555555555556,0.0
2022-02-25T17:23:33,73,0,180,0.40555555555555556,0.0
2022-02-25T17:31:50,73,0,180,0.40555555555555556,0.0
2022-02-25T17:40:07,73,0,180,0.40555555555555556,0.0
2022-02-25T17:48:36,73,0,180,0.40555555555555556,0.0
2022-02-25T17:56:52,73,0,180,0.40555555555555556,0.0
2022-02-25T18:05:09,73,0,180,0.40555555555555556,0.0
2022-02-25T18:13:27,73,0,180,0.40555555555555556,0.0
2022-02-25T18:21:44,73,0,180,0.40555555555555556,0.0
2022-02-25T18:30:00,73,0,180,0.40555555555555556,0.0
2022-02-25T18:38:17,73,0,180,0.40555555555555556,0.0
2022-02-25T18:46:34,73,0,180,0.40555555555555556,0.0
2022-02-25T18:54:59,73,0,180,0.40555555555555556,0.0
2022-02-25T19:03:15,73,0,180,0.40555555555555556,0.0
2022-02-25T19:11:32,73,0,180,0.40555555555555556,0.0
2022-02-25T19:19:48,73,0,180,0.40555555555555556,0.0
2022-02-25T19:28:05,73,0,180,0.40555555555555556,0.0
2022-02-25T19:36:21,73,0,180,0.40555555555555556,0.0
2022-02-25T19:44:38,73,0,180,0.40555555555555556,0.0
2022-02-25T19:52:55,73,0,180,0.40555555555555556,0.0
2022-02-25T20:01:21,73,0,180,0.40555555555555556,0.0
2022-02-25T20:09:38,73,0,180,0.40555555555555556,0.0
2022-02-25T20:17:54,73,0,180,0.40555555555555556,0.0
2022-02-25T20:26:11,73,0,180,0.40555555555555556,0.0
2022-02-25T20:34:28,73,0,180,0.40555555555555556,0.0
2022-02-25T20:42:44,73,0,180,0.40555555555555556,0.0
2022-02-25T20:51:01,73,0,180,0.40555555555555556,0.0
2022-02-25T20:59:17,73,0,180,0.40555555555555556,0.0
2022-02-25T21:07:34,73,0,180,0.40555555555555556,0.0
2022-02-25T21:16:00,73,0,180,0.40555555555555556,0.0
2022-02-25T21:24:16,73,0,180,0.40555555555555556,0.0
2022-02-25T21:32:33,73,0,180,0.40555555555555556,0.0
2022-02-25T21:40:50,73,0,180,0.40555555555555556,0.0
2022-02-25T21:49:06,73,0,180,0.40555555555555556,0.0
2022-02-25T21:57:23,73,0,180,0.40555555555555556,0.0
2022-02-25T22:05:40,73,0,180,0.40555555555555556,0.0
2022-02-25T22:13:56,73,0,180,0.40555555555555556,0.0
2022-02-25T22:22:13,73,0,180,0.40555555555555556,0.0
2022-02-25T22:30:29,73,0,180,0.40555555555555556,0.0
2022-02-25T22:38:46,73,0,180,0.40555555555555556,0.0
2022-02-25T22:47:03,73,0,180,0.40555555555555556,0.0
2022-02-25T22:55:19,73,0,180,0.40555555555555556,0.0
2022-02-25T23:03:36,73,0,180,0.40555555555555556,0.0
2022-02-25T23:11:52,73,0,180,0.40555555555555556,0.0
2022-02-25T23:20:09,73,0,180,0.40555555555555556,0.0
2022-02-25T23:28:36,73,0,180,0.40555555555555556,0.0
2022-02-25T23:36:53,73,0,180,0.40555555555555556,0.0
2022-02-25T23:45:09,73,0,180,0.40555555555555556,0.0
2022-02-25T23:53:26,73,0,180,0.40555555555555556,0.0
2022-02-26T00:01:43,73,0,180,0.40555555555555556,0.0
2022-02-26T00:10:00,73,0,180,0.40555555555555556,0.0
2022-02-26T00:18:18,73,0,180,0.40555555555555556,0.0
2022-02-26T00:26:34,73,0,180,0.40555555555555556,0.0
2022-02-26T00:34:51,73,0,180,0.40555555555555556,0.0
2022-02-26T00:43:09,73,0,180,0.40555555555555556,0.0
2022-02-26T00:51:25,73,0,180,0.40555555555555556,0.0
2022-02-26T00:59:42,73,0,180,0.40555555555555556,0.0
2022-02-26T01:08:00,73,0,180,0.40555555555555556,0.0
2022-02-26T01:16:17,73,0,180,0.40555555555555556,0.0
2022-02-26T01:24:42,73,0,180,0.40555555555555556,0.0
2022-02-26T01:32:59,73,0,180,0.40555555555555556,0.0
2022-02-26T01:41:16,73,0,180,0.40555555555555556,0.0
2022-02-26T01:49:32,73,0,180,0.40555555555555556,0.0
2022-02-26T01:57:49,73,0,180,0.40555555555555556,0.0
2022-02-26T02:06:06,73,0,180,0.40555555555555556,0.0
2022-02-26T02:14:22,73,0,180,0.40555555555555556,0.0
2022-02-26T02:22:39,73,0,180,0.40555555555555556,0.0
2022-02-26T02:30:56,73,0,180,0.40555555555555556,0.0
2022-02-26T02:39:12,73,0,180,0.40555555555555556,0.0
2022-02-26T02:47:29,73,0,180,0.40555555555555556,0.0
2022-02-26T02:55:45,73,0,180,0.40555555555555556,0.0
2022-02-26T03:04:45,73,0,180,0.40555555555555556,0.0
2022-02-26T03:13:02,73,0,180,0.40555555555555556,0.0
2022-02-26T03:21:19,73,0,180,0.40555555555555556,0.0
2022-02-26T03:29:36,73,0,180,0.40555555555555556,0.0
2022-02-26T03:37:53,73,0,180,0.40555555555555556,0.0
2022-02-26T03:46:10,73,0,180,0.40555555555555556,0.0
2022-02-26T03:54:27,73,0,180,0.40555555555555556,0.0
2022-02-26T04:02:44,73,0,180,0.40555555555555556,0.0
2022-02-26T04:11:01,73,0,180,0.40555555555555556,0.0
2022-02-26T04:29:21,73,0,180,0.40555555555555556,0.0
2022-02-26T04:37:57,73,0,180,0.40555555555555556,0.0
2022-02-26T04:46:14,73,0,180,0.40555555555555556,0.0
2022-02-26T04:54:32,73,0,180,0.40555555555555556,0.0
2022-02-26T05:02:49,73,0,180,0.40555555555555556,0.0
2022-02-26T05:11:06,73,0,180,0.40555555555555556,0.0
2022-02-26T05:19:23,73,0,180,0.40555555555555556,0.0
2022-02-26T05:27:41,73,0,180,0.40555555555555556,0.0
2022-02-26T05:35:58,73,0,180,0.40555555555555556,0.0
2022-02-26T05:44:16,73,0,180,0.40555555555555556,0.0
2022-02-26T05:52:33,73,0,180,0.40555555555555556,0.0
2022-02-26T06:00:50,73,0,180,0.40555555555555556,0.0
2022-02-26T06:09:07,73,0,180,0.40555555555555556,0.0
2022-02-26T06:17:25,73,0,180,0.40555555555555556,0.0
2022-02-26T06:25:43,73,0,180,0.40555555555555556,0.0
2022-02-26T06:34:00,73,0,180,0.40555555555555556,0.0
2022-02-26T06:42:17,73,0,180,0.40555555555555556,0.0
2022-02-26T06:50:34,73,0,180,0.40555555555555556,0.0
2022-02-26T06:58:51,73,0,180,0.40555555555555556,0.0
2022-02-26T07:07:08,73,0,180,0.40555555555555556,0.0
2022-02-26T07:15:25,73,0,180,0.40555555555555556,0.0
2022-02-26T07:23:42,73,0,180,0.40555555555555556,0.0
2022-02-26T07:31:58,73,0,180,0.40555555555555556,0.0
2022-02-26T07:40:15,73,0,180,0.40555555555555556,0.0
2022-02-26T07:48:32,73,0,180,0.40555555555555556,0.0
2022-02-26T07:56:48,73,0,180,0.40555555555555556,0.0
2022-02-26T08:05:05,73,0,180,0.40555555555555556,0.0
2022-02-26T08:13:22,73,0,180,0.40555555555555556,0.0
2022-02-26T08:21:39,73,0,180,0.40555555555555556,0.0
2022-02-26T08:29:55,73,0,180,0.40555555555555556,0.0
2022-02-26T08:38:12,73,0,180,0.40555555555555556,0.0
2022-02-26T08:46:29,73,0,180,0.40555555555555556,0.0
2022-02-26T08:54:45,73,0,180,0.40555555555555556,0.0
2022-02-26T09:03:02,73,0,180,0.40555555555555556,0.0
2022-02-26T09:11:18,73,0,180,0.40555555555555556,0.0
2022-02-26T09:19:42,73,0,180,0.40555555555555556,0.0
2022-02-26T09:27:59,73,0,180,0.40555555555555556,0.0
2022-02-26T09:36:15,73,0,180,0.40555555555555556,0.0
2022-02-26T09:44:32,73,0,180,0.40555555555555556,0.0
2022-02-26T09:52:49,73,0,180,0.40555555555555556,0.0
2022-02-26T10:01:05,73,0,180,0.40555555555555556,0.0
2022-02-26T10:09:22,73,0,180,0.40555555555555556,0.0
2022-02-26T10:17:38,73,0,180,0.40555555555555556,0.0
2022-02-26T10:25:55,73,0,180,0.40555555555555556,0.0
2022-02-26T10:34:11,73,0,180,0.40555555555555556,0.0
2022-02-26T10:42:28,73,0,180,0.40555555555555556,0.0
2022-02-26T10:50:44,73,0,180,0.40555555555555556,0.0
2022-02-26T10:59:01,73,0,180,0.40555555555555556,0.0
2022-02-26T11:07:29,73,0,180,0.40555555555555556,0.0
2022-02-26T11:15:45,73,0,180,0.40555555555555556,0.0
2022-02-26T11:24:02,73,0,180,0.40555555555555556,0.0
2022-02-26T11:32:19,73,0,180,0.40555555555555556,0.0
2022-02-26T11:40:35,73,0,180,0.40555555555555556,0.0
2022-02-26T11:48:52,73,0,180,0.40555555555555556,0.0
2022-02-26T11:57:09,73,0,180,0.40555555555555556,0.0
2022-02-26T12:05:25,73,0,180,0.40555555555555556,0.0
2022-02-26T12:13:42,73,0,180,0.40555555555555556,0.0
2022-02-26T12:21:59,73,0,180,0.40555555555555556,0.0
2022-02-26T12:30:15,73,0,180,0.40555555555555556,0.0
2022-02-26T12:38:32,73,0,180,0.40555555555555556,0.0
2022-02-26T12:46:48,73,0,180,0.40555555555555556,0.0
2022-02-26T12:55:05,73,0,180,0.40555555555555556,0.0
2022-02-26T13:03:21,73,0,180,0.40555555555555556,0.0
2022-02-26T13:11:48,73,0,180,0.40555555555555556,0.0
2022-02-26T13:20:04,73,0,180,0.40555555555555556,0.0
2022-02-26T13:28:21,73,0,180,0.40555555555555556,0.0
2022-02-26T13:36:37,72,0,180,0.4,0.0
2022-02-26T13:44:54,72,0,180,0.4,0.0
2022-02-26T13:53:11,72,0,180,0.4,0.0
2022-02-26T14:01:27,72,0,180,0.4,0.0
2022-02-26T14:09:44,72,0,180,0.4,0.0
2022-02-26T14:18:00,72,0,180,0.4,0.0
2022-02-26T14:26:17,72,0,180,0.4,0.0
2022-02-26T14:34:33,72,0,180,0.4,0.0
2022-02-26T14:42:50,72,0,180,0.4,0.0
2022-02-26T14:51:06,72,1,180,0.4,0.005555555555555556
2022-02-26T14:59:23,72,1,180,0.4,0.005555555555555556
2022-02-26T15:07:40,72,1,180,0.4,0.005555555555555556
2022-02-26T15:16:01,72,1,180,0.4,0.005555555555555556
2022-02-26T15:24:18,72,1,180,0.4,0.005555555555555556
2022-02-26T15:32:35,72,1,180,0.4,0.005555555555555556
2022-02-26T15:40:51,72,1,180,0.4,0.005555555555555556
2022-02-26T15:49:08,72,1,180,0.4,0.005555555555555556
2022-02-26T15:57:24,72,1,180,0.4,0.005555555555555556
2022-02-26T16:05:41,72,1,180,0.4,0.005555555555555556
2022-02-26T16:13:57,72,1,180,0.4,0.005555555555555556
2022-02-26T16:22:14,72,1,180,0.4,0.005555555555555556
2022-02-26T16:30:31,72,1,180,0.4,0.005555555555555556
2022-02-26T16:38:47,72,1,180,0.4,0.005555555555555556
2022-02-26T16:47:04,72,1,180,0.4,0.005555555555555556
2022-02-26T16:55:28,72,1,180,0.4,0.005555555555555556
2022-02-26T17:03:44,72,1,180,0.4,0.005555555555555556
2022-02-26T17:12:01,72,1,180,0.4,0.005555555555555556
2022-02-26T17:20:18,72,1,180,0.4,0.005555555555555556
2022-02-26T17:28:34,72,1,180,0.4,0.005555555555555556
2022-02-26T17:36:51,72,1,180,0.4,0.005555555555555556
2022-02-26T17:45:07,72,1,180,0.4,0.005555555555555556
2022-02-26T17:53:24,72,1,180,0.4,0.005555555555555556
2022-02-26T18:01:40,72,1,180,0.4,0.005555555555555556
2022-02-26T18:09:57,72,1,180,0.4,0.005555555555555556
2022-02-26T18:18:14,72,1,180,0.4,0.005555555555555556
2022-02-26T18:26:30,72,1,180,0.4,0.005555555555555556
2022-02-26T18:34:47,72,1,180,0.4,0.005555555555555556
2022-02-26T18:43:03,72,1,180,0.4,0.005555555555555556
2022-02-26T18:51:20,72,1,180,0.4,0.005555555555555556
2022-02-26T18:59:45,72,1,180,0.4,0.005555555555555556
2022-02-26T19:08:01,72,1,180,0.4,0.005555555555555556
2022-02-26T19:16:18,72,1,180,0.4,0.005555555555555556
2022-02-26T19:24:34,72,1,180,0.4,0.005555555555555556
2022-02-26T19:32:51,72,1,180,0.4,0.005555555555555556
2022-02-26T19:41:08,72,1,180,0.4,0.005555555555555556
2022-02-26T19:49:24,72,1,180,0.4,0.005555555555555556
2022-02-26T19:57:41,72,1,180,0.4,0.005555555555555556
2022-02-26T20:05:57,72,1,180,0.4,0.005555555555555556
2022-02-26T20:14:14,72,1,180,0.4,0.005555555555555556
2022-02-26T20:22:30,72,1,180,0.4,0.005555555555555556
2022-02-26T20:30:56,72,1,180,0.4,0.005555555555555556
2022-02-26T20:39:12,72,1,180,0.4,0.005555555555555556
2022-02-26T20:47:29,72,1,180,0.4,0.005555555555555556
2022-02-26T20:55:45,72,1,180,0.4,0.005555555555555556
2022-02-26T21:04:02,72,1,180,0.4,0.005555555555555556
2022-02-26T21:12:19,72,1,180,0.4,0.005555555555555556
2022-02-26T21:20:35,72,1,180,0.4,0.005555555555555556
2022-02-26T21:28:52,72,1,180,0.4,0.005555555555555556
2022-02-26T21:37:08,72,1,180,0.4,0.005555555555555556
2022-02-26T21:45:25,72,1,180,0.4,0.005555555555555556
2022-02-26T21:53:41,72,1,180,0.4,0.005555555555555556
2022-02-26T22:01:58,72,1,180,0.4,0.005555555555555556
2022-02-26T22:10:15,72,1,180,0.4,0.005555555555555556
2022-02-26T22:18:31,72,1,180,0.4,0.005555555555555556
2022-02-26T22:26:48,72,1,180,0.4,0.005555555555555556
2022-02-26T22:35:14,72,1,180,0.4,0.005555555555555556
2022-02-26T22:43:31,72,1,180,0.4,0.005555555555555556
2022-02-26T22:51:47,72,1,180,0.4,0.005555555555555556
2022-02-26T23:00:04,72,1,180,0.4,0.005555555555555556
2022-02-26T23:08:20,72,1,180,0.4,0.005555555555555556
2022-02-26T23:16:37,72,1,180,0.4,0.005555555555555556
2022-02-26T23:24:53,72,1,180,0.4,0.005555555555555556
2022-02-26T23:33:10,72,1,180,0.4,0.005555555555555556
2022-02-26T23:41:27,72,1,180,0.4,0.005555555555555556
2022-02-26T23:49:43,72,1,180,0.4,0.005555555555555556
2022-02-26T23:58:00,72,1,180,0.4,0.005555555555555556
2022-02-27T00:06:16,72,1,180,0.4,0.005555555555555556
2022-02-27T00:14:33,72,1,180,0.4,0.005555555555555556
2022-02-27T00:22:50,72,1,180,0.4,0.005555555555555556
2022-02-27T00:31:06,72,1,180,0.4,0.005555555555555556
2022-02-27T00:39:23,72,1,180,0.4,0.005555555555555556
2022-02-27T00:47:50,72,1,180,0.4,0.005555555555555556
2022-02-27T00:56:06,72,1,180,0.4,0.005555555555555556
2022-02-27T01:04:23,72,1,180,0.4,0.005555555555555556
2022-02-27T01:12:40,72,1,180,0.4,0.005555555555555556
2022-02-27T01:20:56,72,1,180,0.4,0.005555555555555556
2022-02-27T01:29:13,72,1,180,0.4,0.005555555555555556
2022-02-27T01:37:29,72,1,180,0.4,0.005555555555555556
2022-02-27T01:45:46,72,1,180,0.4,0.005555555555555556
2022-02-27T01:54:03,72,1,180,0.4,0.005555555555555556
2022-02-27T02:02:19,72,1,180,0.4,0.005555555555555556
2022-02-27T02:10:36,72,1,180,0.4,0.005555555555555556
2022-02-27T02:18:52,72,1,180,0.4,0.005555555555555556
2022-02-27T02:27:09,72,1,180,0.4,0.005555555555555556
2022-02-27T02:35:26,72,1,180,0.4,0.005555555555555556
2022-02-27T02:43:43,72,1,180,0.4,0.005555555555555556
2022-02-27T02:52:00,72,1,180,0.4,0.005555555555555556
2022-02-27T03:00:18,72,1,180,0.4,0.005555555555555556
2022-02-27T03:08:35,72,1,180,0.4,0.005555555555555556
2022-02-27T03:16:52,72,1,180,0.4,0.005555555555555556
2022-02-27T03:25:09,72,1,180,0.4,0.005555555555555556
2022-02-27T03:33:26,72,1,180,0.4,0.005555555555555556
2022-02-27T03:41:43,72,1,180,0.4,0.005555555555555556
2022-02-27T03:50:00,72,1,180,0.4,0.005555555555555556
2022-02-27T03:58:17,72,1,180,0.4,0.005555555555555556
2022-02-27T04:06:34,72,1,180,0.4,0.005555555555555556
2022-02-28T11:02:29,73,1,180,0.40555555555555556,0.005555555555555556
2022-02-28T11:10:46,73,1,180,0.40555555555555556,0.005555555555555556
2022-02-28T11:19:03,73,1,180,0.40555555555555556,0.005555555555555556
2022-02-28T11:27:20,73,1,180,0.40555555555555556,0.005555555555555556
2022-02-28T11:35:37,73,1,180,0.40555555555555556,0.005555555555555556
2022-02-28T11:43:54,73,1,180,0.40555555555555556,0.005555555555555556
2022-02-28T11:52:11,73,1,180,0.40555555555555556,0.005555555555555556
2022-02-28T12:00:38,73,1,180,0.40555555555555556,0.005555555555555556
2022-02-28T12:08:55,73,1,180,0.40555555555555556,0.005555555555555556
2022-02-28T12:17:12,73,1,180,0.40555555555555556,0.005555555555555556
2022-02-28T12:25:29,73,1,180,0.40555555555555556,0.005555555555555556
2022-02-28T12:33:46,73,1,180,0.40555555555555556,0.005555555555555556
2022-02-28T12:42:03,73,1,180,0.40555555555555556,0.005555555555555556
2022-02-28T12:50:19,73,1,180,0.40555555555555556,0.005555555555555556
2022-02-28T12:58:47,73,1,180,0.40555555555555556,0.005555555555555556
2022-02-28T13:07:04,73,1,180,0.40555555555555556,0.005555555555555556
2022-02-28T13:15:20,73,1,180,0.40555555555555556,0.005555555555555556
2022-02-28T13:23:37,73,1,180,0.40555555555555556,0.005555555555555556
2022-02-28T13:31:54,73,1,180,0.40555555555555556,0.005555555555555556
2022-02-28T13:40:11,73,1,180,0.40555555555555556,0.005555555555555556
2022-02-28T13:48:28,73,1,180,0.40555555555555556,0.005555555555555556
2022-02-28T13:56:45,73,1,180,0.40555555555555556,0.005555555555555556
2022-02-28T14:05:02,73,1,180,0.40555555555555556,0.005555555555555556
2022-02-28T14:13:28,73,1,180,0.40555555555555556,0.005555555555555556
2022-02-28T14:21:45,73,1,180,0.40555555555555556,0.005555555555555556
2022-02-28T14:30:02,73,1,180,0.40555555555555556,0.005555555555555556
2022-02-28T14:38:19,73,1,180,0.40555555555555556,0.005555555555555556
2022-02-28T14:46:36,73,1,180,0.40555555555555556,0.005555555555555556
2022-02-28T14:54:53,73,1,180,0.40555555555555556,0.005555555555555556
2022-02-28T15:03:09,73,1,180,0.40555555555555556,0.005555555555555556
2022-02-28T15:11:26,73,1,180,0.40555555555555556,0.005555555555555556
2022-02-28T15:19:46,73,1,180,0.40555555555555556,0.005555555555555556
2022-02-28T15:28:17,73,1,180,0.40555555555555556,0.005555555555555556
2022-02-28T15:36:37,73,1,180,0.40555555555555556,0.005555555555555556
2022-02-28T15:44:57,73,1,180,0.40555555555555556,0.005555555555555556
2022-02-28T15:53:17,73,1,180,0.40555555555555556,0.005555555555555556
2022-02-28T16:01:37,73,1,180,0.40555555555555556,0.005555555555555556
2022-02-28T16:09:56,73,1,180,0.40555555555555556,0.005555555555555556
2022-02-28T16:18:16,73,1,180,0.40555555555555556,0.005555555555555556
2022-02-28T16:26:36,73,1,180,0.40555555555555556,0.005555555555555556
2022-02-28T16:35:07,73,1,180,0.40555555555555556,0.005555555555555556
2022-02-28T16:43:27,73,1,180,0.40555555555555556,0.005555555555555556
2022-02-28T16:51:46,73,1,180,0.40555555555555556,0.005555555555555556
2022-02-28T17:00:06,73,1,180,0.40555555555555556,0.005555555555555556
2022-02-28T17:08:26,73,1,180,0.40555555555555556,0.005555555555555556
2022-02-28T17:16:46,73,1,180,0.40555555555555556,0.005555555555555556
2022-02-28T17:25:06,73,1,180,0.40555555555555556,0.005555555555555556
2022-02-28T17:33:25,73,1,180,0.40555555555555556,0.005555555555555556
2022-02-28T17:41:45,73,1,180,0.40555555555555556,0.005555555555555556
2022-02-28T17:50:25,73,1,180,0.40555555555555556,0.005555555555555556
2022-02-28T17:58:44,73,1,180,0.40555555555555556,0.005555555555555556
2022-02-28T18:07:04,73,1,180,0.40555555555555556,0.005555555555555556
2022-02-28T18:15:24,73,1,180,0.40555555555555556,0.005555555555555556
2022-02-28T18:23:44,73,1,180,0.40555555555555556,0.005555555555555556
2022-02-28T18:32:03,73,1,180,0.40555555555555556,0.005555555555555556
2022-02-28T18:40:23,73,1,180,0.40555555555555556,0.005555555555555556
2022-02-28T18:48:42,73,1,180,0.40555555555555556,0.005555555555555556
2022-02-28T18:57:02,73,1,180,0.40555555555555556,0.005555555555555556
2022-02-28T19:05:22,73,1,180,0.40555555555555556,0.005555555555555556
2022-02-28T19:13:51,73,1,180,0.40555555555555556,0.005555555555555556
2022-02-28T19:22:11,73,1,180,0.40555555555555556,0.005555555555555556
2022-02-28T19:30:31,73,1,180,0.40555555555555556,0.005555555555555556
2022-02-28T19:38:50,73,1,180,0.40555555555555556,0.005555555555555556
2022-02-28T19:47:10,73,1,180,0.40555555555555556,0.005555555555555556
2022-02-28T19:55:30,73,1,180,0.40555555555555556,0.005555555555555556
2022-02-28T20:03:49,73,1,180,0.40555555555555556,0.005555555555555556
2022-02-28T20:12:09,73,1,180,0.40555555555555556,0.005555555555555556
2022-02-28T20:20:28,73,1,180,0.40555555555555556,0.005555555555555556
2022-02-28T20:28:59,73,1,180,0.40555555555555556,0.005555555555555556
2022-02-28T20:37:19,73,1,180,0.40555555555555556,0.005555555555555556
2022-02-28T20:45:38,73,1,180,0.40555555555555556,0.005555555555555556
2022-02-28T20:53:58,73,1,180,0.40555555555555556,0.005555555555555556
2022-02-28T21:02:18,73,1,180,0.40555555555555556,0.005555555555555556
2022-02-28T21:10:37,73,1,180,0.40555555555555556,0.005555555555555556
2022-02-28T21:19:17,73,1,180,0.40555555555555556,0.005555555555555556
2022-02-28T21:27:37,73,1,180,0.40555555555555556,0.005555555555555556
2022-02-28T21:35:56,73,1,180,0.40555555555555556,0.005555555555555556
2022-02-28T21:44:16,73,1,180,0.40555555555555556,0.005555555555555556
2022-02-28T21:52:36,73,1,180,0.40555555555555556,0.005555555555555556
2022-02-28T22:00:56,73,1,180,0.40555555555555556,0.005555555555555556
2022-02-28T22:09:15,73,1,180,0.40555555555555556,0.005555555555555556
2022-02-28T22:17:35,73,1,180,0.40555555555555556,0.005555555555555556
2022-02-28T22:25:55,73,1,180,0.40555555555555556,0.005555555555555556
2022-02-28T22:34:14,73,1,180,0.40555555555555556,0.005555555555555556
2022-02-28T22:42:34,73,1,180,0.40555555555555556,0.005555555555555556
2022-02-28T22:50:53,73,1,180,0.40555555555555556,0.005555555555555556
2022-02-28T22:59:21,73,1,180,0.40555555555555556,0.005555555555555556
2022-02-28T23:07:40,73,1,180,0.40555555555555556,0.005555555555555556
2022-02-28T23:16:00,73,1,180,0.40555555555555556,0.005555555555555556
2022-02-28T23:24:20,73,1,180,0.40555555555555556,0.005555555555555556
2022-02-28T23:32:39,74,1,180,0.4111111111111111,0.005555555555555556
2022-02-28T23:40:59,74,1,180,0.4111111111111111,0.005555555555555556
2022-02-28T23:49:19,74,1,180,0.4111111111111111,0.005555555555555556
2022-02-28T23:57:38,74,1,180,0.4111111111111111,0.005555555555555556
2022-03-01T00:05:58,74,1,180,0.4111111111111111,0.005555555555555556
2022-03-01T00:14:18,74,1,180,0.4111111111111111,0.005555555555555556
2022-03-01T00:22:38,74,1,180,0.4111111111111111,0.005555555555555556
2022-03-01T00:30:58,74,1,180,0.4111111111111111,0.005555555555555556
2022-03-01T00:39:37,74,1,180,0.4111111111111111,0.005555555555555556
2022-03-01T00:47:57,74,1,180,0.4111111111111111,0.005555555555555556
2022-03-01T00:56:17,74,1,180,0.4111111111111111,0.005555555555555556
2022-03-01T01:04:37,74,1,180,0.4111111111111111,0.005555555555555556
2022-03-01T01:12:57,74,1,180,0.4111111111111111,0.005555555555555556
2022-03-01T01:21:17,74,1,180,0.4111111111111111,0.005555555555555556
2022-03-01T01:29:37,74,1,180,0.4111111111111111,0.005555555555555556
2022-03-01T01:37:57,74,1,180,0.4111111111111111,0.005555555555555556
2022-03-01T01:46:17,74,1,180,0.4111111111111111,0.005555555555555556
2022-03-01T01:54:37,74,1,180,0.4111111111111111,0.005555555555555556
2022-03-01T02:02:57,74,1,180,0.4111111111111111,0.005555555555555556
2022-03-01T02:11:16,74,1,180,0.4111111111111111,0.005555555555555556
2022-03-01T02:19:36,74,1,180,0.4111111111111111,0.005555555555555556
2022-03-01T02:27:56,74,1,180,0.4111111111111111,0.005555555555555556
2022-03-01T02:36:15,74,1,180,0.4111111111111111,0.005555555555555556
2022-03-01T02:44:35,74,1,180,0.4111111111111111,0.005555555555555556
2022-03-01T02:52:54,74,1,180,0.4111111111111111,0.005555555555555556
2022-03-01T03:01:14,74,1,180,0.4111111111111111,0.005555555555555556
2022-03-01T03:09:39,74,1,180,0.4111111111111111,0.005555555555555556
2022-03-01T03:18:00,74,1,180,0.4111111111111111,0.005555555555555556
2022-03-01T03:26:19,74,1,180,0.4111111111111111,0.005555555555555556
2022-03-01T03:34:39,74,1,180,0.4111111111111111,0.005555555555555556
2022-03-01T03:42:59,74,1,180,0.4111111111111111,0.005555555555555556
2022-03-01T03:51:19,74,1,180,0.4111111111111111,0.005555555555555556
2022-03-01T03:59:38,74,1,180,0.4111111111111111,0.005555555555555556
2022-03-01T04:08:36,74,1,180,0.4111111111111111,0.005555555555555556
2022-03-01T04:26:20,74,1,180,0.4111111111111111,0.005555555555555556
2022-03-01T04:34:57,74,1,180,0.4111111111111111,0.005555555555555556
2022-03-01T04:43:17,74,1,180,0.4111111111111111,0.005555555555555556
2022-03-01T04:51:38,74,1,180,0.4111111111111111,0.005555555555555556
2022-03-01T04:59:58,74,1,180,0.4111111111111111,0.005555555555555556
2022-03-01T05:08:20,74,1,180,0.4111111111111111,0.005555555555555556
2022-03-01T05:16:40,74,1,180,0.4111111111111111,0.005555555555555556
2022-03-01T05:25:01,74,1,180,0.4111111111111111,0.005555555555555556
2022-03-01T05:33:21,74,1,180,0.4111111111111111,0.005555555555555556
2022-03-01T05:41:41,74,1,180,0.4111111111111111,0.005555555555555556
2022-03-01T05:50:02,74,1,180,0.4111111111111111,0.005555555555555556
2022-03-01T05:58:22,74,1,180,0.4111111111111111,0.005555555555555556
2022-03-01T06:06:42,74,1,180,0.4111111111111111,0.005555555555555556
2022-03-01T06:15:02,74,1,180,0.4111111111111111,0.005555555555555556
2022-03-01T06:23:23,74,1,180,0.4111111111111111,0.005555555555555556
2022-03-01T06:31:43,74,1,180,0.4111111111111111,0.005555555555555556
2022-03-01T06:40:03,74,1,180,0.4111111111111111,0.005555555555555556
2022-03-01T06:48:23,74,1,180,0.4111111111111111,0.005555555555555556
2022-03-01T06:56:43,74,1,180,0.4111111111111111,0.005555555555555556
2022-03-01T07:05:03,74,1,180,0.4111111111111111,0.005555555555555556
2022-03-01T07:13:23,74,1,180,0.4111111111111111,0.005555555555555556
2022-03-01T07:21:43,74,1,180,0.4111111111111111,0.005555555555555556
2022-03-01T07:30:02,74,1,180,0.4111111111111111,0.005555555555555556
2022-03-01T07:38:22,74,1,180,0.4111111111111111,0.005555555555555556
2022-03-01T07:46:42,74,1,180,0.4111111111111111,0.005555555555555556
2022-03-01T07:55:02,74,1,180,0.4111111111111111,0.005555555555555556
2022-03-01T08:03:22,74,1,180,0.4111111111111111,0.005555555555555556
2022-03-01T08:11:42,74,1,180,0.4111111111111111,0.005555555555555556
2022-03-01T08:20:01,74,1,180,0.4111111111111111,0.005555555555555556
2022-03-01T08:28:21,74,1,180,0.4111111111111111,0.005555555555555556
2022-03-01T08:36:42,74,1,180,0.4111111111111111,0.005555555555555556
2022-03-01T08:45:16,74,1,180,0.4111111111111111,0.005555555555555556
2022-03-01T08:53:36,74,1,180,0.4111111111111111,0.005555555555555556
2022-03-01T09:01:56,74,1,180,0.4111111111111111,0.005555555555555556
2022-03-01T09:10:16,74,1,180,0.4111111111111111,0.005555555555555556
2022-03-01T09:18:36,74,1,180,0.4111111111111111,0.005555555555555556
2022-03-01T09:26:56,74,1,180,0.4111111111111111,0.005555555555555556
2022-03-01T09:35:16,74,1,180,0.4111111111111111,0.005555555555555556
2022-03-01T09:43:35,74,1,180,0.4111111111111111,0.005555555555555556
2022-03-01T09:51:56,74,1,180,0.4111111111111111,0.005555555555555556
2022-03-01T10:00:15,74,1,180,0.4111111111111111,0.005555555555555556
2022-03-01T10:08:44,74,1,180,0.4111111111111111,0.005555555555555556
2022-03-01T10:17:04,74,1,180,0.4111111111111111,0.005555555555555556
2022-03-01T10:25:24,74,1,180,0.4111111111111111,0.005555555555555556
2022-03-01T10:33:44,74,1,180,0.4111111111111111,0.005555555555555556
2022-03-01T10:42:04,74,1,180,0.4111111111111111,0.005555555555555556
2022-03-01T10:50:24,74,1,180,0.4111111111111111,0.005555555555555556
2022-03-01T10:58:44,74,1,180,0.4111111111111111,0.005555555555555556
2022-03-01T11:07:04,74,1,180,0.4111111111111111,0.005555555555555556
2022-03-01T11:15:32,74,1,180,0.4111111111111111,0.005555555555555556
2022-03-01T11:23:52,74,1,180,0.4111111111111111,0.005555555555555556
2022-03-01T11:32:12,74,1,180,0.4111111111111111,0.005555555555555556
2022-03-01T11:40:32,74,1,180,0.4111111111111111,0.005555555555555556
2022-03-01T11:48:53,74,1,180,0.4111111111111111,0.005555555555555556
2022-03-01T11:57:13,74,1,180,0.4111111111111111,0.005555555555555556
2022-03-01T12:05:33,74,1,180,0.4111111111111111,0.005555555555555556
2022-03-01T12:13:54,74,1,180,0.4111111111111111,0.005555555555555556
2022-03-01T12:22:14,74,1,180,0.4111111111111111,0.005555555555555556
2022-03-01T12:30:44,74,1,180,0.4111111111111111,0.005555555555555556
2022-03-01T12:39:04,74,1,180,0.4111111111111111,0.005555555555555556
2022-03-01T12:47:24,74,1,180,0.4111111111111111,0.005555555555555556
2022-03-01T12:55:45,74,1,180,0.4111111111111111,0.005555555555555556
2022-03-01T13:04:05,74,1,180,0.4111111111111111,0.005555555555555556
2022-03-01T13:12:25,74,1,180,0.4111111111111111,0.005555555555555556
2022-03-01T13:20:45,74,1,180,0.4111111111111111,0.005555555555555556
2022-03-01T13:29:05,74,1,180,0.4111111111111111,0.005555555555555556
2022-03-01T13:37:42,74,1,180,0.4111111111111111,0.005555555555555556
2022-03-01T13:46:02,74,1,180,0.4111111111111111,0.005555555555555556
2022-03-01T13:54:22,74,1,180,0.4111111111111111,0.005555555555555556
2022-03-01T14:02:42,74,1,180,0.4111111111111111,0.005555555555555556
2022-03-01T14:11:02,74,1,180,0.4111111111111111,0.005555555555555556
2022-03-01T14:19:44,74,1,180,0.4111111111111111,0.005555555555555556
2022-03-01T14:28:04,74,1,180,0.4111111111111111,0.005555555555555556
2022-03-01T14:36:24,74,1,180,0.4111111111111111,0.005555555555555556
2022-03-01T14:44:44,74,1,180,0.4111111111111111,0.005555555555555556
2022-03-01T14:53:04,74,1,180,0.4111111111111111,0.005555555555555556
2022-03-01T15:01:24,74,1,180,0.4111111111111111,0.005555555555555556
2022-03-01T15:09:44,74,1,180,0.4111111111111111,0.005555555555555556
2022-03-01T15:18:15,74,1,180,0.4111111111111111,0.005555555555555556
2022-03-01T15:26:34,74,1,180,0.4111111111111111,0.005555555555555556
2022-03-01T15:34:54,74,1,180,0.4111111111111111,0.005555555555555556
2022-03-01T15:43:14,74,1,180,0.4111111111111111,0.005555555555555556
2022-03-01T15:51:34,74,1,180,0.4111111111111111,0.005555555555555556
2022-03-01T15:59:54,74,1,180,0.4111111111111111,0.005555555555555556
2022-03-01T16:08:14,74,1,180,0.4111111111111111,0.005555555555555556
2022-03-01T16:16:54,74,1,180,0.4111111111111111,0.005555555555555556
2022-03-01T16:25:17,74,1,180,0.4111111111111111,0.005555555555555556
2022-03-01T16:33:40,74,1,180,0.4111111111111111,0.005555555555555556
2022-03-01T16:42:03,74,1,180,0.4111111111111111,0.005555555555555556
2022-03-01T16:50:25,74,1,180,0.4111111111111111,0.005555555555555556
2022-03-01T16:58:48,74,1,180,0.4111111111111111,0.005555555555555556
2022-03-01T17:07:11,74,1,180,0.4111111111111111,0.005555555555555556
2022-03-01T17:15:34,74,1,180,0.4111111111111111,0.005555555555555556
2022-03-01T17:24:08,74,1,180,0.4111111111111111,0.005555555555555556
2022-03-01T17:32:31,74,1,180,0.4111111111111111,0.005555555555555556
2022-03-01T17:40:54,74,1,180,0.4111111111111111,0.005555555555555556
2022-03-01T17:49:17,74,1,180,0.4111111111111111,0.005555555555555556
2022-03-01T17:57:40,74,1,180,0.4111111111111111,0.005555555555555556
2022-03-01T18:06:03,74,1,180,0.4111111111111111,0.005555555555555556
2022-03-01T18:14:26,74,1,180,0.4111111111111111,0.005555555555555556
2022-03-01T18:22:49,74,1,180,0.4111111111111111,0.005555555555555556
2022-03-01T18:31:12,74,1,180,0.4111111111111111,0.005555555555555556
2022-03-01T18:39:47,74,1,180,0.4111111111111111,0.005555555555555556
2022-03-01T18:48:10,74,1,180,0.4111111111111111,0.005555555555555556
2022-03-01T18:56:34,74,1,180,0.4111111111111111,0.005555555555555556
2022-03-01T19:04:58,74,1,180,0.4111111111111111,0.005555555555555556
2022-03-01T19:13:21,74,1,180,0.4111111111111111,0.005555555555555556
2022-03-01T19:21:45,74,1,180,0.4111111111111111,0.005555555555555556
2022-03-01T19:30:08,74,1,180,0.4111111111111111,0.005555555555555556
2022-03-01T19:38:32,74,1,180,0.4111111111111111,0.005555555555555556
2022-03-01T19:46:57,74,1,180,0.4111111111111111,0.005555555555555556
2022-03-01T19:55:38,74,1,180,0.4111111111111111,0.005555555555555556
2022-03-01T20:04:02,74,1,180,0.4111111111111111,0.005555555555555556
2022-03-01T20:12:25,74,1,180,0.4111111111111111,0.005555555555555556
2022-03-01T20:20:48,74,1,180,0.4111111111111111,0.005555555555555556
2022-03-01T20:29:11,74,1,180,0.4111111111111111,0.005555555555555556
2022-03-01T20:37:34,74,1,180,0.4111111111111111,0.005555555555555556
2022-03-01T20:46:08,74,1,180,0.4111111111111111,0.005555555555555556
2022-03-01T20:54:30,74,1,180,0.4111111111111111,0.005555555555555556
2022-03-01T21:02:53,74,1,180,0.4111111111111111,0.005555555555555556
2022-03-01T21:11:16,74,1,180,0.4111111111111111,0.005555555555555556
2022-03-01T21:19:38,74,1,180,0.4111111111111111,0.005555555555555556
2022-03-01T21:28:01,74,1,180,0.4111111111111111,0.005555555555555556
2022-03-01T21:36:24,74,1,180,0.4111111111111111,0.005555555555555556
2022-03-01T21:44:46,74,1,180,0.4111111111111111,0.005555555555555556
2022-03-01T21:53:09,74,1,180,0.4111111111111111,0.005555555555555556
2022-03-01T22:01:31,74,1,180,0.4111111111111111,0.005555555555555556
2022-03-01T22:09:54,74,1,180,0.4111111111111111,0.005555555555555556
2022-03-01T22:18:17,74,1,180,0.4111111111111111,0.005555555555555556
2022-03-01T22:26:59,74,1,180,0.4111111111111111,0.005555555555555556
2022-03-01T22:35:22,74,1,180,0.4111111111111111,0.005555555555555556
2022-03-01T22:43:45,74,1,180,0.4111111111111111,0.005555555555555556
2022-03-01T22:52:08,74,1,180,0.4111111111111111,0.005555555555555556
2022-03-01T23:00:30,74,1,180,0.4111111111111111,0.005555555555555556
2022-03-01T23:08:53,74,1,180,0.4111111111111111,0.005555555555555556
2022-03-01T23:17:15,74,1,180,0.4111111111111111,0.005555555555555556
2022-03-01T23:25:38,74,1,180,0.4111111111111111,0.005555555555555556
2022-03-01T23:34:01,74,1,180,0.4111111111111111,0.005555555555555556
2022-03-01T23:42:34,74,1,180,0.4111111111111111,0.005555555555555556
2022-03-01T23:50:57,74,1,180,0.4111111111111111,0.005555555555555556
2022-03-01T23:59:19,74,1,180,0.4111111111111111,0.005555555555555556
2022-03-02T00:07:42,74,1,180,0.4111111111111111,0.005555555555555556
2022-03-02T00:16:06,74,1,180,0.4111111111111111,0.005555555555555556
2022-03-02T00:24:29,74,1,180,0.4111111111111111,0.005555555555555556
2022-03-02T00:32:52,74,1,180,0.4111111111111111,0.005555555555555556
2022-03-02T00:41:15,74,1,180,0.4111111111111111,0.005555555555555556
2022-03-02T00:49:39,74,1,180,0.4111111111111111,0.005555555555555556
2022-03-02T00:58:02,74,1,180,0.4111111111111111,0.005555555555555556
2022-03-02T01:06:25,74,1,180,0.4111111111111111,0.005555555555555556
2022-03-02T01:14:48,74,1,180,0.4111111111111111,0.005555555555555556
2022-03-02T01:23:11,74,1,180,0.4111111111111111,0.005555555555555556
2022-03-02T01:31:44,74,1,180,0.4111111111111111,0.005555555555555556
2022-03-02T01:40:07,74,1,180,0.4111111111111111,0.005555555555555556
2022-03-02T01:48:30,74,1,180,0.4111111111111111,0.005555555555555556
2022-03-02T01:56:53,74,1,180,0.4111111111111111,0.005555555555555556
2022-03-02T02:05:16,74,1,180,0.4111111111111111,0.005555555555555556
2022-03-02T02:13:39,74,1,180,0.4111111111111111,0.005555555555555556
2022-03-02T02:22:02,74,1,180,0.4111111111111111,0.005555555555555556
2022-03-02T02:30:25,74,1,180,0.4111111111111111,0.005555555555555556
2022-03-02T02:38:49,74,1,180,0.4111111111111111,0.005555555555555556
2022-03-02T02:47:12,74,1,180,0.4111111111111111,0.005555555555555556
2022-03-02T02:55:35,74,1,180,0.4111111111111111,0.005555555555555556
2022-03-02T03:03:58,74,1,180,0.4111111111111111,0.005555555555555556
2022-03-02T03:12:20,74,1,180,0.4111111111111111,0.005555555555555556
2022-03-02T03:20:43,74,1,180,0.4111111111111111,0.005555555555555556
2022-03-02T03:29:06,74,1,180,0.4111111111111111,0.005555555555555556
2022-03-02T03:37:29,74,1,180,0.4111111111111111,0.005555555555555556
2022-03-02T03:45:51,74,1,180,0.4111111111111111,0.005555555555555556
2022-03-02T03:54:14,74,1,180,0.4111111111111111,0.005555555555555556
2022-03-02T04:02:37,74,1,180,0.4111111111111111,0.005555555555555556
2022-03-02T04:11:00,74,1,180,0.4111111111111111,0.005555555555555556
2022-03-02T04:21:29,74,1,180,0.4111111111111111,0.005555555555555556
2022-03-02T04:29:52,74,1,180,0.4111111111111111,0.005555555555555556
2022-03-02T04:39:19,74,1,180,0.4111111111111111,0.005555555555555556
2022-03-02T04:47:57,74,1,180,0.4111111111111111,0.005555555555555556
2022-03-02T04:56:20,74,1,180,0.4111111111111111,0.005555555555555556
2022-03-02T05:04:43,74,1,180,0.4111111111111111,0.005555555555555556
2022-03-02T05:13:07,74,1,180,0.4111111111111111,0.005555555555555556
2022-03-02T05:21:30,74,1,180,0.4111111111111111,0.005555555555555556
2022-03-02T05:29:53,74,1,180,0.4111111111111111,0.005555555555555556
2022-03-02T05:38:17,74,1,180,0.4111111111111111,0.005555555555555556
2022-03-02T05:46:41,74,1,180,0.4111111111111111,0.005555555555555556
2022-03-02T05:55:04,74,1,180,0.4111111111111111,0.005555555555555556
2022-03-02T06:03:27,74,1,180,0.4111111111111111,0.005555555555555556
2022-03-02T06:11:50,74,1,180,0.4111111111111111,0.005555555555555556
2022-03-02T06:20:15,74,1,180,0.4111111111111111,0.005555555555555556
2022-03-02T06:28:38,74,1,180,0.4111111111111111,0.005555555555555556
2022-03-02T06:37:01,74,1,180,0.4111111111111111,0.005555555555555556
2022-03-02T06:45:24,74,1,180,0.4111111111111111,0.005555555555555556
2022-03-02T06:53:47,74,1,180,0.4111111111111111,0.005555555555555556
2022-03-02T07:02:11,74,1,180,0.4111111111111111,0.005555555555555556
2022-03-02T07:10:34,74,1,180,0.4111111111111111,0.005555555555555556
2022-03-02T07:18:57,74,1,180,0.4111111111111111,0.005555555555555556
2022-03-02T07:27:19,74,1,180,0.4111111111111111,0.005555555555555556
2022-03-02T07:35:42,74,1,180,0.4111111111111111,0.005555555555555556
2022-03-02T07:44:05,74,1,180,0.4111111111111111,0.005555555555555556
2022-03-02T07:52:28,74,1,180,0.4111111111111111,0.005555555555555556
2022-03-02T08:00:50,74,1,180,0.4111111111111111,0.005555555555555556
2022-03-02T08:09:30,74,1,180,0.4111111111111111,0.005555555555555556
2022-03-02T08:17:53,74,1,180,0.4111111111111111,0.005555555555555556
2022-03-02T08:26:16,74,1,180,0.4111111111111111,0.005555555555555556
2022-03-02T08:34:38,74,1,180,0.4111111111111111,0.005555555555555556
2022-03-02T08:43:01,74,1,180,0.4111111111111111,0.005555555555555556
2022-03-02T08:51:24,74,1,180,0.4111111111111111,0.005555555555555556
2022-03-02T08:59:47,74,1,180,0.4111111111111111,0.005555555555555556
2022-03-02T09:08:10,74,1,180,0.4111111111111111,0.005555555555555556
2022-03-02T09:16:33,74,1,180,0.4111111111111111,0.005555555555555556
2022-03-02T09:24:56,74,1,180,0.4111111111111111,0.005555555555555556
2022-03-02T09:33:19,74,1,180,0.4111111111111111,0.005555555555555556
2022-03-02T09:41:43,74,1,180,0.4111111111111111,0.005555555555555556
2022-03-02T09:50:06,74,1,180,0.4111111111111111,0.005555555555555556
2022-03-02T09:58:41,74,1,180,0.4111111111111111,0.005555555555555556
2022-03-02T10:07:04,74,1,180,0.4111111111111111,0.005555555555555556
2022-03-02T10:15:27,74,1,180,0.4111111111111111,0.005555555555555556
2022-03-02T10:23:50,74,1,180,0.4111111111111111,0.005555555555555556
2022-03-02T10:32:13,74,1,180,0.4111111111111111,0.005555555555555556
2022-03-02T10:40:36,74,1,180,0.4111111111111111,0.005555555555555556
2022-03-02T10:49:10,74,1,180,0.4111111111111111,0.005555555555555556
2022-03-02T10:57:33,74,1,180,0.4111111111111111,0.005555555555555556
2022-03-02T11:05:56,74,1,180,0.4111111111111111,0.005555555555555556
2022-03-02T11:14:19,74,1,180,0.4111111111111111,0.005555555555555556
2022-03-02T11:22:42,74,1,180,0.4111111111111111,0.005555555555555556
2022-03-02T11:31:05,74,1,180,0.4111111111111111,0.005555555555555556
2022-03-02T11:39:36,74,1,180,0.4111111111111111,0.005555555555555556
2022-03-02T11:47:59,74,1,180,0.4111111111111111,0.005555555555555556
2022-03-02T11:56:22,73,1,180,0.40555555555555556,0.005555555555555556
2022-03-02T12:04:46,73,1,180,0.40555555555555556,0.005555555555555556
2022-03-02T12:13:09,73,1,180,0.40555555555555556,0.005555555555555556
2022-03-02T12:21:32,73,1,180,0.40555555555555556,0.005555555555555556
2022-03-02T12:30:09,73,1,180,0.40555555555555556,0.005555555555555556
2022-03-02T12:38:32,73,1,180,0.40555555555555556,0.005555555555555556
2022-03-02T12:46:56,73,1,180,0.40555555555555556,0.005555555555555556
2022-03-02T12:55:19,73,1,180,0.40555555555555556,0.005555555555555556
2022-03-02T13:03:42,73,1,180,0.40555555555555556,0.005555555555555556
2022-03-02T13:12:05,73,1,180,0.40555555555555556,0.005555555555555556
2022-03-02T13:20:37,73,1,180,0.40555555555555556,0.005555555555555556
2022-03-02T13:29:00,73,1,180,0.40555555555555556,0.005555555555555556
2022-03-02T13:37:23,73,1,180,0.40555555555555556,0.005555555555555556
2022-03-02T13:45:46,73,1,180,0.40555555555555556,0.005555555555555556
2022-03-02T13:54:09,73,1,180,0.40555555555555556,0.005555555555555556
2022-03-02T14:02:33,73,1,180,0.40555555555555556,0.005555555555555556
2022-03-02T14:11:14,73,1,180,0.40555555555555556,0.005555555555555556
2022-03-02T14:19:37,73,1,180,0.40555555555555556,0.005555555555555556
2022-03-02T14:28:00,73,1,180,0.40555555555555556,0.005555555555555556
2022-03-02T14:36:23,73,1,180,0.40555555555555556,0.005555555555555556
2022-03-02T14:44:46,73,1,180,0.40555555555555556,0.005555555555555556
2022-03-02T14:53:10,73,1,180,0.40555555555555556,0.005555555555555556
2022-03-02T15:01:33,73,1,180,0.40555555555555556,0.005555555555555556
2022-03-02T15:10:06,73,1,180,0.40555555555555556,0.005555555555555556
2022-03-02T15:18:29,73,1,180,0.40555555555555556,0.005555555555555556
2022-03-02T15:26:52,73,1,180,0.40555555555555556,0.005555555555555556
2022-03-02T15:35:15,73,1,180,0.40555555555555556,0.005555555555555556
2022-03-02T15:43:38,73,1,180,0.40555555555555556,0.005555555555555556
2022-03-02T15:52:01,73,1,180,0.40555555555555556,0.005555555555555556
2022-03-02T16:00:24,73,1,180,0.40555555555555556,0.005555555555555556
2022-03-02T16:08:47,73,1,180,0.40555555555555556,0.005555555555555556
2022-03-02T16:17:20,73,1,180,0.40555555555555556,0.005555555555555556
2022-03-02T16:25:43,73,1,180,0.40555555555555556,0.005555555555555556
2022-03-02T16:34:06,73,1,180,0.40555555555555556,0.005555555555555556
2022-03-02T16:42:29,73,1,180,0.40555555555555556,0.005555555555555556
2022-03-02T16:50:53,73,1,180,0.40555555555555556,0.005555555555555556
2022-03-02T16:59:16,73,1,180,0.40555555555555556,0.005555555555555556
2022-03-02T17:07:39,73,1,180,0.40555555555555556,0.005555555555555556
2022-03-02T17:16:11,73,1,180,0.40555555555555556,0.005555555555555556
2022-03-02T17:24:34,73,1,180,0.40555555555555556,0.005555555555555556
2022-03-02T17:32:57,73,1,180,0.40555555555555556,0.005555555555555556
2022-03-02T17:41:20,73,1,180,0.40555555555555556,0.005555555555555556
2022-03-02T17:49:42,73,1,180,0.40555555555555556,0.005555555555555556
2022-03-02T17:58:05,73,1,180,0.40555555555555556,0.005555555555555556
2022-03-02T18:06:28,73,1,180,0.40555555555555556,0.005555555555555556
2022-03-02T18:14:52,73,1,180,0.40555555555555556,0.005555555555555556
2022-03-02T18:23:32,73,1,180,0.40555555555555556,0.005555555555555556
2022-03-02T18:31:57,73,1,180,0.40555555555555556,0.005555555555555556
2022-03-02T18:40:20,73,1,180,0.40555555555555556,0.005555555555555556
2022-03-02T18:48:43,73,1,180,0.40555555555555556,0.005555555555555556
2022-03-02T18:57:05,73,1,180,0.40555555555555556,0.005555555555555556
2022-03-02T19:05:28,73,1,180,0.40555555555555556,0.005555555555555556
2022-03-02T19:13:51,73,1,180,0.40555555555555556,0.005555555555555556
2022-03-02T19:22:14,73,1,180,0.40555555555555556,0.005555555555555556
2022-03-02T19:30:37,73,1,180,0.40555555555555556,0.005555555555555556
2022-03-02T19:39:11,73,1,180,0.40555555555555556,0.005555555555555556
2022-03-02T19:47:34,73,1,180,0.40555555555555556,0.005555555555555556
2022-03-02T19:55:57,73,1,180,0.40555555555555556,0.005555555555555556
2022-03-02T20:04:20,73,1,180,0.40555555555555556,0.005555555555555556
2022-03-02T20:12:42,73,1,180,0.40555555555555556,0.005555555555555556
2022-03-02T20:21:05,73,1,180,0.40555555555555556,0.005555555555555556
2022-03-02T20:29:28,73,1,180,0.40555555555555556,0.005555555555555556
2022-03-02T20:37:51,73,1,180,0.40555555555555556,0.005555555555555556
2022-03-02T20:46:33,73,1,180,0.40555555555555556,0.005555555555555556
2022-03-02T20:54:56,73,1,180,0.40555555555555556,0.005555555555555556
2022-03-02T21:03:19,73,1,180,0.40555555555555556,0.005555555555555556
2022-03-02T21:11:41,73,1,180,0.40555555555555556,0.005555555555555556
2022-03-02T21:20:04,73,1,180,0.40555555555555556,0.005555555555555556
2022-03-02T21:28:27,73,1,180,0.40555555555555556,0.005555555555555556
2022-03-02T21:36:50,73,1,180,0.40555555555555556,0.005555555555555556
2022-03-02T21:45:12,73,1,180,0.40555555555555556,0.005555555555555556
2022-03-02T21:53:35,73,1,180,0.40555555555555556,0.005555555555555556
2022-03-02T22:02:08,73,1,180,0.40555555555555556,0.005555555555555556
2022-03-02T22:10:31,73,1,180,0.40555555555555556,0.005555555555555556
2022-03-02T22:18:54,73,1,180,0.40555555555555556,0.005555555555555556
2022-03-02T22:27:19,73,1,180,0.40555555555555556,0.005555555555555556
2022-03-02T22:35:41,73,1,180,0.40555555555555556,0.005555555555555556
2022-03-02T22:44:05,73,1,180,0.40555555555555556,0.005555555555555556
2022-03-02T22:52:27,73,1,180,0.40555555555555556,0.005555555555555556
2022-03-02T23:00:50,73,1,180,0.40555555555555556,0.005555555555555556
2022-03-02T23:09:13,73,1,180,0.40555555555555556,0.005555555555555556
2022-03-02T23:17:59,73,1,180,0.40555555555555556,0.005555555555555556
2022-03-02T23:26:22,73,1,180,0.40555555555555556,0.005555555555555556
2022-03-02T23:34:44,73,1,180,0.40555555555555556,0.005555555555555556
2022-03-02T23:43:07,73,1,180,0.40555555555555556,0.005555555555555556
2022-03-02T23:51:33,73,1,180,0.40555555555555556,0.005555555555555556
2022-03-02T23:59:55,73,1,180,0.40555555555555556,0.005555555555555556
2022-03-03T00:08:18,73,1,180,0.40555555555555556,0.005555555555555556
2022-03-03T00:16:41,73,1,180,0.40555555555555556,0.005555555555555556
2022-03-03T00:25:04,73,1,180,0.40555555555555556,0.005555555555555556
2022-03-03T00:33:27,73,1,180,0.40555555555555556,0.005555555555555556
2022-03-03T00:41:51,73,1,180,0.40555555555555556,0.005555555555555556
2022-03-03T00:50:14,73,1,180,0.40555555555555556,0.005555555555555556
2022-03-03T00:58:37,73,1,180,0.40555555555555556,0.005555555555555556
2022-03-03T01:07:14,73,1,180,0.40555555555555556,0.005555555555555556
2022-03-03T01:15:37,73,1,180,0.40555555555555556,0.005555555555555556
2022-03-03T01:24:00,73,1,180,0.40555555555555556,0.005555555555555556
2022-03-03T01:32:22,73,1,180,0.40555555555555556,0.005555555555555556
2022-03-03T01:40:45,73,1,180,0.40555555555555556,0.005555555555555556
2022-03-03T01:49:08,73,1,180,0.40555555555555556,0.005555555555555556
2022-03-03T01:57:31,73,1,180,0.40555555555555556,0.005555555555555556
2022-03-03T02:05:54,73,1,180,0.40555555555555556,0.005555555555555556
2022-03-03T02:14:17,73,1,180,0.40555555555555556,0.005555555555555556
2022-03-03T02:22:40,73,1,180,0.40555555555555556,0.005555555555555556
2022-03-03T02:31:05,73,1,180,0.40555555555555556,0.005555555555555556
2022-03-03T02:39:28,73,1,180,0.40555555555555556,0.005555555555555556
2022-03-03T02:47:51,73,1,180,0.40555555555555556,0.005555555555555556
2022-03-03T02:56:14,73,1,180,0.40555555555555556,0.005555555555555556
2022-03-03T03:04:37,73,1,180,0.40555555555555556,0.005555555555555556
2022-03-03T03:13:00,73,1,180,0.40555555555555556,0.005555555555555556
2022-03-03T03:21:23,73,1,180,0.40555555555555556,0.005555555555555556
2022-03-03T03:29:45,73,1,180,0.40555555555555556,0.005555555555555556
2022-03-03T03:38:08,73,1,180,0.40555555555555556,0.005555555555555556
2022-03-03T03:46:39,73,1,180,0.40555555555555556,0.005555555555555556
2022-03-03T03:55:01,73,1,180,0.40555555555555556,0.005555555555555556
2022-03-03T04:03:24,73,1,180,0.40555555555555556,0.005555555555555556
2022-03-03T04:14:03,73,1,180,0.40555555555555556,0.005555555555555556
2022-03-03T04:31:59,73,1,180,0.40555555555555556,0.005555555555555556
2022-03-03T04:40:23,73,1,180,0.40555555555555556,0.005555555555555556
2022-03-03T04:48:46,73,1,180,0.40555555555555556,0.005555555555555556
2022-03-03T04:57:10,73,1,180,0.40555555555555556,0.005555555555555556
2022-03-03T05:05:34,73,1,180,0.40555555555555556,0.005555555555555556
2022-03-03T05:13:58,73,1,180,0.40555555555555556,0.005555555555555556
2022-03-03T05:22:21,73,1,180,0.40555555555555556,0.005555555555555556
2022-03-03T05:30:44,73,1,180,0.40555555555555556,0.005555555555555556
2022-03-03T05:39:08,73,1,180,0.40555555555555556,0.005555555555555556
2022-03-03T05:47:31,73,1,180,0.40555555555555556,0.005555555555555556
2022-03-03T05:55:54,73,1,180,0.40555555555555556,0.005555555555555556
2022-03-03T06:04:18,73,1,180,0.40555555555555556,0.005555555555555556
2022-03-03T06:12:42,73,1,180,0.40555555555555556,0.005555555555555556
2022-03-03T06:21:05,73,1,180,0.40555555555555556,0.005555555555555556
2022-03-03T06:29:28,73,1,180,0.40555555555555556,0.005555555555555556
2022-03-03T06:37:51,73,1,180,0.40555555555555556,0.005555555555555556
2022-03-03T06:46:13,73,1,180,0.40555555555555556,0.005555555555555556
2022-03-03T06:54:36,73,1,180,0.40555555555555556,0.005555555555555556
2022-03-03T07:02:59,73,1,180,0.40555555555555556,0.005555555555555556
2022-03-03T07:11:22,73,1,180,0.40555555555555556,0.005555555555555556
2022-03-03T07:19:45,73,1,180,0.40555555555555556,0.005555555555555556
2022-03-03T07:28:07,73,1,180,0.40555555555555556,0.005555555555555556
2022-03-03T07:36:30,73,1,180,0.40555555555555556,0.005555555555555556
2022-03-03T07:44:53,73,1,180,0.40555555555555556,0.005555555555555556
2022-03-03T07:53:27,73,1,180,0.40555555555555556,0.005555555555555556
2022-03-03T08:01:50,73,1,180,0.40555555555555556,0.005555555555555556
2022-03-03T08:10:13,73,1,180,0.40555555555555556,0.005555555555555556
2022-03-03T08:18:36,73,1,180,0.40555555555555556,0.005555555555555556
2022-03-03T08:26:59,73,1,180,0.40555555555555556,0.005555555555555556
2022-03-03T08:35:22,73,1,180,0.40555555555555556,0.005555555555555556
2022-03-03T08:43:45,73,1,180,0.40555555555555556,0.005555555555555556
2022-03-03T08:52:09,73,1,180,0.40555555555555556,0.005555555555555556
2022-03-03T09:00:32,73,1,180,0.40555555555555556,0.005555555555555556
2022-03-03T09:08:55,73,1,180,0.40555555555555556,0.005555555555555556
2022-03-03T09:17:19,73,1,180,0.40555555555555556,0.005555555555555556
2022-03-03T09:25:43,73,1,180,0.40555555555555556,0.005555555555555556
2022-03-03T09:34:08,73,1,180,0.40555555555555556,0.005555555555555556
2022-03-03T09:42:33,73,1,180,0.40555555555555556,0.005555555555555556
2022-03-03T09:50:58,73,1,180,0.40555555555555556,0.005555555555555556
2022-03-03T09:59:23,73,1,180,0.40555555555555556,0.005555555555555556
2022-03-03T10:08:00,73,1,180,0.40555555555555556,0.005555555555555556
2022-03-03T10:16:25,73,1,180,0.40555555555555556,0.005555555555555556
2022-03-03T10:24:51,73,1,180,0.40555555555555556,0.005555555555555556
2022-03-03T10:33:17,73,1,180,0.40555555555555556,0.005555555555555556
2022-03-03T10:41:42,73,1,180,0.40555555555555556,0.005555555555555556
2022-03-03T10:50:06,73,1,180,0.40555555555555556,0.005555555555555556
2022-03-03T10:58:30,73,1,180,0.40555555555555556,0.005555555555555556
2022-03-03T11:06:54,73,1,180,0.40555555555555556,0.005555555555555556
2022-03-03T11:15:18,73,1,180,0.40555555555555556,0.005555555555555556
2022-03-03T11:23:54,73,1,180,0.40555555555555556,0.005555555555555556
2022-03-03T11:32:18,73,1,180,0.40555555555555556,0.005555555555555556
2022-03-03T11:40:42,73,1,180,0.40555555555555556,0.005555555555555556
2022-03-03T11:49:05,73,1,180,0.40555555555555556,0.005555555555555556
2022-03-03T11:57:29,73,1,180,0.40555555555555556,0.005555555555555556
2022-03-03T12:05:52,73,1,180,0.40555555555555556,0.005555555555555556
2022-03-03T12:14:15,73,1,180,0.40555555555555556,0.005555555555555556
2022-03-03T12:22:38,73,1,180,0.40555555555555556,0.005555555555555556
2022-03-03T12:31:01,73,1,180,0.40555555555555556,0.005555555555555556
2022-03-03T12:39:24,73,1,180,0.40555555555555556,0.005555555555555556
2022-03-03T12:47:47,73,1,180,0.40555555555555556,0.005555555555555556
2022-03-03T12:56:20,73,1,180,0.40555555555555556,0.005555555555555556
2022-03-03T13:04:44,73,1,180,0.40555555555555556,0.005555555555555556
2022-03-03T13:13:08,73,1,180,0.40555555555555556,0.005555555555555556
2022-03-03T13:21:31,73,1,180,0.40555555555555556,0.005555555555555556
2022-03-03T13:29:54,73,1,180,0.40555555555555556,0.005555555555555556
2022-03-03T13:38:21,73,1,180,0.40555555555555556,0.005555555555555556
2022-03-03T13:46:44,73,1,180,0.40555555555555556,0.005555555555555556
2022-03-03T13:55:07,73,1,180,0.40555555555555556,0.005555555555555556
2022-03-03T14:03:30,73,1,180,0.40555555555555556,0.005555555555555556
2022-03-03T14:11:54,73,1,180,0.40555555555555556,0.005555555555555556
2022-03-03T14:20:17,73,1,180,0.40555555555555556,0.005555555555555556
2022-03-03T14:28:40,73,1,180,0.40555555555555556,0.005555555555555556
2022-03-03T14:37:04,73,1,180,0.40555555555555556,0.005555555555555556
2022-03-03T14:45:35,73,1,180,0.40555555555555556,0.005555555555555556
2022-03-03T14:53:58,73,1,180,0.40555555555555556,0.005555555555555556
2022-03-03T15:02:21,73,1,180,0.40555555555555556,0.005555555555555556
2022-03-03T15:10:44,73,1,180,0.40555555555555556,0.005555555555555556
2022-03-03T15:19:07,73,1,180,0.40555555555555556,0.005555555555555556
2022-03-03T15:27:30,73,1,180,0.40555555555555556,0.005555555555555556
2022-03-03T15:35:54,73,1,180,0.40555555555555556,0.005555555555555556
2022-03-03T15:44:17,73,1,180,0.40555555555555556,0.005555555555555556
2022-03-03T15:52:40,73,1,180,0.40555555555555556,0.005555555555555556
2022-03-03T16:01:03,73,1,180,0.40555555555555556,0.005555555555555556
2022-03-03T16:09:26,73,1,180,0.40555555555555556,0.005555555555555556
2022-03-03T16:17:49,73,1,180,0.40555555555555556,0.005555555555555556
2022-03-03T16:26:22,73,1,180,0.40555555555555556,0.005555555555555556
2022-03-03T16:34:44,73,1,180,0.40555555555555556,0.005555555555555556
2022-03-03T16:43:07,73,1,180,0.40555555555555556,0.005555555555555556
2022-03-03T16:51:30,73,1,180,0.40555555555555556,0.005555555555555556
2022-03-03T16:59:53,73,1,180,0.40555555555555556,0.005555555555555556
2022-03-03T17:08:16,73,1,180,0.40555555555555556,0.005555555555555556
2022-03-03T17:16:39,73,1,180,0.40555555555555556,0.005555555555555556
2022-03-03T17:25:02,73,1,180,0.40555555555555556,0.005555555555555556
2022-03-03T17:33:24,73,1,180,0.40555555555555556,0.005555555555555556
2022-03-03T17:54:46,73,1,180,0.40555555555555556,0.005555555555555556
2022-03-03T18:03:11,73,1,180,0.40555555555555556,0.005555555555555556
2022-03-03T18:11:34,73,1,180,0.40555555555555556,0.005555555555555556
2022-03-03T18:19:57,73,1,180,0.40555555555555556,0.005555555555555556
2022-03-03T18:28:19,73,1,180,0.40555555555555556,0.005555555555555556
2022-03-03T18:36:42,73,1,180,0.40555555555555556,0.005555555555555556
2022-03-03T18:45:05,73,1,180,0.40555555555555556,0.005555555555555556
2022-03-03T18:53:28,73,1,180,0.40555555555555556,0.005555555555555556
2022-03-03T19:01:50,73,1,180,0.40555555555555556,0.005555555555555556
2022-03-03T19:10:13,73,1,180,0.40555555555555556,0.005555555555555556
2022-03-03T19:18:36,72,1,180,0.4,0.005555555555555556
2022-03-03T19:26:58,72,1,180,0.4,0.005555555555555556
2022-03-03T19:35:21,72,1,180,0.4,0.005555555555555556
2022-03-03T19:43:44,72,1,180,0.4,0.005555555555555556
2022-03-03T19:52:07,72,1,180,0.4,0.005555555555555556
2022-03-03T20:00:37,72,1,180,0.4,0.005555555555555556
2022-03-03T20:09:10,72,1,180,0.4,0.005555555555555556
2022-03-03T20:17:33,72,1,180,0.4,0.005555555555555556
2022-03-03T20:25:56,72,1,180,0.4,0.005555555555555556
2022-03-03T20:34:19,72,1,180,0.4,0.005555555555555556
2022-03-03T20:42:41,72,1,180,0.4,0.005555555555555556
2022-03-03T20:51:04,72,1,180,0.4,0.005555555555555556
2022-03-03T20:59:27,72,1,180,0.4,0.005555555555555556
2022-03-03T21:07:49,72,1,180,0.4,0.005555555555555556
2022-03-03T21:16:12,72,1,180,0.4,0.005555555555555556
2022-03-03T21:24:35,72,1,180,0.4,0.005555555555555556
2022-03-03T21:32:58,72,1,180,0.4,0.005555555555555556
2022-03-03T21:41:20,72,1,180,0.4,0.005555555555555556
2022-03-03T21:49:43,72,1,180,0.4,0.005555555555555556
2022-03-03T21:58:06,72,1,180,0.4,0.005555555555555556
2022-03-03T22:06:29,72,1,180,0.4,0.005555555555555556
2022-03-03T22:15:04,72,1,180,0.4,0.005555555555555556
2022-03-03T22:23:27,72,1,180,0.4,0.005555555555555556
2022-03-03T22:31:49,72,1,180,0.4,0.005555555555555556
2022-03-03T22:40:12,72,1,180,0.4,0.005555555555555556
2022-03-03T22:48:35,72,1,180,0.4,0.005555555555555556
2022-03-03T22:56:57,72,1,180,0.4,0.005555555555555556
2022-03-03T23:05:20,72,1,180,0.4,0.005555555555555556
2022-03-03T23:13:43,72,1,180,0.4,0.005555555555555556
2022-03-03T23:22:06,72,1,180,0.4,0.005555555555555556
2022-03-03T23:30:29,72,1,180,0.4,0.005555555555555556
2022-03-03T23:38:51,72,1,180,0.4,0.005555555555555556
2022-03-03T23:47:14,72,1,180,0.4,0.005555555555555556
2022-03-03T23:55:36,72,1,180,0.4,0.005555555555555556
2022-03-04T00:03:59,72,1,180,0.4,0.005555555555555556
2022-03-04T00:12:22,72,1,180,0.4,0.005555555555555556
2022-03-04T00:20:45,72,1,180,0.4,0.005555555555555556
2022-03-04T00:29:08,72,1,180,0.4,0.005555555555555556
2022-03-04T00:37:31,72,1,180,0.4,0.005555555555555556
2022-03-04T00:45:55,72,1,180,0.4,0.005555555555555556
2022-03-04T00:54:17,72,1,180,0.4,0.005555555555555556
2022-03-04T01:02:41,72,1,180,0.4,0.005555555555555556
2022-03-04T01:11:04,72,1,180,0.4,0.005555555555555556
2022-03-04T01:19:27,72,1,180,0.4,0.005555555555555556
2022-03-04T01:27:50,72,1,180,0.4,0.005555555555555556
2022-03-04T01:36:13,72,1,180,0.4,0.005555555555555556
2022-03-04T01:44:36,72,1,180,0.4,0.005555555555555556
2022-03-04T01:52:58,72,1,180,0.4,0.005555555555555556
2022-03-04T02:01:31,72,1,180,0.4,0.005555555555555556
2022-03-04T02:09:54,72,1,180,0.4,0.005555555555555556
2022-03-04T02:18:17,72,1,180,0.4,0.005555555555555556
2022-03-04T02:26:40,72,1,180,0.4,0.005555555555555556
2022-03-04T02:35:03,72,1,180,0.4,0.005555555555555556
2022-03-04T02:43:26,72,1,180,0.4,0.005555555555555556
2022-03-04T02:51:49,72,1,180,0.4,0.005555555555555556
2022-03-04T03:00:12,72,1,180,0.4,0.005555555555555556
2022-03-04T03:08:35,72,1,180,0.4,0.005555555555555556
2022-03-04T03:16:58,72,1,180,0.4,0.005555555555555556
2022-03-04T03:25:21,72,1,180,0.4,0.005555555555555556
2022-03-04T03:33:44,72,1,180,0.4,0.005555555555555556
2022-03-04T03:42:06,72,1,180,0.4,0.005555555555555556
2022-03-04T03:50:34,72,1,180,0.4,0.005555555555555556
2022-03-04T03:58:57,72,1,180,0.4,0.005555555555555556
2022-03-04T04:07:20,72,1,180,0.4,0.005555555555555556
2022-03-04T04:22:43,72,1,180,0.4,0.005555555555555556
2022-03-04T04:31:07,72,1,180,0.4,0.005555555555555556
2022-03-04T04:40:22,72,1,180,0.4,0.005555555555555556
2022-03-04T04:48:59,72,1,180,0.4,0.005555555555555556
2022-03-04T04:57:22,72,1,180,0.4,0.005555555555555556
2022-03-04T05:05:46,72,1,180,0.4,0.005555555555555556
2022-03-04T05:14:10,72,1,180,0.4,0.005555555555555556
2022-03-04T05:22:33,72,1,180,0.4,0.005555555555555556
2022-03-04T05:30:57,72,1,180,0.4,0.005555555555555556
2022-03-04T05:39:20,72,1,180,0.4,0.005555555555555556
2022-03-04T05:47:44,72,1,180,0.4,0.005555555555555556
2022-03-04T05:56:07,72,1,180,0.4,0.005555555555555556
2022-03-04T06:04:31,72,1,180,0.4,0.005555555555555556
2022-03-04T06:12:54,72,1,180,0.4,0.005555555555555556
2022-03-04T06:21:17,72,1,180,0.4,0.005555555555555556
2022-03-04T06:29:41,72,1,180,0.4,0.005555555555555556
2022-03-04T06:38:04,72,1,180,0.4,0.005555555555555556
2022-03-04T06:46:28,72,1,180,0.4,0.005555555555555556
2022-03-04T06:54:56,72,1,180,0.4,0.005555555555555556
2022-03-04T07:03:19,72,1,180,0.4,0.005555555555555556
2022-03-04T07:11:44,72,1,180,0.4,0.005555555555555556
2022-03-04T07:20:07,72,1,180,0.4,0.005555555555555556
2022-03-04T07:28:30,72,1,180,0.4,0.005555555555555556
2022-03-04T07:36:53,72,1,180,0.4,0.005555555555555556
2022-03-04T07:45:15,72,1,180,0.4,0.005555555555555556
2022-03-04T07:53:38,72,1,180,0.4,0.005555555555555556
2022-03-04T08:02:02,72,1,180,0.4,0.005555555555555556
2022-03-04T08:10:25,72,1,180,0.4,0.005555555555555556
2022-03-04T08:18:48,72,1,180,0.4,0.005555555555555556
2022-03-04T08:27:11,72,1,180,0.4,0.005555555555555556
2022-03-04T08:35:34,72,1,180,0.4,0.005555555555555556
2022-03-04T08:43:57,72,1,180,0.4,0.005555555555555556
2022-03-04T08:52:20,72,1,180,0.4,0.005555555555555556
2022-03-04T09:00:43,72,1,180,0.4,0.005555555555555556
2022-03-04T09:09:05,72,1,180,0.4,0.005555555555555556
2022-03-04T09:17:28,72,1,180,0.4,0.005555555555555556
2022-03-04T09:25:51,72,1,180,0.4,0.005555555555555556
2022-03-04T09:34:14,72,1,180,0.4,0.005555555555555556
2022-03-04T09:42:37,72,1,180,0.4,0.005555555555555556
2022-03-04T09:51:00,72,1,180,0.4,0.005555555555555556
2022-03-04T09:59:23,72,1,180,0.4,0.005555555555555556
2022-03-04T10:07:46,72,1,180,0.4,0.005555555555555556
2022-03-04T10:16:09,72,1,180,0.4,0.005555555555555556
2022-03-04T10:24:32,72,1,180,0.4,0.005555555555555556
2022-03-04T10:33:02,72,1,180,0.4,0.005555555555555556
2022-03-04T10:41:25,72,1,180,0.4,0.005555555555555556
2022-03-04T10:49:51,72,1,180,0.4,0.005555555555555556
2022-03-04T10:58:17,72,1,180,0.4,0.005555555555555556
2022-03-04T11:06:43,72,1,180,0.4,0.005555555555555556
2022-03-04T11:15:09,72,1,180,0.4,0.005555555555555556
2022-03-04T11:23:35,72,1,180,0.4,0.005555555555555556
2022-03-04T11:32:01,72,1,180,0.4,0.005555555555555556
2022-03-04T11:40:27,72,1,180,0.4,0.005555555555555556
2022-03-04T11:48:53,72,1,180,0.4,0.005555555555555556
2022-03-04T11:57:19,72,1,180,0.4,0.005555555555555556
2022-03-04T12:05:47,72,1,180,0.4,0.005555555555555556
2022-03-04T12:14:23,72,1,180,0.4,0.005555555555555556
2022-03-04T12:22:49,72,1,180,0.4,0.005555555555555556
2022-03-04T12:31:16,72,1,180,0.4,0.005555555555555556
2022-03-04T12:39:43,72,1,180,0.4,0.005555555555555556
2022-03-04T12:48:09,72,1,180,0.4,0.005555555555555556
2022-03-04T12:56:35,72,1,180,0.4,0.005555555555555556
2022-03-04T13:05:01,72,1,180,0.4,0.005555555555555556
2022-03-04T13:13:27,72,1,180,0.4,0.005555555555555556
2022-03-04T13:21:53,72,1,180,0.4,0.005555555555555556
2022-03-04T13:30:19,72,1,180,0.4,0.005555555555555556
2022-03-04T13:38:57,72,1,180,0.4,0.005555555555555556
2022-03-04T13:47:23,72,1,180,0.4,0.005555555555555556
2022-03-04T13:55:49,72,1,180,0.4,0.005555555555555556
2022-03-04T14:04:15,72,1,180,0.4,0.005555555555555556
2022-03-04T14:12:41,72,1,180,0.4,0.005555555555555556
2022-03-04T14:21:06,72,1,180,0.4,0.005555555555555556
2022-03-04T14:29:32,72,1,180,0.4,0.005555555555555556
2022-03-04T14:38:08,72,1,180,0.4,0.005555555555555556
2022-03-04T14:46:33,72,1,180,0.4,0.005555555555555556
2022-03-04T14:55:00,72,1,180,0.4,0.005555555555555556
2022-03-04T15:03:27,72,1,180,0.4,0.005555555555555556
2022-03-04T15:11:53,72,1,180,0.4,0.005555555555555556
2022-03-04T15:20:19,71,1,180,0.39444444444444443,0.005555555555555556
2022-03-04T15:28:47,70,1,180,0.3888888888888889,0.005555555555555556
2022-03-04T15:37:13,70,1,180,0.3888888888888889,0.005555555555555556
2022-03-04T15:45:39,70,1,180,0.3888888888888889,0.005555555555555556
2022-03-04T15:54:05,70,1,180,0.3888888888888889,0.005555555555555556
2022-03-04T16:02:40,70,1,180,0.3888888888888889,0.005555555555555556
2022-03-04T16:11:06,70,1,180,0.3888888888888889,0.005555555555555556
2022-03-04T16:19:33,70,1,180,0.3888888888888889,0.005555555555555556
2022-03-04T16:27:58,70,1,180,0.3888888888888889,0.005555555555555556
2022-03-04T16:36:24,70,1,180,0.3888888888888889,0.005555555555555556
2022-03-04T16:44:50,70,1,180,0.3888888888888889,0.005555555555555556
2022-03-04T16:53:16,70,1,180,0.3888888888888889,0.005555555555555556
2022-03-04T17:01:42,70,1,180,0.3888888888888889,0.005555555555555556
2022-03-04T17:10:08,70,1,180,0.3888888888888889,0.005555555555555556
2022-03-04T17:18:33,70,1,180,0.3888888888888889,0.005555555555555556
2022-03-04T17:26:59,70,1,180,0.3888888888888889,0.005555555555555556
2022-03-04T17:35:25,70,1,180,0.3888888888888889,0.005555555555555556
2022-03-04T17:43:51,70,1,180,0.3888888888888889,0.005555555555555556
2022-03-04T17:52:27,70,1,180,0.3888888888888889,0.005555555555555556
2022-03-04T18:00:53,70,1,180,0.3888888888888889,0.005555555555555556
2022-03-04T18:09:19,70,1,180,0.3888888888888889,0.005555555555555556
2022-03-04T18:17:45,70,1,180,0.3888888888888889,0.005555555555555556
2022-03-04T18:26:16,70,1,180,0.3888888888888889,0.005555555555555556
2022-03-04T18:34:41,70,1,180,0.3888888888888889,0.005555555555555556
2022-03-04T18:43:07,70,1,180,0.3888888888888889,0.005555555555555556
2022-03-04T18:51:33,70,1,180,0.3888888888888889,0.005555555555555556
2022-03-04T18:59:58,70,1,180,0.3888888888888889,0.005555555555555556
2022-03-04T19:08:24,70,1,180,0.3888888888888889,0.005555555555555556
2022-03-04T19:16:50,70,1,180,0.3888888888888889,0.005555555555555556
2022-03-04T19:25:23,70,1,180,0.3888888888888889,0.005555555555555556
2022-03-04T19:33:49,70,1,180,0.3888888888888889,0.005555555555555556
2022-03-04T19:42:15,70,1,180,0.3888888888888889,0.005555555555555556
2022-03-04T19:50:40,70,1,180,0.3888888888888889,0.005555555555555556
2022-03-04T19:59:06,70,1,180,0.3888888888888889,0.005555555555555556
2022-03-04T20:07:32,70,1,180,0.3888888888888889,0.005555555555555556
2022-03-04T20:15:57,70,1,180,0.3888888888888889,0.005555555555555556
2022-03-04T20:24:23,70,1,180,0.3888888888888889,0.005555555555555556
2022-03-04T20:32:49,70,1,180,0.3888888888888889,0.005555555555555556
2022-03-04T20:41:14,70,1,180,0.3888888888888889,0.005555555555555556
2022-03-04T20:49:40,70,1,180,0.3888888888888889,0.005555555555555556
2022-03-04T20:58:06,70,1,180,0.3888888888888889,0.005555555555555556
2022-03-04T21:06:31,70,1,180,0.3888888888888889,0.005555555555555556
2022-03-04T21:14:57,70,1,180,0.3888888888888889,0.005555555555555556
2022-03-04T21:23:23,70,1,180,0.3888888888888889,0.005555555555555556
2022-03-04T21:31:48,70,1,180,0.3888888888888889,0.005555555555555556
2022-03-04T21:40:14,70,1,180,0.3888888888888889,0.005555555555555556
2022-03-04T21:48:40,70,1,180,0.3888888888888889,0.005555555555555556
2022-03-04T21:57:05,70,1,180,0.3888888888888889,0.005555555555555556
2022-03-04T22:05:41,70,1,180,0.3888888888888889,0.005555555555555556
2022-03-04T22:14:06,70,1,180,0.3888888888888889,0.005555555555555556
2022-03-04T22:22:32,70,1,180,0.3888888888888889,0.005555555555555556
2022-03-04T22:30:58,70,1,180,0.3888888888888889,0.005555555555555556
2022-03-04T22:39:23,70,1,180,0.3888888888888889,0.005555555555555556
2022-03-04T22:47:49,70,1,180,0.3888888888888889,0.005555555555555556
2022-03-04T22:56:14,70,1,180,0.3888888888888889,0.005555555555555556
2022-03-04T23:04:40,70,1,180,0.3888888888888889,0.005555555555555556
2022-03-04T23:13:06,70,1,180,0.3888888888888889,0.005555555555555556
2022-03-04T23:21:31,70,1,180,0.3888888888888889,0.005555555555555556
2022-03-04T23:29:57,70,1,180,0.3888888888888889,0.005555555555555556
2022-03-04T23:38:23,70,1,180,0.3888888888888889,0.005555555555555556
2022-03-04T23:46:48,70,1,180,0.3888888888888889,0.005555555555555556
2022-03-04T23:55:14,70,1,180,0.3888888888888889,0.005555555555555556
2022-03-05T00:03:50,70,1,180,0.3888888888888889,0.005555555555555556
2022-03-05T00:12:16,70,1,180,0.3888888888888889,0.005555555555555556
2022-03-05T00:20:42,70,1,180,0.3888888888888889,0.005555555555555556
2022-03-05T00:29:07,70,1,180,0.3888888888888889,0.005555555555555556
2022-03-05T00:37:34,70,1,180,0.3888888888888889,0.005555555555555556
2022-03-05T00:46:00,70,1,180,0.3888888888888889,0.005555555555555556
2022-03-05T00:54:26,70,1,180,0.3888888888888889,0.005555555555555556
2022-03-05T01:02:52,70,1,180,0.3888888888888889,0.005555555555555556
2022-03-05T01:11:18,70,1,180,0.3888888888888889,0.005555555555555556
2022-03-05T01:19:44,70,1,180,0.3888888888888889,0.005555555555555556
2022-03-05T01:28:10,70,1,180,0.3888888888888889,0.005555555555555556
2022-03-05T01:36:35,70,1,180,0.3888888888888889,0.005555555555555556
2022-03-05T01:45:01,70,1,180,0.3888888888888889,0.005555555555555556
2022-03-05T01:53:27,70,1,180,0.3888888888888889,0.005555555555555556
2022-03-05T02:01:53,70,1,180,0.3888888888888889,0.005555555555555556
2022-03-05T02:10:19,70,1,180,0.3888888888888889,0.005555555555555556
2022-03-05T02:18:45,70,1,180,0.3888888888888889,0.005555555555555556
2022-03-05T02:27:11,70,1,180,0.3888888888888889,0.005555555555555556
2022-03-05T02:35:36,70,1,180,0.3888888888888889,0.005555555555555556
2022-03-05T02:44:02,70,1,180,0.3888888888888889,0.005555555555555556
2022-03-05T02:52:27,70,1,180,0.3888888888888889,0.005555555555555556
2022-03-05T03:00:53,70,1,180,0.3888888888888889,0.005555555555555556
2022-03-05T03:09:19,70,1,180,0.3888888888888889,0.005555555555555556
2022-03-05T03:17:44,70,1,180,0.3888888888888889,0.005555555555555556
2022-03-05T03:26:10,70,1,180,0.3888888888888889,0.005555555555555556
2022-03-05T03:34:36,70,1,180,0.3888888888888889,0.005555555555555556
2022-03-05T03:43:40,70,1,180,0.3888888888888889,0.005555555555555556
2022-03-05T03:52:06,70,1,180,0.3888888888888889,0.005555555555555556
2022-03-05T04:00:33,70,1,180,0.3888888888888889,0.005555555555555556
2022-03-05T04:08:59,70,1,180,0.3888888888888889,0.005555555555555556
2022-03-05T04:24:50,70,1,180,0.3888888888888889,0.005555555555555556
2022-03-05T04:33:31,70,1,180,0.3888888888888889,0.005555555555555556
2022-03-05T04:41:58,70,1,180,0.3888888888888889,0.005555555555555556
2022-03-05T04:50:24,70,1,180,0.3888888888888889,0.005555555555555556
2022-03-05T04:58:51,70,1,180,0.3888888888888889,0.005555555555555556
2022-03-05T05:07:17,70,1,180,0.3888888888888889,0.005555555555555556
2022-03-05T05:15:44,70,1,180,0.3888888888888889,0.005555555555555556
2022-03-05T05:24:10,70,1,180,0.3888888888888889,0.005555555555555556
2022-03-05T05:32:37,70,1,180,0.3888888888888889,0.005555555555555556
2022-03-05T05:41:03,70,1,180,0.3888888888888889,0.005555555555555556
2022-03-05T05:49:29,70,1,180,0.3888888888888889,0.005555555555555556
2022-03-05T05:57:56,70,1,180,0.3888888888888889,0.005555555555555556
2022-03-05T06:06:22,70,1,180,0.3888888888888889,0.005555555555555556
2022-03-05T06:14:48,70,1,180,0.3888888888888889,0.005555555555555556
2022-03-05T06:23:15,70,1,180,0.3888888888888889,0.005555555555555556
2022-03-05T06:31:41,70,1,180,0.3888888888888889,0.005555555555555556
2022-03-05T06:40:07,70,1,180,0.3888888888888889,0.005555555555555556
2022-03-05T06:48:35,70,1,180,0.3888888888888889,0.005555555555555556
2022-03-05T06:57:01,70,1,180,0.3888888888888889,0.005555555555555556
2022-03-05T07:05:28,70,1,180,0.3888888888888889,0.005555555555555556
2022-03-05T07:13:54,70,1,180,0.3888888888888889,0.005555555555555556
2022-03-05T07:22:20,70,1,180,0.3888888888888889,0.005555555555555556
2022-03-05T07:30:47,70,1,180,0.3888888888888889,0.005555555555555556
2022-03-05T07:39:12,70,1,180,0.3888888888888889,0.005555555555555556
2022-03-05T07:47:38,70,1,180,0.3888888888888889,0.005555555555555556
2022-03-05T07:56:04,70,1,180,0.3888888888888889,0.005555555555555556
2022-03-05T08:04:30,70,1,180,0.3888888888888889,0.005555555555555556
2022-03-05T08:12:56,70,1,180,0.3888888888888889,0.005555555555555556
2022-03-05T08:21:22,70,1,180,0.3888888888888889,0.005555555555555556
2022-03-05T08:29:55,70,1,180,0.3888888888888889,0.005555555555555556
2022-03-05T08:38:21,70,1,180,0.3888888888888889,0.005555555555555556
2022-03-05T08:46:47,70,1,180,0.3888888888888889,0.005555555555555556
2022-03-05T08:55:14,70,1,180,0.3888888888888889,0.005555555555555556
2022-03-05T09:03:40,70,1,180,0.3888888888888889,0.005555555555555556
2022-03-05T09:12:05,70,1,180,0.3888888888888889,0.005555555555555556
2022-03-05T09:20:31,70,1,180,0.3888888888888889,0.005555555555555556
2022-03-05T09:28:57,70,1,180,0.3888888888888889,0.005555555555555556
2022-03-05T09:37:23,70,1,180,0.3888888888888889,0.005555555555555556
2022-03-05T09:45:48,70,1,180,0.3888888888888889,0.005555555555555556
2022-03-05T09:54:14,70,1,180,0.3888888888888889,0.005555555555555556
2022-03-05T10:02:40,70,1,180,0.3888888888888889,0.005555555555555556
2022-03-05T10:11:05,70,1,180,0.3888888888888889,0.005555555555555556
2022-03-05T10:19:31,70,1,180,0.3888888888888889,0.005555555555555556
2022-03-05T10:27:57,70,1,180,0.3888888888888889,0.005555555555555556
2022-03-05T10:36:23,70,1,180,0.3888888888888889,0.005555555555555556
2022-03-05T10:44:48,70,1,180,0.3888888888888889,0.005555555555555556
2022-03-05T10:53:14,70,1,180,0.3888888888888889,0.005555555555555556
2022-03-05T11:01:50,70,1,180,0.3888888888888889,0.005555555555555556
2022-03-05T11:10:16,70,1,180,0.3888888888888889,0.005555555555555556
2022-03-05T11:18:42,70,1,180,0.3888888888888889,0.005555555555555556
2022-03-05T11:27:07,70,1,180,0.3888888888888889,0.005555555555555556
2022-03-05T11:35:33,70,1,180,0.3888888888888889,0.005555555555555556
2022-03-05T11:43:59,70,1,180,0.3888888888888889,0.005555555555555556
2022-03-05T11:52:25,70,1,180,0.3888888888888889,0.005555555555555556
2022-03-05T12:00:50,70,1,180,0.3888888888888889,0.005555555555555556
2022-03-05T12:09:16,70,1,180,0.3888888888888889,0.005555555555555556
2022-03-05T12:17:42,70,1,180,0.3888888888888889,0.005555555555555556
2022-03-05T12:26:07,70,1,180,0.3888888888888889,0.005555555555555556
2022-03-05T12:34:43,70,1,180,0.3888888888888889,0.005555555555555556
2022-03-05T12:43:09,70,1,180,0.3888888888888889,0.005555555555555556
2022-03-05T12:51:34,70,1,180,0.3888888888888889,0.005555555555555556
2022-03-05T13:00:00,70,1,180,0.3888888888888889,0.005555555555555556
2022-03-05T13:08:26,70,1,180,0.3888888888888889,0.005555555555555556
2022-03-05T13:16:51,70,1,180,0.3888888888888889,0.005555555555555556
2022-03-05T13:25:17,70,1,180,0.3888888888888889,0.005555555555555556
2022-03-05T13:33:43,70,1,180,0.3888888888888889,0.005555555555555556
2022-03-05T13:42:08,70,1,180,0.3888888888888889,0.005555555555555556
2022-03-05T13:50:34,70,1,180,0.3888888888888889,0.005555555555555556
2022-03-05T13:59:00,70,1,180,0.3888888888888889,0.005555555555555556
2022-03-05T14:07:25,70,1,180,0.3888888888888889,0.005555555555555556
2022-03-05T14:15:51,70,1,180,0.3888888888888889,0.005555555555555556
2022-03-05T14:24:27,70,1,180,0.3888888888888889,0.005555555555555556
2022-03-05T14:32:53,70,1,180,0.3888888888888889,0.005555555555555556
2022-03-05T14:41:18,70,1,180,0.3888888888888889,0.005555555555555556
2022-03-05T14:49:44,70,1,180,0.3888888888888889,0.005555555555555556
2022-03-05T14:58:10,70,1,180,0.3888888888888889,0.005555555555555556
2022-03-05T15:06:35,70,1,180,0.3888888888888889,0.005555555555555556
2022-03-05T15:15:01,70,1,180,0.3888888888888889,0.005555555555555556
2022-03-05T15:23:27,70,1,180,0.3888888888888889,0.005555555555555556
2022-03-05T15:31:52,70,1,180,0.3888888888888889,0.005555555555555556
2022-03-05T15:40:18,70,1,180,0.3888888888888889,0.005555555555555556
2022-03-05T15:48:43,70,1,180,0.3888888888888889,0.005555555555555556
2022-03-05T15:57:09,70,1,180,0.3888888888888889,0.005555555555555556
2022-03-05T16:05:35,70,1,180,0.3888888888888889,0.005555555555555556
2022-03-05T16:14:01,70,1,180,0.3888888888888889,0.005555555555555556
2022-03-05T16:22:26,70,1,180,0.3888888888888889,0.005555555555555556
2022-03-05T16:30:52,70,1,180,0.3888888888888889,0.005555555555555556
2022-03-05T16:39:18,70,1,180,0.3888888888888889,0.005555555555555556
2022-03-05T16:47:52,70,1,180,0.3888888888888889,0.005555555555555556
2022-03-05T16:56:18,70,1,180,0.3888888888888889,0.005555555555555556
2022-03-05T17:04:44,70,1,180,0.3888888888888889,0.005555555555555556
2022-03-05T17:13:09,70,1,180,0.3888888888888889,0.005555555555555556
2022-03-05T17:21:35,70,1,180,0.3888888888888889,0.005555555555555556
2022-03-05T17:30:01,70,1,180,0.3888888888888889,0.005555555555555556
2022-03-05T17:38:26,70,1,180,0.3888888888888889,0.005555555555555556
2022-03-05T17:46:52,70,1,180,0.3888888888888889,0.005555555555555556
2022-03-05T17:55:18,70,1,180,0.3888888888888889,0.005555555555555556
2022-03-05T18:03:44,70,1,180,0.3888888888888889,0.005555555555555556
2022-03-05T18:12:09,70,1,180,0.3888888888888889,0.005555555555555556
2022-03-05T18:20:35,70,1,180,0.3888888888888889,0.005555555555555556
2022-03-05T18:29:01,70,1,180,0.3888888888888889,0.005555555555555556
2022-03-05T18:37:26,70,1,180,0.3888888888888889,0.005555555555555556
2022-03-05T18:45:52,70,1,180,0.3888888888888889,0.005555555555555556
2022-03-05T18:54:18,70,1,180,0.3888888888888889,0.005555555555555556
2022-03-05T19:02:43,70,1,180,0.3888888888888889,0.005555555555555556
2022-03-05T19:11:18,70,1,180,0.3888888888888889,0.005555555555555556
2022-03-05T19:19:44,70,1,180,0.3888888888888889,0.005555555555555556
2022-03-05T19:28:09,70,1,180,0.3888888888888889,0.005555555555555556
2022-03-05T19:36:35,70,1,180,0.3888888888888889,0.005555555555555556
2022-03-05T19:45:01,70,1,180,0.3888888888888889,0.005555555555555556
2022-03-05T19:53:27,70,1,180,0.3888888888888889,0.005555555555555556
2022-03-05T20:01:53,70,1,180,0.3888888888888889,0.005555555555555556
2022-03-05T20:10:19,70,1,180,0.3888888888888889,0.005555555555555556
2022-03-05T20:18:45,70,1,180,0.3888888888888889,0.005555555555555556
2022-03-05T20:27:11,70,1,180,0.3888888888888889,0.005555555555555556
2022-03-05T20:35:37,70,1,180,0.3888888888888889,0.005555555555555556
2022-03-05T20:44:02,70,1,180,0.3888888888888889,0.005555555555555556
2022-03-05T20:52:28,70,1,180,0.3888888888888889,0.005555555555555556
2022-03-05T21:00:53,70,1,180,0.3888888888888889,0.005555555555555556
2022-03-05T21:09:19,70,1,180,0.3888888888888889,0.005555555555555556
2022-03-05T21:17:44,70,1,180,0.3888888888888889,0.005555555555555556
2022-03-05T21:26:10,70,1,180,0.3888888888888889,0.005555555555555556
2022-03-05T21:34:45,70,1,180,0.3888888888888889,0.005555555555555556
2022-03-05T21:43:10,70,1,180,0.3888888888888889,0.005555555555555556
2022-03-05T21:51:36,70,1,180,0.3888888888888889,0.005555555555555556
2022-03-05T22:00:02,70,1,180,0.3888888888888889,0.005555555555555556
2022-03-05T22:08:27,70,1,180,0.3888888888888889,0.005555555555555556
2022-03-05T22:16:53,70,1,180,0.3888888888888889,0.005555555555555556
2022-03-05T22:25:19,70,1,180,0.3888888888888889,0.005555555555555556
2022-03-05T22:33:44,70,1,180,0.3888888888888889,0.005555555555555556
2022-03-05T22:42:17,70,1,180,0.3888888888888889,0.005555555555555556
2022-03-05T22:50:43,70,1,180,0.3888888888888889,0.005555555555555556
2022-03-05T22:59:08,70,1,180,0.3888888888888889,0.005555555555555556
2022-03-05T23:07:34,70,1,180,0.3888888888888889,0.005555555555555556
2022-03-05T23:16:00,70,1,180,0.3888888888888889,0.005555555555555556
2022-03-05T23:24:25,70,1,180,0.3888888888888889,0.005555555555555556
2022-03-05T23:32:51,70,1,180,0.3888888888888889,0.005555555555555556
2022-03-05T23:41:17,70,1,180,0.3888888888888889,0.005555555555555556
2022-03-05T23:49:42,70,1,180,0.3888888888888889,0.005555555555555556
2022-03-05T23:58:08,70,1,180,0.3888888888888889,0.005555555555555556
2022-03-06T00:06:34,70,1,180,0.3888888888888889,0.005555555555555556
2022-03-06T00:15:00,70,1,180,0.3888888888888889,0.005555555555555556
2022-03-06T00:23:26,70,1,180,0.3888888888888889,0.005555555555555556
2022-03-06T00:31:52,70,1,180,0.3888888888888889,0.005555555555555556
2022-03-06T00:40:18,70,1,180,0.3888888888888889,0.005555555555555556
2022-03-06T00:48:44,70,1,180,0.3888888888888889,0.005555555555555556
2022-03-06T00:57:10,70,1,180,0.3888888888888889,0.005555555555555556
2022-03-06T01:05:35,70,1,180,0.3888888888888889,0.005555555555555556
2022-03-06T01:14:01,70,1,180,0.3888888888888889,0.005555555555555556
2022-03-06T01:22:27,70,1,180,0.3888888888888889,0.005555555555555556
2022-03-06T01:31:02,70,1,180,0.3888888888888889,0.005555555555555556
2022-03-06T01:39:28,70,1,180,0.3888888888888889,0.005555555555555556
2022-03-06T01:47:54,70,1,180,0.3888888888888889,0.005555555555555556
2022-03-06T01:56:20,70,1,180,0.3888888888888889,0.005555555555555556
2022-03-06T02:04:46,70,1,180,0.3888888888888889,0.005555555555555556
2022-03-06T02:13:12,70,1,180,0.3888888888888889,0.005555555555555556
2022-03-06T02:21:38,70,1,180,0.3888888888888889,0.005555555555555556
2022-03-06T02:30:04,70,1,180,0.3888888888888889,0.005555555555555556
2022-03-06T02:38:30,70,1,180,0.3888888888888889,0.005555555555555556
2022-03-06T02:46:56,70,1,180,0.3888888888888889,0.005555555555555556
2022-03-06T02:55:22,70,1,180,0.3888888888888889,0.005555555555555556
2022-03-06T03:03:47,70,1,180,0.3888888888888889,0.005555555555555556
2022-03-06T03:12:13,70,1,180,0.3888888888888889,0.005555555555555556
2022-03-06T03:20:39,70,1,180,0.3888888888888889,0.005555555555555556
2022-03-06T03:29:05,70,1,180,0.3888888888888889,0.005555555555555556
2022-03-06T03:37:31,70,1,180,0.3888888888888889,0.005555555555555556
2022-03-06T03:45:57,70,1,180,0.3888888888888889,0.005555555555555556
2022-03-06T03:54:23,70,1,180,0.3888888888888889,0.005555555555555556
2022-03-06T04:02:49,70,1,180,0.3888888888888889,0.005555555555555556
2022-03-06T11:21:49,70,1,180,0.3888888888888889,0.005555555555555556
2022-03-06T11:30:14,70,1,180,0.3888888888888889,0.005555555555555556
2022-03-06T11:38:40,70,1,180,0.3888888888888889,0.005555555555555556
2022-03-06T11:47:06,70,1,180,0.3888888888888889,0.005555555555555556
2022-03-06T11:55:32,70,1,180,0.3888888888888889,0.005555555555555556
2022-03-06T12:03:58,70,1,180,0.3888888888888889,0.005555555555555556
2022-03-06T12:12:23,70,1,180,0.3888888888888889,0.005555555555555556
2022-03-06T12:20:49,70,1,180,0.3888888888888889,0.005555555555555556
2022-03-06T12:29:15,70,1,180,0.3888888888888889,0.005555555555555556
2022-03-06T12:37:41,70,1,180,0.3888888888888889,0.005555555555555556
2022-03-06T12:46:06,70,1,180,0.3888888888888889,0.005555555555555556
2022-03-06T12:54:32,70,1,180,0.3888888888888889,0.005555555555555556
2022-03-06T13:02:57,70,1,180,0.3888888888888889,0.005555555555555556
2022-03-06T13:11:23,70,1,180,0.3888888888888889,0.005555555555555556
2022-03-06T13:19:49,70,1,180,0.3888888888888889,0.005555555555555556
2022-03-06T13:28:14,70,1,180,0.3888888888888889,0.005555555555555556
2022-03-06T13:36:47,70,1,180,0.3888888888888889,0.005555555555555556
2022-03-06T13:45:13,70,1,180,0.3888888888888889,0.005555555555555556
2022-03-06T13:53:39,70,1,180,0.3888888888888889,0.005555555555555556
2022-03-06T14:02:04,70,1,180,0.3888888888888889,0.005555555555555556
2022-03-06T14:10:30,70,1,180,0.3888888888888889,0.005555555555555556
2022-03-06T14:18:55,70,1,180,0.3888888888888889,0.005555555555555556
2022-03-06T14:27:21,70,1,180,0.3888888888888889,0.005555555555555556
2022-03-06T14:35:47,70,1,180,0.3888888888888889,0.005555555555555556
2022-03-06T14:44:12,70,1,180,0.3888888888888889,0.005555555555555556
2022-03-06T14:52:38,70,1,180,0.3888888888888889,0.005555555555555556
2022-03-06T15:01:03,70,1,180,0.3888888888888889,0.005555555555555556
2022-03-06T15:09:29,70,1,180,0.3888888888888889,0.005555555555555556
2022-03-06T15:17:55,70,1,180,0.3888888888888889,0.005555555555555556
2022-03-06T15:26:21,70,1,180,0.3888888888888889,0.005555555555555556
2022-03-06T15:34:46,70,1,180,0.3888888888888889,0.005555555555555556
2022-03-06T15:43:12,70,1,180,0.3888888888888889,0.005555555555555556
2022-03-06T15:51:38,70,1,180,0.3888888888888889,0.005555555555555556
2022-03-06T16:00:13,70,1,180,0.3888888888888889,0.005555555555555556
2022-03-06T16:08:38,70,1,180,0.3888888888888889,0.005555555555555556
2022-03-06T16:17:04,70,1,180,0.3888888888888889,0.005555555555555556
2022-03-06T16:25:30,70,1,180,0.3888888888888889,0.005555555555555556
2022-03-06T16:33:56,70,1,180,0.3888888888888889,0.005555555555555556
2022-03-06T16:42:21,70,1,180,0.3888888888888889,0.005555555555555556
2022-03-06T16:50:48,70,1,180,0.3888888888888889,0.005555555555555556
2022-03-06T16:59:13,70,1,180,0.3888888888888889,0.005555555555555556
2022-03-06T17:07:39,70,1,180,0.3888888888888889,0.005555555555555556
2022-03-06T17:16:05,70,1,180,0.3888888888888889,0.005555555555555556
2022-03-06T17:24:30,70,1,180,0.3888888888888889,0.005555555555555556
2022-03-06T17:32:56,70,1,180,0.3888888888888889,0.005555555555555556
2022-03-06T17:41:22,70,1,180,0.3888888888888889,0.005555555555555556
2022-03-06T17:49:57,70,1,180,0.3888888888888889,0.005555555555555556
2022-03-06T17:58:23,70,1,180,0.3888888888888889,0.005555555555555556
2022-03-06T18:06:48,70,1,180,0.3888888888888889,0.005555555555555556
2022-03-06T18:15:14,70,1,180,0.3888888888888889,0.005555555555555556
2022-03-06T18:23:40,70,1,180,0.3888888888888889,0.005555555555555556
2022-03-06T18:32:06,70,1,180,0.3888888888888889,0.005555555555555556
2022-03-06T18:40:31,70,1,180,0.3888888888888889,0.005555555555555556
2022-03-06T18:48:57,70,1,180,0.3888888888888889,0.005555555555555556
2022-03-06T18:57:22,70,1,180,0.3888888888888889,0.005555555555555556
2022-03-06T19:05:48,70,1,180,0.3888888888888889,0.005555555555555556
2022-03-06T19:14:14,70,1,180,0.3888888888888889,0.005555555555555556
2022-03-06T19:22:39,70,1,180,0.3888888888888889,0.005555555555555556
2022-03-06T19:31:05,70,1,180,0.3888888888888889,0.005555555555555556
2022-03-06T19:39:31,70,1,180,0.3888888888888889,0.005555555555555556
2022-03-06T19:48:04,70,1,180,0.3888888888888889,0.005555555555555556
2022-03-06T19:56:30,70,1,180,0.3888888888888889,0.005555555555555556
2022-03-06T20:04:56,70,1,180,0.3888888888888889,0.005555555555555556
2022-03-06T20:13:22,70,1,180,0.3888888888888889,0.005555555555555556
2022-03-06T20:21:47,70,1,180,0.3888888888888889,0.005555555555555556
2022-03-06T20:30:14,70,1,180,0.3888888888888889,0.005555555555555556
2022-03-06T20:38:40,70,1,180,0.3888888888888889,0.005555555555555556
2022-03-06T20:47:07,70,1,180,0.3888888888888889,0.005555555555555556
2022-03-06T20:55:33,70,1,180,0.3888888888888889,0.005555555555555556
2022-03-06T21:04:00,70,1,180,0.3888888888888889,0.005555555555555556
2022-03-06T21:12:27,70,1,180,0.3888888888888889,0.005555555555555556
2022-03-06T21:20:54,70,1,180,0.3888888888888889,0.005555555555555556
2022-03-06T21:29:21,70,1,180,0.3888888888888889,0.005555555555555556
2022-03-06T21:37:47,70,1,180,0.3888888888888889,0.005555555555555556
2022-03-06T21:46:14,70,1,180,0.3888888888888889,0.005555555555555556
2022-03-06T21:54:40,70,1,180,0.3888888888888889,0.005555555555555556
2022-03-06T22:03:17,70,1,180,0.3888888888888889,0.005555555555555556
2022-03-06T22:11:43,70,1,180,0.3888888888888889,0.005555555555555556
2022-03-06T22:20:09,70,1,180,0.3888888888888889,0.005555555555555556
2022-03-06T22:28:35,70,1,180,0.3888888888888889,0.005555555555555556
2022-03-06T22:37:01,70,1,180,0.3888888888888889,0.005555555555555556
2022-03-06T22:45:26,70,1,180,0.3888888888888889,0.005555555555555556
2022-03-06T22:53:52,70,1,180,0.3888888888888889,0.005555555555555556
2022-03-06T23:02:18,70,1,180,0.3888888888888889,0.005555555555555556
2022-03-06T23:10:43,70,1,180,0.3888888888888889,0.005555555555555556
2022-03-06T23:19:11,70,1,180,0.3888888888888889,0.005555555555555556
2022-03-06T23:27:37,70,1,180,0.3888888888888889,0.005555555555555556
2022-03-06T23:36:02,70,1,180,0.3888888888888889,0.005555555555555556
2022-03-06T23:44:28,70,1,180,0.3888888888888889,0.005555555555555556
2022-03-06T23:53:03,70,1,180,0.3888888888888889,0.005555555555555556
2022-03-07T00:01:29,70,1,180,0.3888888888888889,0.005555555555555556
2022-03-07T00:09:55,70,1,180,0.3888888888888889,0.005555555555555556
2022-03-07T00:18:22,70,1,180,0.3888888888888889,0.005555555555555556
2022-03-07T00:26:48,70,1,180,0.3888888888888889,0.005555555555555556
2022-03-07T00:35:14,70,1,180,0.3888888888888889,0.005555555555555556
2022-03-07T00:43:41,70,1,180,0.3888888888888889,0.005555555555555556
2022-03-07T00:52:06,70,1,180,0.3888888888888889,0.005555555555555556
2022-03-07T01:00:32,70,1,180,0.3888888888888889,0.005555555555555556
2022-03-07T01:08:59,70,1,180,0.3888888888888889,0.005555555555555556
2022-03-07T01:17:25,70,1,180,0.3888888888888889,0.005555555555555556
2022-03-07T01:25:51,70,1,180,0.3888888888888889,0.005555555555555556
2022-03-07T01:34:17,70,1,180,0.3888888888888889,0.005555555555555556
2022-03-07T01:42:43,70,1,180,0.3888888888888889,0.005555555555555556
2022-03-07T01:51:09,70,1,180,0.3888888888888889,0.005555555555555556
2022-03-07T01:59:35,70,1,180,0.3888888888888889,0.005555555555555556
2022-03-07T02:08:10,70,1,180,0.3888888888888889,0.005555555555555556
2022-03-07T02:16:36,70,1,180,0.3888888888888889,0.005555555555555556
2022-03-07T02:25:02,70,1,180,0.3888888888888889,0.005555555555555556
2022-03-07T02:33:28,70,1,180,0.3888888888888889,0.005555555555555556
2022-03-07T02:41:54,70,1,180,0.3888888888888889,0.005555555555555556
2022-03-07T02:50:28,70,1,180,0.3888888888888889,0.005555555555555556
2022-03-07T02:58:54,70,1,180,0.3888888888888889,0.005555555555555556
2022-03-07T03:07:19,70,1,180,0.3888888888888889,0.005555555555555556
2022-03-07T03:15:46,70,1,180,0.3888888888888889,0.005555555555555556
2022-03-07T03:24:11,70,1,180,0.3888888888888889,0.005555555555555556
2022-03-07T03:32:37,70,1,180,0.3888888888888889,0.005555555555555556
2022-03-07T03:41:03,70,1,180,0.3888888888888889,0.005555555555555556
2022-03-07T03:49:30,70,1,180,0.3888888888888889,0.005555555555555556
2022-03-07T03:57:55,70,1,180,0.3888888888888889,0.005555555555555556
2022-03-07T04:06:54,70,1,180,0.3888888888888889,0.005555555555555556
2022-03-07T04:21:16,70,1,180,0.3888888888888889,0.005555555555555556
2022-03-07T04:30:01,70,1,180,0.3888888888888889,0.005555555555555556
2022-03-07T04:38:28,70,1,180,0.3888888888888889,0.005555555555555556
2022-03-07T04:46:55,70,1,180,0.3888888888888889,0.005555555555555556
2022-03-07T04:55:22,70,1,180,0.3888888888888889,0.005555555555555556
2022-03-07T05:03:49,70,1,180,0.3888888888888889,0.005555555555555556
2022-03-07T05:12:15,70,1,180,0.3888888888888889,0.005555555555555556
2022-03-07T05:20:42,70,1,180,0.3888888888888889,0.005555555555555556
2022-03-07T05:29:08,70,1,180,0.3888888888888889,0.005555555555555556
2022-03-07T05:37:35,70,1,180,0.3888888888888889,0.005555555555555556
2022-03-07T05:46:01,70,1,180,0.3888888888888889,0.005555555555555556
2022-03-07T05:54:27,70,1,180,0.3888888888888889,0.005555555555555556
2022-03-07T06:02:53,70,1,180,0.3888888888888889,0.005555555555555556
2022-03-07T06:11:20,70,1,180,0.3888888888888889,0.005555555555555556
2022-03-07T06:19:46,70,1,180,0.3888888888888889,0.005555555555555556
2022-03-07T06:28:12,70,1,180,0.3888888888888889,0.005555555555555556
2022-03-07T06:36:38,70,1,180,0.3888888888888889,0.005555555555555556
2022-03-07T06:45:04,70,1,180,0.3888888888888889,0.005555555555555556
2022-03-07T06:53:29,70,1,180,0.3888888888888889,0.005555555555555556
2022-03-07T07:01:55,70,1,180,0.3888888888888889,0.005555555555555556
2022-03-07T07:10:21,70,1,180,0.3888888888888889,0.005555555555555556
2022-03-07T07:18:47,70,1,180,0.3888888888888889,0.005555555555555556
2022-03-07T07:27:13,70,1,180,0.3888888888888889,0.005555555555555556
2022-03-07T07:35:39,70,1,180,0.3888888888888889,0.005555555555555556
2022-03-07T07:44:04,70,1,180,0.3888888888888889,0.005555555555555556
2022-03-07T07:52:30,70,1,180,0.3888888888888889,0.005555555555555556
2022-03-07T08:00:56,70,1,180,0.3888888888888889,0.005555555555555556
2022-03-07T08:09:22,70,1,180,0.3888888888888889,0.005555555555555556
2022-03-07T08:17:48,70,1,180,0.3888888888888889,0.005555555555555556
2022-03-07T08:26:14,70,1,180,0.3888888888888889,0.005555555555555556
2022-03-07T08:34:40,70,1,180,0.3888888888888889,0.005555555555555556
2022-03-07T08:43:15,70,1,180,0.3888888888888889,0.005555555555555556
2022-03-07T08:51:40,70,1,180,0.3888888888888889,0.005555555555555556
2022-03-07T09:00:07,70,1,180,0.3888888888888889,0.005555555555555556
2022-03-07T09:08:32,70,1,180,0.3888888888888889,0.005555555555555556
2022-03-07T09:16:58,70,1,180,0.3888888888888889,0.005555555555555556
2022-03-07T09:25:24,70,1,180,0.3888888888888889,0.005555555555555556
2022-03-07T09:33:50,70,1,180,0.3888888888888889,0.005555555555555556
2022-03-07T09:42:16,70,1,180,0.3888888888888889,0.005555555555555556
2022-03-07T09:50:42,70,1,180,0.3888888888888889,0.005555555555555556
2022-03-07T09:59:08,70,1,180,0.3888888888888889,0.005555555555555556
2022-03-07T10:07:34,70,1,180,0.3888888888888889,0.005555555555555556
2022-03-07T10:16:00,70,1,180,0.3888888888888889,0.005555555555555556
2022-03-07T10:24:26,70,1,180,0.3888888888888889,0.005555555555555556
2022-03-07T10:32:52,70,1,180,0.3888888888888889,0.005555555555555556
2022-03-07T10:41:18,70,1,180,0.3888888888888889,0.005555555555555556
2022-03-07T10:49:55,70,1,180,0.3888888888888889,0.005555555555555556
2022-03-07T10:58:21,70,1,180,0.3888888888888889,0.005555555555555556
2022-03-07T11:06:47,70,1,180,0.3888888888888889,0.005555555555555556
2022-03-07T11:15:13,70,1,180,0.3888888888888889,0.005555555555555556
2022-03-07T11:23:39,70,1,180,0.3888888888888889,0.005555555555555556
2022-03-07T11:32:05,70,1,180,0.3888888888888889,0.005555555555555556
2022-03-07T11:40:31,70,1,180,0.3888888888888889,0.005555555555555556
2022-03-07T11:48:57,70,1,180,0.3888888888888889,0.005555555555555556
2022-03-07T11:57:23,70,1,180,0.3888888888888889,0.005555555555555556
2022-03-07T12:05:59,70,1,180,0.3888888888888889,0.005555555555555556
2022-03-07T12:14:25,70,1,180,0.3888888888888889,0.005555555555555556
2022-03-07T12:22:51,70,1,180,0.3888888888888889,0.005555555555555556
2022-03-07T12:31:17,70,1,180,0.3888888888888889,0.005555555555555556
2022-03-07T12:39:42,70,1,180,0.3888888888888889,0.005555555555555556
2022-03-07T12:48:08,70,1,180,0.3888888888888889,0.005555555555555556
2022-03-07T12:56:34,70,1,180,0.3888888888888889,0.005555555555555556
2022-03-07T13:05:00,70,1,180,0.3888888888888889,0.005555555555555556
2022-03-07T13:13:26,70,1,180,0.3888888888888889,0.005555555555555556
2022-03-07T13:21:52,70,1,180,0.3888888888888889,0.005555555555555556
2022-03-07T13:30:28,70,1,180,0.3888888888888889,0.005555555555555556
2022-03-07T13:38:54,70,1,180,0.3888888888888889,0.005555555555555556
2022-03-07T13:47:20,70,1,180,0.3888888888888889,0.005555555555555556
2022-03-07T13:55:46,70,1,180,0.3888888888888889,0.005555555555555556
2022-03-07T14:04:12,70,1,180,0.3888888888888889,0.005555555555555556
2022-03-07T14:12:38,70,1,180,0.3888888888888889,0.005555555555555556
2022-03-07T14:21:04,70,1,180,0.3888888888888889,0.005555555555555556
2022-03-07T14:29:30,70,1,180,0.3888888888888889,0.005555555555555556
2022-03-07T14:37:56,70,1,180,0.3888888888888889,0.005555555555555556
2022-03-07T14:46:27,70,1,180,0.3888888888888889,0.005555555555555556
2022-03-07T14:54:53,70,1,180,0.3888888888888889,0.005555555555555556
2022-03-07T15:03:18,70,1,180,0.3888888888888889,0.005555555555555556
2022-03-07T15:11:44,70,1,180,0.3888888888888889,0.005555555555555556
2022-03-07T15:20:10,70,1,180,0.3888888888888889,0.005555555555555556
2022-03-07T15:28:36,70,1,180,0.3888888888888889,0.005555555555555556
2022-03-07T15:37:03,70,1,180,0.3888888888888889,0.005555555555555556
2022-03-07T15:45:29,70,1,180,0.3888888888888889,0.005555555555555556
2022-03-07T15:53:55,70,1,180,0.3888888888888889,0.005555555555555556
2022-03-07T16:02:20,70,1,180,0.3888888888888889,0.005555555555555556
2022-03-07T16:10:57,70,1,180,0.3888888888888889,0.005555555555555556
2022-03-07T16:19:23,70,1,180,0.3888888888888889,0.005555555555555556
2022-03-07T16:27:49,70,1,180,0.3888888888888889,0.005555555555555556
2022-03-07T16:36:15,70,1,180,0.3888888888888889,0.005555555555555556
2022-03-07T16:44:41,70,1,180,0.3888888888888889,0.005555555555555556
2022-03-07T16:53:07,70,1,180,0.3888888888888889,0.005555555555555556
2022-03-07T17:01:33,70,1,180,0.3888888888888889,0.005555555555555556
2022-03-07T17:09:59,70,1,180,0.3888888888888889,0.005555555555555556
2022-03-07T17:18:25,70,1,180,0.3888888888888889,0.005555555555555556
2022-03-07T17:27:00,70,1,180,0.3888888888888889,0.005555555555555556
2022-03-07T17:35:26,70,1,180,0.3888888888888889,0.005555555555555556
2022-03-07T17:43:52,70,1,180,0.3888888888888889,0.005555555555555556
2022-03-07T17:52:18,70,1,180,0.3888888888888889,0.005555555555555556
2022-03-07T18:00:43,70,1,180,0.3888888888888889,0.005555555555555556
2022-03-07T18:09:09,70,1,180,0.3888888888888889,0.005555555555555556
2022-03-07T18:17:35,70,1,180,0.3888888888888889,0.005555555555555556
2022-03-07T18:26:01,70,1,180,0.3888888888888889,0.005555555555555556
2022-03-07T18:34:27,70,1,180,0.3888888888888889,0.005555555555555556
2022-03-07T18:43:00,70,1,180,0.3888888888888889,0.005555555555555556
2022-03-07T18:51:25,70,1,180,0.3888888888888889,0.005555555555555556
2022-03-07T18:59:51,70,1,180,0.3888888888888889,0.005555555555555556
2022-03-07T19:08:17,70,1,180,0.3888888888888889,0.005555555555555556
2022-03-07T19:16:42,70,1,180,0.3888888888888889,0.005555555555555556
2022-03-07T19:25:08,70,1,180,0.3888888888888889,0.005555555555555556
2022-03-07T19:33:34,70,1,180,0.3888888888888889,0.005555555555555556
2022-03-07T19:42:00,70,1,180,0.3888888888888889,0.005555555555555556
2022-03-07T19:50:26,70,1,180,0.3888888888888889,0.005555555555555556
2022-03-07T19:58:52,70,1,180,0.3888888888888889,0.005555555555555556
2022-03-07T20:07:17,70,1,180,0.3888888888888889,0.005555555555555556
2022-03-07T20:15:55,70,1,180,0.3888888888888889,0.005555555555555556
2022-03-07T20:24:22,70,1,180,0.3888888888888889,0.005555555555555556
2022-03-07T20:32:48,70,1,180,0.3888888888888889,0.005555555555555556
2022-03-07T20:41:15,70,1,180,0.3888888888888889,0.005555555555555556
2022-03-07T20:49:42,70,1,180,0.3888888888888889,0.005555555555555556
2022-03-07T20:58:08,70,1,180,0.3888888888888889,0.005555555555555556
2022-03-07T21:06:35,70,1,180,0.3888888888888889,0.005555555555555556
2022-03-07T21:15:02,70,1,180,0.3888888888888889,0.005555555555555556
2022-03-07T21:23:28,70,1,180,0.3888888888888889,0.005555555555555556
2022-03-07T21:31:55,70,1,180,0.3888888888888889,0.005555555555555556
2022-03-07T21:40:22,70,1,180,0.3888888888888889,0.005555555555555556
2022-03-07T21:48:48,70,1,180,0.3888888888888889,0.005555555555555556
2022-03-07T21:57:22,70,1,180,0.3888888888888889,0.005555555555555556
2022-03-07T22:05:48,70,1,180,0.3888888888888889,0.005555555555555556
2022-03-07T22:14:14,70,1,180,0.3888888888888889,0.005555555555555556
2022-03-07T22:22:39,70,1,180,0.3888888888888889,0.005555555555555556
2022-03-07T22:31:05,70,1,180,0.3888888888888889,0.005555555555555556
2022-03-07T22:39:31,70,1,180,0.3888888888888889,0.005555555555555556
2022-03-07T22:47:57,70,1,180,0.3888888888888889,0.005555555555555556
2022-03-07T22:56:22,70,1,180,0.3888888888888889,0.005555555555555556
2022-03-07T23:04:48,70,1,180,0.3888888888888889,0.005555555555555556
2022-03-07T23:13:14,70,1,180,0.3888888888888889,0.005555555555555556
2022-03-07T23:21:42,70,1,180,0.3888888888888889,0.005555555555555556
2022-03-07T23:30:09,70,1,180,0.3888888888888889,0.005555555555555556
2022-03-07T23:38:44,70,1,180,0.3888888888888889,0.005555555555555556
2022-03-07T23:47:10,70,1,180,0.3888888888888889,0.005555555555555556
2022-03-07T23:55:35,70,1,180,0.3888888888888889,0.005555555555555556
2022-03-08T00:04:02,70,1,180,0.3888888888888889,0.005555555555555556
2022-03-08T00:12:28,70,1,180,0.3888888888888889,0.005555555555555556
2022-03-08T00:20:54,70,1,180,0.3888888888888889,0.005555555555555556
2022-03-08T00:29:20,70,1,180,0.3888888888888889,0.005555555555555556
2022-03-08T00:37:46,70,1,180,0.3888888888888889,0.005555555555555556
2022-03-08T00:46:12,70,1,180,0.3888888888888889,0.005555555555555556
2022-03-08T00:54:38,70,1,180,0.3888888888888889,0.005555555555555556
2022-03-08T01:03:04,70,1,180,0.3888888888888889,0.005555555555555556
2022-03-08T01:11:30,70,1,180,0.3888888888888889,0.005555555555555556
2022-03-08T01:19:56,70,1,180,0.3888888888888889,0.005555555555555556
2022-03-08T01:28:22,70,1,180,0.3888888888888889,0.005555555555555556
2022-03-08T01:36:48,70,1,180,0.3888888888888889,0.005555555555555556
2022-03-08T01:45:14,70,1,180,0.3888888888888889,0.005555555555555556
2022-03-08T01:53:40,70,1,180,0.3888888888888889,0.005555555555555556
2022-03-08T02:02:16,70,1,180,0.3888888888888889,0.005555555555555556
2022-03-08T02:10:42,70,1,180,0.3888888888888889,0.005555555555555556
2022-03-08T02:19:08,70,1,180,0.3888888888888889,0.005555555555555556
2022-03-08T02:27:33,70,1,180,0.3888888888888889,0.005555555555555556
2022-03-08T02:35:59,70,1,180,0.3888888888888889,0.005555555555555556
2022-03-08T02:44:24,70,1,180,0.3888888888888889,0.005555555555555556
2022-03-08T02:52:50,70,1,180,0.3888888888888889,0.005555555555555556
2022-03-08T03:01:15,70,1,180,0.3888888888888889,0.005555555555555556
2022-03-08T03:09:41,70,1,180,0.3888888888888889,0.005555555555555556
2022-03-08T03:18:06,70,1,180,0.3888888888888889,0.005555555555555556
2022-03-08T03:26:32,70,1,180,0.3888888888888889,0.005555555555555556
2022-03-08T03:34:59,70,1,180,0.3888888888888889,0.005555555555555556
2022-03-08T03:43:25,70,1,180,0.3888888888888889,0.005555555555555556
2022-03-08T03:51:51,70,1,180,0.3888888888888889,0.005555555555555556
2022-03-08T04:00:17,70,1,180,0.3888888888888889,0.005555555555555556
2022-03-08T04:16:32,70,1,180,0.3888888888888889,0.005555555555555556
2022-03-08T04:25:58,70,1,180,0.3888888888888889,0.005555555555555556
2022-03-08T04:34:37,70,1,180,0.3888888888888889,0.005555555555555556
2022-03-08T04:43:03,70,1,180,0.3888888888888889,0.005555555555555556
2022-03-08T04:51:29,70,1,180,0.3888888888888889,0.005555555555555556
2022-03-08T04:59:56,70,1,180,0.3888888888888889,0.005555555555555556
2022-03-08T05:08:22,70,1,180,0.3888888888888889,0.005555555555555556
2022-03-08T05:16:49,70,1,180,0.3888888888888889,0.005555555555555556
2022-03-08T05:25:15,70,1,180,0.3888888888888889,0.005555555555555556
2022-03-08T05:33:41,70,1,180,0.3888888888888889,0.005555555555555556
2022-03-08T05:42:08,70,1,180,0.3888888888888889,0.005555555555555556
2022-03-08T05:50:34,70,1,180,0.3888888888888889,0.005555555555555556
2022-03-08T05:59:02,70,1,180,0.3888888888888889,0.005555555555555556
2022-03-08T06:07:28,70,1,180,0.3888888888888889,0.005555555555555556
2022-03-08T06:15:55,70,1,180,0.3888888888888889,0.005555555555555556
2022-03-08T06:24:21,70,1,180,0.3888888888888889,0.005555555555555556
2022-03-08T06:32:47,70,1,180,0.3888888888888889,0.005555555555555556
2022-03-08T06:41:14,70,1,180,0.3888888888888889,0.005555555555555556
2022-03-08T06:49:40,70,1,180,0.3888888888888889,0.005555555555555556
2022-03-08T06:58:06,70,1,180,0.3888888888888889,0.005555555555555556
2022-03-08T07:06:32,70,1,180,0.3888888888888889,0.005555555555555556
2022-03-08T07:14:57,70,1,180,0.3888888888888889,0.005555555555555556
2022-03-08T07:23:23,70,1,180,0.3888888888888889,0.005555555555555556
2022-03-08T07:31:49,70,1,180,0.3888888888888889,0.005555555555555556
2022-03-08T07:40:15,70,1,180,0.3888888888888889,0.005555555555555556
2022-03-08T07:48:41,70,1,180,0.3888888888888889,0.005555555555555556
2022-03-08T07:57:07,70,1,180,0.3888888888888889,0.005555555555555556
2022-03-08T08:05:33,70,1,180,0.3888888888888889,0.005555555555555556
2022-03-08T08:13:58,70,1,180,0.3888888888888889,0.005555555555555556
2022-03-08T08:22:24,70,1,180,0.3888888888888889,0.005555555555555556
2022-03-08T08:30:50,70,1,180,0.3888888888888889,0.005555555555555556
2022-03-08T08:39:34,70,1,180,0.3888888888888889,0.005555555555555556
2022-03-08T08:48:00,70,1,180,0.3888888888888889,0.005555555555555556
2022-03-08T08:56:29,70,1,180,0.3888888888888889,0.005555555555555556
2022-03-08T09:04:58,70,1,180,0.3888888888888889,0.005555555555555556
2022-03-08T09:13:27,70,1,180,0.3888888888888889,0.005555555555555556
2022-03-08T09:21:56,70,1,180,0.3888888888888889,0.005555555555555556
2022-03-08T09:30:26,70,1,180,0.3888888888888889,0.005555555555555556
2022-03-08T09:38:55,70,1,180,0.3888888888888889,0.005555555555555556
2022-03-08T09:47:24,70,1,180,0.3888888888888889,0.005555555555555556
2022-03-08T09:55:54,70,1,180,0.3888888888888889,0.005555555555555556
2022-03-08T10:04:23,70,1,180,0.3888888888888889,0.005555555555555556
2022-03-08T10:12:52,70,1,180,0.3888888888888889,0.005555555555555556
2022-03-08T10:21:31,70,1,180,0.3888888888888889,0.005555555555555556
2022-03-08T10:30:00,70,1,180,0.3888888888888889,0.005555555555555556
2022-03-08T10:38:29,70,1,180,0.3888888888888889,0.005555555555555556
2022-03-08T10:46:58,70,1,180,0.3888888888888889,0.005555555555555556
2022-03-08T10:55:27,70,1,180,0.3888888888888889,0.005555555555555556
2022-03-08T11:03:56,70,1,180,0.3888888888888889,0.005555555555555556
2022-03-08T11:12:25,70,1,180,0.3888888888888889,0.005555555555555556
2022-03-08T11:21:02,70,1,180,0.3888888888888889,0.005555555555555556
2022-03-08T11:29:31,70,1,180,0.3888888888888889,0.005555555555555556
2022-03-08T11:38:00,70,1,180,0.3888888888888889,0.005555555555555556
2022-03-08T11:46:29,70,1,180,0.3888888888888889,0.005555555555555556
2022-03-08T11:54:58,70,1,180,0.3888888888888889,0.005555555555555556
2022-03-08T12:03:27,70,1,180,0.3888888888888889,0.005555555555555556
2022-03-08T12:12:14,70,1,180,0.3888888888888889,0.005555555555555556
2022-03-08T12:20:42,70,1,180,0.3888888888888889,0.005555555555555556
2022-03-08T12:29:11,70,1,180,0.3888888888888889,0.005555555555555556
2022-03-08T12:37:40,70,1,180,0.3888888888888889,0.005555555555555556
2022-03-08T12:46:09,70,1,180,0.3888888888888889,0.005555555555555556
2022-03-08T12:54:38,70,1,180,0.3888888888888889,0.005555555555555556
2022-03-08T13:03:21,70,1,180,0.3888888888888889,0.005555555555555556
2022-03-08T13:11:50,70,1,180,0.3888888888888889,0.005555555555555556
2022-03-08T13:20:19,70,1,180,0.3888888888888889,0.005555555555555556
2022-03-08T13:28:48,70,1,180,0.3888888888888889,0.005555555555555556
2022-03-08T13:37:17,70,1,180,0.3888888888888889,0.005555555555555556
2022-03-08T13:45:46,70,1,180,0.3888888888888889,0.005555555555555556
2022-03-08T13:54:16,70,1,180,0.3888888888888889,0.005555555555555556
2022-03-08T14:02:45,70,1,180,0.3888888888888889,0.005555555555555556
2022-03-08T14:11:24,70,1,180,0.3888888888888889,0.005555555555555556
2022-03-08T14:19:53,70,1,180,0.3888888888888889,0.005555555555555556
2022-03-08T14:28:22,70,1,180,0.3888888888888889,0.005555555555555556
2022-03-08T14:36:52,70,1,180,0.3888888888888889,0.005555555555555556
2022-03-08T14:45:21,70,1,180,0.3888888888888889,0.005555555555555556
2022-03-08T14:54:11,70,1,180,0.3888888888888889,0.005555555555555556
2022-03-08T15:02:40,70,1,180,0.3888888888888889,0.005555555555555556
2022-03-08T15:11:09,70,1,180,0.3888888888888889,0.005555555555555556
2022-03-08T15:19:38,70,1,180,0.3888888888888889,0.005555555555555556
2022-03-08T15:28:07,70,1,180,0.3888888888888889,0.005555555555555556
2022-03-08T15:36:44,70,1,180,0.3888888888888889,0.005555555555555556
2022-03-08T15:45:13,70,1,180,0.3888888888888889,0.005555555555555556
2022-03-08T15:53:42,70,1,180,0.3888888888888889,0.005555555555555556
2022-03-08T16:02:11,70,1,180,0.3888888888888889,0.005555555555555556
2022-03-08T16:10:40,70,1,180,0.3888888888888889,0.005555555555555556
2022-03-08T16:19:09,70,1,180,0.3888888888888889,0.005555555555555556
2022-03-08T16:27:49,70,1,180,0.3888888888888889,0.005555555555555556
2022-03-08T16:36:18,70,1,180,0.3888888888888889,0.005555555555555556
2022-03-08T16:44:47,70,1,180,0.3888888888888889,0.005555555555555556
2022-03-08T16:53:16,70,1,180,0.3888888888888889,0.005555555555555556
2022-03-08T17:01:45,70,1,180,0.3888888888888889,0.005555555555555556
2022-03-08T17:10:14,70,1,180,0.3888888888888889,0.005555555555555556
2022-03-08T17:18:43,70,1,180,0.3888888888888889,0.005555555555555556
2022-03-08T17:27:35,70,1,180,0.3888888888888889,0.005555555555555556
2022-03-08T17:36:04,70,1,180,0.3888888888888889,0.005555555555555556
2022-03-08T17:44:32,70,1,180,0.3888888888888889,0.005555555555555556
2022-03-08T17:53:01,70,1,180,0.3888888888888889,0.005555555555555556
2022-03-08T18:01:30,70,1,180,0.3888888888888889,0.005555555555555556
2022-03-08T18:09:59,70,1,180,0.3888888888888889,0.005555555555555556
2022-03-08T18:18:28,70,1,180,0.3888888888888889,0.005555555555555556
2022-03-08T18:26:57,70,1,180,0.3888888888888889,0.005555555555555556
2022-03-08T18:35:25,70,1,180,0.3888888888888889,0.005555555555555556
2022-03-08T18:43:54,70,1,180,0.3888888888888889,0.005555555555555556
2022-03-08T18:52:33,70,1,180,0.3888888888888889,0.005555555555555556
2022-03-08T19:01:01,70,1,180,0.3888888888888889,0.005555555555555556
2022-03-08T19:09:30,70,1,180,0.3888888888888889,0.005555555555555556
2022-03-08T19:17:59,70,1,180,0.3888888888888889,0.005555555555555556
2022-03-08T19:26:28,70,1,180,0.3888888888888889,0.005555555555555556
2022-03-08T19:34:57,70,1,180,0.3888888888888889,0.005555555555555556
2022-03-08T19:43:25,70,1,180,0.3888888888888889,0.005555555555555556
2022-03-08T19:51:54,70,1,180,0.3888888888888889,0.005555555555555556
2022-03-08T20:00:23,70,1,180,0.3888888888888889,0.005555555555555556
2022-03-08T20:08:52,70,1,180,0.3888888888888889,0.005555555555555556
2022-03-08T20:17:29,70,1,180,0.3888888888888889,0.005555555555555556
2022-03-08T20:25:58,70,1,180,0.3888888888888889,0.005555555555555556
2022-03-08T20:34:27,70,1,180,0.3888888888888889,0.005555555555555556
2022-03-08T20:42:56,70,1,180,0.3888888888888889,0.005555555555555556
2022-03-08T20:51:25,70,1,180,0.3888888888888889,0.005555555555555556
2022-03-08T20:59:54,70,1,180,0.3888888888888889,0.005555555555555556
2022-03-08T21:08:22,70,1,180,0.3888888888888889,0.005555555555555556
2022-03-08T21:16:51,70,1,180,0.3888888888888889,0.005555555555555556
2022-03-08T21:25:28,70,1,180,0.3888888888888889,0.005555555555555556
2022-03-08T21:33:57,70,1,180,0.3888888888888889,0.005555555555555556
2022-03-08T21:42:25,70,1,180,0.3888888888888889,0.005555555555555556
2022-03-08T21:50:54,70,1,180,0.3888888888888889,0.005555555555555556
2022-03-08T21:59:22,70,1,180,0.3888888888888889,0.005555555555555556
2022-03-08T22:07:51,70,1,180,0.3888888888888889,0.005555555555555556
2022-03-08T22:16:20,70,1,180,0.3888888888888889,0.005555555555555556
2022-03-08T22:24:49,70,1,180,0.3888888888888889,0.005555555555555556
2022-03-08T22:33:17,70,1,180,0.3888888888888889,0.005555555555555556
2022-03-08T22:41:56,70,1,180,0.3888888888888889,0.005555555555555556
2022-03-08T22:50:25,70,1,180,0.3888888888888889,0.005555555555555556
2022-03-08T22:58:53,70,1,180,0.3888888888888889,0.005555555555555556
2022-03-08T23:07:22,70,1,180,0.3888888888888889,0.005555555555555556
2022-03-08T23:15:51,70,1,180,0.3888888888888889,0.005555555555555556
2022-03-08T23:24:24,70,1,180,0.3888888888888889,0.005555555555555556
2022-03-08T23:32:53,70,1,180,0.3888888888888889,0.005555555555555556
2022-03-08T23:41:22,70,1,180,0.3888888888888889,0.005555555555555556
2022-03-08T23:50:09,70,1,180,0.3888888888888889,0.005555555555555556
2022-03-08T23:58:38,70,1,180,0.3888888888888889,0.005555555555555556
2022-03-09T00:07:07,70,1,180,0.3888888888888889,0.005555555555555556
2022-03-09T00:15:36,70,1,180,0.3888888888888889,0.005555555555555556
2022-03-09T00:24:05,70,1,180,0.3888888888888889,0.005555555555555556
2022-03-09T00:32:34,70,1,180,0.3888888888888889,0.005555555555555556
2022-03-09T00:41:03,70,1,180,0.3888888888888889,0.005555555555555556
2022-03-09T00:49:32,70,1,180,0.3888888888888889,0.005555555555555556
2022-03-09T00:58:02,70,1,180,0.3888888888888889,0.005555555555555556
2022-03-09T01:06:31,70,1,180,0.3888888888888889,0.005555555555555556
2022-03-09T01:15:00,70,1,180,0.3888888888888889,0.005555555555555556
2022-03-09T01:23:29,70,1,180,0.3888888888888889,0.005555555555555556
2022-03-09T01:32:15,70,1,180,0.3888888888888889,0.005555555555555556
2022-03-09T01:40:44,70,1,180,0.3888888888888889,0.005555555555555556
2022-03-09T01:49:12,70,1,180,0.3888888888888889,0.005555555555555556
2022-03-09T01:57:41,70,1,180,0.3888888888888889,0.005555555555555556
2022-03-09T02:06:10,70,1,180,0.3888888888888889,0.005555555555555556
2022-03-09T02:14:40,70,1,180,0.3888888888888889,0.005555555555555556
2022-03-09T02:23:09,70,1,180,0.3888888888888889,0.005555555555555556
2022-03-09T02:31:38,70,1,180,0.3888888888888889,0.005555555555555556
2022-03-09T02:40:08,70,1,180,0.3888888888888889,0.005555555555555556
2022-03-09T02:48:37,70,1,180,0.3888888888888889,0.005555555555555556
2022-03-09T02:57:06,70,1,180,0.3888888888888889,0.005555555555555556
2022-03-09T03:05:35,70,1,180,0.3888888888888889,0.005555555555555556
2022-03-09T03:14:03,70,1,180,0.3888888888888889,0.005555555555555556
2022-03-09T03:22:32,70,1,180,0.3888888888888889,0.005555555555555556
2022-03-09T03:31:01,70,1,180,0.3888888888888889,0.005555555555555556
2022-03-09T03:39:30,70,1,180,0.3888888888888889,0.005555555555555556
2022-03-09T03:48:06,70,1,180,0.3888888888888889,0.005555555555555556
2022-03-09T03:56:35,70,1,180,0.3888888888888889,0.005555555555555556
2022-03-09T04:05:04,70,1,180,0.3888888888888889,0.005555555555555556
2022-03-09T04:13:33,70,1,180,0.3888888888888889,0.005555555555555556
2022-03-09T11:08:39,70,1,180,0.3888888888888889,0.005555555555555556
2022-03-09T11:17:20,70,1,180,0.3888888888888889,0.005555555555555556
2022-03-09T11:25:52,70,1,180,0.3888888888888889,0.005555555555555556
2022-03-09T11:34:24,70,1,180,0.3888888888888889,0.005555555555555556
2022-03-09T11:42:56,70,1,180,0.3888888888888889,0.005555555555555556
2022-03-09T11:51:28,70,1,180,0.3888888888888889,0.005555555555555556
2022-03-09T12:00:00,70,1,180,0.3888888888888889,0.005555555555555556
2022-03-09T12:08:32,69,1,180,0.38333333333333336,0.005555555555555556
2022-03-09T12:17:04,69,1,180,0.38333333333333336,0.005555555555555556
2022-03-09T12:25:36,69,1,180,0.38333333333333336,0.005555555555555556
2022-03-09T12:34:08,69,1,180,0.38333333333333336,0.005555555555555556
2022-03-09T12:42:39,69,1,180,0.38333333333333336,0.005555555555555556
2022-03-09T12:51:11,69,1,180,0.38333333333333336,0.005555555555555556
2022-03-09T12:59:43,69,1,180,0.38333333333333336,0.005555555555555556
2022-03-09T13:08:26,69,1,180,0.38333333333333336,0.005555555555555556
2022-03-09T13:16:59,69,1,180,0.38333333333333336,0.005555555555555556
2022-03-09T13:25:31,69,1,180,0.38333333333333336,0.005555555555555556
2022-03-09T13:34:03,69,1,180,0.38333333333333336,0.005555555555555556
2022-03-09T13:42:35,69,1,180,0.38333333333333336,0.005555555555555556
2022-03-09T13:51:07,69,1,180,0.38333333333333336,0.005555555555555556
2022-03-09T13:59:39,69,1,180,0.38333333333333336,0.005555555555555556
2022-03-09T14:08:11,69,1,180,0.38333333333333336,0.005555555555555556
2022-03-09T14:16:43,69,1,180,0.38333333333333336,0.005555555555555556
2022-03-09T14:25:15,69,1,180,0.38333333333333336,0.005555555555555556
2022-03-09T14:33:47,69,1,180,0.38333333333333336,0.005555555555555556
2022-03-09T14:42:19,69,1,180,0.38333333333333336,0.005555555555555556
2022-03-09T14:50:51,69,1,180,0.38333333333333336,0.005555555555555556
2022-03-09T14:59:34,69,1,180,0.38333333333333336,0.005555555555555556
2022-03-09T15:08:06,69,1,180,0.38333333333333336,0.005555555555555556
2022-03-09T15:16:38,69,1,180,0.38333333333333336,0.005555555555555556
2022-03-09T15:25:10,69,1,180,0.38333333333333336,0.005555555555555556
2022-03-09T15:33:42,69,1,180,0.38333333333333336,0.005555555555555556
2022-03-09T15:42:14,69,1,180,0.38333333333333336,0.005555555555555556
2022-03-09T15:50:46,69,1,180,0.38333333333333336,0.005555555555555556
2022-03-09T15:59:18,69,1,180,0.38333333333333336,0.005555555555555556
2022-03-09T16:07:50,69,1,180,0.38333333333333336,0.005555555555555556
2022-03-09T16:16:21,69,1,180,0.38333333333333336,0.005555555555555556
2022-03-09T16:24:53,69,1,180,0.38333333333333336,0.005555555555555556
2022-03-09T16:33:25,69,1,180,0.38333333333333336,0.005555555555555556
2022-03-09T16:42:07,69,1,180,0.38333333333333336,0.005555555555555556
2022-03-09T16:50:39,69,1,180,0.38333333333333336,0.005555555555555556
2022-03-09T16:59:11,69,1,180,0.38333333333333336,0.005555555555555556
2022-03-09T17:07:43,69,1,180,0.38333333333333336,0.005555555555555556
2022-03-09T17:16:15,69,1,180,0.38333333333333336,0.005555555555555556
2022-03-09T17:24:47,69,1,180,0.38333333333333336,0.005555555555555556
2022-03-09T17:33:18,69,1,180,0.38333333333333336,0.005555555555555556
2022-03-09T17:41:50,69,1,180,0.38333333333333336,0.005555555555555556
2022-03-09T17:50:22,69,1,180,0.38333333333333336,0.005555555555555556
2022-03-09T17:58:54,69,1,180,0.38333333333333336,0.005555555555555556
2022-03-09T18:07:26,69,1,180,0.38333333333333336,0.005555555555555556
2022-03-09T18:15:58,69,1,180,0.38333333333333336,0.005555555555555556
2022-03-09T18:24:29,69,1,180,0.38333333333333336,0.005555555555555556
2022-03-09T18:33:01,69,1,180,0.38333333333333336,0.005555555555555556
2022-03-09T18:41:33,69,1,180,0.38333333333333336,0.005555555555555556
2022-03-09T18:50:05,69,1,180,0.38333333333333336,0.005555555555555556
2022-03-09T18:58:36,69,1,180,0.38333333333333336,0.005555555555555556
2022-03-09T19:07:08,69,1,180,0.38333333333333336,0.005555555555555556
2022-03-09T19:15:40,69,1,180,0.38333333333333336,0.005555555555555556
2022-03-09T19:24:12,69,1,180,0.38333333333333336,0.005555555555555556
2022-03-09T19:32:51,69,1,180,0.38333333333333336,0.005555555555555556
2022-03-09T19:41:23,69,1,180,0.38333333333333336,0.005555555555555556
2022-03-09T19:49:54,69,1,180,0.38333333333333336,0.005555555555555556
2022-03-09T19:58:26,69,1,180,0.38333333333333336,0.005555555555555556
2022-03-09T20:06:58,69,1,180,0.38333333333333336,0.005555555555555556
2022-03-09T20:15:30,69,1,180,0.38333333333333336,0.005555555555555556
2022-03-09T20:24:02,69,1,180,0.38333333333333336,0.005555555555555556
2022-03-09T20:32:33,69,1,180,0.38333333333333336,0.005555555555555556
2022-03-09T20:41:05,69,1,180,0.38333333333333336,0.005555555555555556
2022-03-09T20:49:37,69,1,180,0.38333333333333336,0.005555555555555556
2022-03-09T20:58:09,69,1,180,0.38333333333333336,0.005555555555555556
2022-03-09T21:06:40,69,1,180,0.38333333333333336,0.005555555555555556
2022-03-09T21:15:12,69,1,180,0.38333333333333336,0.005555555555555556
2022-03-09T21:23:44,69,1,180,0.38333333333333336,0.005555555555555556
2022-03-09T21:32:16,69,1,180,0.38333333333333336,0.005555555555555556
2022-03-09T21:40:47,69,1,180,0.38333333333333336,0.005555555555555556
2022-03-09T21:49:19,69,1,180,0.38333333333333336,0.005555555555555556
2022-03-09T21:57:51,69,1,180,0.38333333333333336,0.005555555555555556
2022-03-09T22:06:23,69,1,180,0.38333333333333336,0.005555555555555556
2022-03-09T22:14:56,69,1,180,0.38333333333333336,0.005555555555555556
2022-03-09T22:23:28,69,1,180,0.38333333333333336,0.005555555555555556
2022-03-09T22:32:00,69,1,180,0.38333333333333336,0.005555555555555556
2022-03-09T22:40:40,69,1,180,0.38333333333333336,0.005555555555555556
2022-03-09T22:49:12,69,1,180,0.38333333333333336,0.005555555555555556
2022-03-09T22:57:44,69,1,180,0.38333333333333336,0.005555555555555556
2022-03-09T23:06:16,69,1,180,0.38333333333333336,0.005555555555555556
2022-03-09T23:14:47,69,1,180,0.38333333333333336,0.005555555555555556
2022-03-09T23:23:19,69,1,180,0.38333333333333336,0.005555555555555556
2022-03-09T23:31:51,69,1,180,0.38333333333333336,0.005555555555555556
2022-03-09T23:40:23,69,1,180,0.38333333333333336,0.005555555555555556
2022-03-09T23:48:54,69,1,180,0.38333333333333336,0.005555555555555556
2022-03-09T23:57:26,69,1,180,0.38333333333333336,0.005555555555555556
2022-03-10T00:05:58,69,1,180,0.38333333333333336,0.005555555555555556
2022-03-10T00:14:30,69,1,180,0.38333333333333336,0.005555555555555556
2022-03-10T00:23:02,69,1,180,0.38333333333333336,0.005555555555555556
2022-03-10T00:31:34,69,1,180,0.38333333333333336,0.005555555555555556
2022-03-10T00:40:06,69,1,180,0.38333333333333336,0.005555555555555556
2022-03-10T00:48:38,69,1,180,0.38333333333333336,0.005555555555555556
2022-03-10T00:57:11,69,1,180,0.38333333333333336,0.005555555555555556
2022-03-10T01:05:43,69,1,180,0.38333333333333336,0.005555555555555556
2022-03-10T01:14:15,69,1,180,0.38333333333333336,0.005555555555555556
2022-03-10T01:22:47,69,1,180,0.38333333333333336,0.005555555555555556
2022-03-10T01:31:19,69,1,180,0.38333333333333336,0.005555555555555556
2022-03-10T01:39:51,69,1,180,0.38333333333333336,0.005555555555555556
2022-03-10T01:48:23,69,1,180,0.38333333333333336,0.005555555555555556
2022-03-10T01:56:55,69,1,180,0.38333333333333336,0.005555555555555556
2022-03-10T02:05:27,69,1,180,0.38333333333333336,0.005555555555555556
2022-03-10T02:13:59,69,1,180,0.38333333333333336,0.005555555555555556
2022-03-10T02:22:30,69,1,180,0.38333333333333336,0.005555555555555556
2022-03-10T02:31:02,69,1,180,0.38333333333333336,0.005555555555555556
2022-03-10T02:39:34,69,1,180,0.38333333333333336,0.005555555555555556
2022-03-10T02:48:05,69,1,180,0.38333333333333336,0.005555555555555556
2022-03-10T02:56:37,69,1,180,0.38333333333333336,0.005555555555555556
2022-03-10T03:05:10,69,1,180,0.38333333333333336,0.005555555555555556
2022-03-10T03:13:42,69,1,180,0.38333333333333336,0.005555555555555556
2022-03-10T03:22:14,69,1,180,0.38333333333333336,0.005555555555555556
2022-03-10T03:30:46,69,1,180,0.38333333333333336,0.005555555555555556
2022-03-10T03:39:18,69,1,180,0.38333333333333336,0.005555555555555556
2022-03-10T03:47:51,69,1,180,0.38333333333333336,0.005555555555555556
2022-03-10T03:56:22,69,1,180,0.38333333333333336,0.005555555555555556
2022-03-10T04:04:54,69,1,180,0.38333333333333336,0.005555555555555556
2022-03-10T11:31:52,69,1,180,0.38333333333333336,0.005555555555555556
2022-03-10T11:40:25,69,1,180,0.38333333333333336,0.005555555555555556
2022-03-10T11:48:59,69,1,180,0.38333333333333336,0.005555555555555556
2022-03-10T11:57:32,69,1,180,0.38333333333333336,0.005555555555555556
2022-03-10T12:06:04,69,1,180,0.38333333333333336,0.005555555555555556
2022-03-10T12:14:45,69,1,180,0.38333333333333336,0.005555555555555556
2022-03-10T12:23:18,69,1,180,0.38333333333333336,0.005555555555555556
2022-03-10T12:31:50,69,1,180,0.38333333333333336,0.005555555555555556
2022-03-10T12:40:22,69,1,180,0.38333333333333336,0.005555555555555556
2022-03-10T12:48:54,69,1,180,0.38333333333333336,0.005555555555555556
2022-03-10T12:57:26,69,1,180,0.38333333333333336,0.005555555555555556
2022-03-10T13:05:58,69,1,180,0.38333333333333336,0.005555555555555556
2022-03-10T13:14:30,69,1,180,0.38333333333333336,0.005555555555555556
2022-03-10T13:23:02,69,1,180,0.38333333333333336,0.005555555555555556
2022-03-10T13:31:34,69,1,180,0.38333333333333336,0.005555555555555556
2022-03-10T13:40:06,69,1,180,0.38333333333333336,0.005555555555555556
2022-03-10T13:48:38,69,1,180,0.38333333333333336,0.005555555555555556
2022-03-10T13:57:10,69,1,180,0.38333333333333336,0.005555555555555556
2022-03-10T14:05:43,69,1,180,0.38333333333333336,0.005555555555555556
2022-03-10T14:14:25,69,1,180,0.38333333333333336,0.005555555555555556
2022-03-10T14:22:57,69,1,180,0.38333333333333336,0.005555555555555556
2022-03-10T14:31:29,69,1,180,0.38333333333333336,0.005555555555555556
2022-03-10T14:40:01,69,1,180,0.38333333333333336,0.005555555555555556
2022-03-10T14:48:33,69,1,180,0.38333333333333336,0.005555555555555556
2022-03-10T14:57:05,69,1,180,0.38333333333333336,0.005555555555555556
2022-03-10T15:05:37,69,1,180,0.38333333333333336,0.005555555555555556
2022-03-10T15:14:09,69,1,180,0.38333333333333336,0.005555555555555556
2022-03-10T15:22:41,69,1,180,0.38333333333333336,0.005555555555555556
2022-03-10T15:31:13,69,1,180,0.38333333333333336,0.005555555555555556
2022-03-10T15:39:45,69,1,180,0.38333333333333336,0.005555555555555556
2022-03-10T15:48:17,69,1,180,0.38333333333333336,0.005555555555555556
2022-03-10T15:56:58,69,1,180,0.38333333333333336,0.005555555555555556
2022-03-10T16:05:30,69,1,180,0.38333333333333336,0.005555555555555556
2022-03-10T16:14:02,69,1,180,0.38333333333333336,0.005555555555555556
2022-03-10T16:22:34,69,1,180,0.38333333333333336,0.005555555555555556
2022-03-10T16:31:06,69,1,180,0.38333333333333336,0.005555555555555556
2022-03-10T16:39:38,69,1,180,0.38333333333333336,0.005555555555555556
2022-03-10T16:48:10,69,1,180,0.38333333333333336,0.005555555555555556
2022-03-10T16:56:42,69,1,180,0.38333333333333336,0.005555555555555556
2022-03-10T17:05:14,69,1,180,0.38333333333333336,0.005555555555555556
2022-03-10T17:13:46,69,1,180,0.38333333333333336,0.005555555555555556
2022-03-10T17:22:18,69,1,180,0.38333333333333336,0.005555555555555556
2022-03-10T17:30:50,69,1,180,0.38333333333333336,0.005555555555555556
2022-03-10T17:39:30,69,1,180,0.38333333333333336,0.005555555555555556
2022-03-10T17:48:02,69,1,180,0.38333333333333336,0.005555555555555556
2022-03-10T17:56:34,69,1,180,0.38333333333333336,0.005555555555555556
2022-03-10T18:05:06,69,1,180,0.38333333333333336,0.005555555555555556
2022-03-10T18:13:38,69,1,180,0.38333333333333336,0.005555555555555556
2022-03-10T18:22:10,69,1,180,0.38333333333333336,0.005555555555555556
2022-03-10T18:30:42,69,1,180,0.38333333333333336,0.005555555555555556
2022-03-10T18:39:14,69,1,180,0.38333333333333336,0.005555555555555556
2022-03-10T18:47:45,69,1,180,0.38333333333333336,0.005555555555555556
2022-03-10T18:56:17,69,1,180,0.38333333333333336,0.005555555555555556
2022-03-10T19:04:49,69,1,180,0.38333333333333336,0.005555555555555556
2022-03-10T19:13:21,69,1,180,0.38333333333333336,0.005555555555555556
2022-03-10T19:21:53,69,1,180,0.38333333333333336,0.005555555555555556
2022-03-10T19:30:25,69,1,180,0.38333333333333336,0.005555555555555556
2022-03-10T19:38:56,69,1,180,0.38333333333333336,0.005555555555555556
2022-03-10T19:47:28,69,1,180,0.38333333333333336,0.005555555555555556
2022-03-10T19:56:00,69,1,180,0.38333333333333336,0.005555555555555556
2022-03-10T20:04:32,69,1,180,0.38333333333333336,0.005555555555555556
2022-03-10T20:13:14,69,1,180,0.38333333333333336,0.005555555555555556
2022-03-10T20:21:45,69,1,180,0.38333333333333336,0.005555555555555556
2022-03-10T20:30:17,69,1,180,0.38333333333333336,0.005555555555555556
2022-03-10T20:38:49,69,1,180,0.38333333333333336,0.005555555555555556
2022-03-10T20:47:21,69,1,180,0.38333333333333336,0.005555555555555556
2022-03-10T20:55:52,69,1,180,0.38333333333333336,0.005555555555555556
2022-03-10T21:00:40,69,1,180,0.38333333333333336,0.005555555555555556
2022-03-10T21:09:12,69,1,180,0.38333333333333336,0.005555555555555556
2022-03-10T21:17:44,69,1,180,0.38333333333333336,0.005555555555555556
2022-03-10T21:26:16,69,1,180,0.38333333333333336,0.005555555555555556
2022-03-10T21:34:47,69,1,180,0.38333333333333336,0.005555555555555556
2022-03-10T21:43:19,69,1,180,0.38333333333333336,0.005555555555555556
2022-03-10T21:51:51,69,1,180,0.38333333333333336,0.005555555555555556
2022-03-10T22:00:23,69,1,180,0.38333333333333336,0.005555555555555556
2022-03-10T22:08:54,69,1,180,0.38333333333333336,0.005555555555555556
2022-03-10T22:17:26,69,1,180,0.38333333333333336,0.005555555555555556
2022-03-10T22:25:58,69,1,180,0.38333333333333336,0.005555555555555556
2022-03-10T22:34:30,69,1,180,0.38333333333333336,0.005555555555555556
2022-03-10T22:43:02,69,1,180,0.38333333333333336,0.005555555555555556
2022-03-10T22:51:33,69,1,180,0.38333333333333336,0.005555555555555556
2022-03-10T23:00:05,69,1,180,0.38333333333333336,0.005555555555555556
2022-03-10T23:08:37,69,1,180,0.38333333333333336,0.005555555555555556
2022-03-10T23:17:09,69,1,180,0.38333333333333336,0.005555555555555556
2022-03-10T23:25:41,69,1,180,0.38333333333333336,0.005555555555555556
2022-03-10T23:34:12,69,1,180,0.38333333333333336,0.005555555555555556
2022-03-10T23:42:44,69,1,180,0.38333333333333336,0.005555555555555556
2022-03-10T23:51:16,69,1,180,0.38333333333333336,0.005555555555555556
2022-03-10T23:59:56,69,1,180,0.38333333333333336,0.005555555555555556
2022-03-11T00:08:28,69,1,180,0.38333333333333336,0.005555555555555556
2022-03-11T00:17:00,69,1,180,0.38333333333333336,0.005555555555555556
2022-03-11T00:25:32,69,1,180,0.38333333333333336,0.005555555555555556
2022-03-11T00:34:04,69,1,180,0.38333333333333336,0.005555555555555556
2022-03-11T00:42:37,69,1,180,0.38333333333333336,0.005555555555555556
2022-03-11T00:51:09,69,1,180,0.38333333333333336,0.005555555555555556
2022-03-11T00:59:41,69,1,180,0.38333333333333336,0.005555555555555556
2022-03-11T01:08:14,69,1,180,0.38333333333333336,0.005555555555555556
2022-03-11T01:16:46,69,1,180,0.38333333333333336,0.005555555555555556
2022-03-11T01:25:18,69,1,180,0.38333333333333336,0.005555555555555556
2022-03-11T01:33:50,69,1,180,0.38333333333333336,0.005555555555555556
2022-03-11T01:42:22,69,1,180,0.38333333333333336,0.005555555555555556
2022-03-11T01:50:54,69,1,180,0.38333333333333336,0.005555555555555556
2022-03-11T01:59:26,69,1,180,0.38333333333333336,0.005555555555555556
2022-03-11T02:07:58,69,1,180,0.38333333333333336,0.005555555555555556
2022-03-11T02:16:30,69,1,180,0.38333333333333336,0.005555555555555556
2022-03-11T02:25:02,69,1,180,0.38333333333333336,0.005555555555555556
2022-03-11T02:33:35,69,1,180,0.38333333333333336,0.005555555555555556
2022-03-11T02:42:07,69,1,180,0.38333333333333336,0.005555555555555556
2022-03-11T02:50:39,69,1,180,0.38333333333333336,0.005555555555555556
2022-03-11T02:59:11,69,1,180,0.38333333333333336,0.005555555555555556
2022-03-11T03:07:43,69,1,180,0.38333333333333336,0.005555555555555556
2022-03-11T03:16:15,69,1,180,0.38333333333333336,0.005555555555555556
2022-03-11T03:24:47,69,1,180,0.38333333333333336,0.005555555555555556
2022-03-11T03:33:19,69,1,180,0.38333333333333336,0.005555555555555556
2022-03-11T03:41:51,69,1,180,0.38333333333333336,0.005555555555555556
2022-03-11T03:50:22,69,1,180,0.38333333333333336,0.005555555555555556
2022-03-11T03:58:54,69,1,180,0.38333333333333336,0.005555555555555556
2022-03-11T04:07:26,69,1,180,0.38333333333333336,0.005555555555555556
2022-03-11T04:32:29,69,1,180,0.38333333333333336,0.005555555555555556
2022-03-11T04:41:23,69,1,180,0.38333333333333336,0.005555555555555556
2022-03-11T04:49:56,69,1,180,0.38333333333333336,0.005555555555555556
2022-03-11T04:58:28,69,1,180,0.38333333333333336,0.005555555555555556
2022-03-11T05:07:01,69,1,180,0.38333333333333336,0.005555555555555556
2022-03-11T05:15:34,69,1,180,0.38333333333333336,0.005555555555555556
2022-03-11T05:24:06,69,1,180,0.38333333333333336,0.005555555555555556
2022-03-11T05:32:39,69,1,180,0.38333333333333336,0.005555555555555556
2022-03-11T05:41:11,69,1,180,0.38333333333333336,0.005555555555555556
2022-03-11T05:49:44,69,1,180,0.38333333333333336,0.005555555555555556
2022-03-11T05:58:16,69,1,180,0.38333333333333336,0.005555555555555556
2022-03-11T06:06:49,69,1,180,0.38333333333333336,0.005555555555555556
2022-03-11T06:15:26,69,1,180,0.38333333333333336,0.005555555555555556
2022-03-11T06:24:03,69,1,180,0.38333333333333336,0.005555555555555556
2022-03-11T06:32:35,69,1,180,0.38333333333333336,0.005555555555555556
2022-03-11T06:41:07,69,1,180,0.38333333333333336,0.005555555555555556
2022-03-11T06:49:39,69,1,180,0.38333333333333336,0.005555555555555556
2022-03-11T06:58:11,69,1,180,0.38333333333333336,0.005555555555555556
2022-03-11T07:06:43,69,1,180,0.38333333333333336,0.005555555555555556
2022-03-11T07:15:15,69,1,180,0.38333333333333336,0.005555555555555556
2022-03-11T07:23:47,69,1,180,0.38333333333333336,0.005555555555555556
2022-03-11T07:32:19,69,1,180,0.38333333333333336,0.005555555555555556
2022-03-11T07:40:51,69,1,180,0.38333333333333336,0.005555555555555556
2022-03-11T07:49:23,69,1,180,0.38333333333333336,0.005555555555555556
2022-03-11T07:57:55,69,1,180,0.38333333333333336,0.005555555555555556
2022-03-11T08:06:27,69,1,180,0.38333333333333336,0.005555555555555556
2022-03-11T08:14:59,69,1,180,0.38333333333333336,0.005555555555555556
2022-03-11T08:23:31,69,1,180,0.38333333333333336,0.005555555555555556
2022-03-11T08:32:03,69,1,180,0.38333333333333336,0.005555555555555556
2022-03-11T08:40:35,69,1,180,0.38333333333333336,0.005555555555555556
2022-03-11T08:49:07,69,1,180,0.38333333333333336,0.005555555555555556
2022-03-11T08:57:39,69,1,180,0.38333333333333336,0.005555555555555556
2022-03-11T09:06:11,69,1,180,0.38333333333333336,0.005555555555555556
2022-03-11T09:14:43,69,1,180,0.38333333333333336,0.005555555555555556
2022-03-11T09:23:15,69,1,180,0.38333333333333336,0.005555555555555556
2022-03-11T09:31:49,69,1,180,0.38333333333333336,0.005555555555555556
2022-03-11T09:40:21,69,1,180,0.38333333333333336,0.005555555555555556
2022-03-11T09:48:53,69,1,180,0.38333333333333336,0.005555555555555556
2022-03-11T09:57:25,69,1,180,0.38333333333333336,0.005555555555555556
2022-03-11T10:05:57,69,1,180,0.38333333333333336,0.005555555555555556
2022-03-11T10:14:29,69,1,180,0.38333333333333336,0.005555555555555556
2022-03-11T10:23:01,69,1,180,0.38333333333333336,0.005555555555555556
2022-03-11T10:31:33,69,1,180,0.38333333333333336,0.005555555555555556
2022-03-11T10:40:05,69,1,180,0.38333333333333336,0.005555555555555556
2022-03-11T10:48:46,69,1,180,0.38333333333333336,0.005555555555555556
2022-03-11T10:57:18,69,1,180,0.38333333333333336,0.005555555555555556
2022-03-11T11:05:51,69,1,180,0.38333333333333336,0.005555555555555556
2022-03-11T11:14:23,69,1,180,0.38333333333333336,0.005555555555555556
2022-03-11T11:22:55,69,1,180,0.38333333333333336,0.005555555555555556
2022-03-11T11:31:27,69,1,180,0.38333333333333336,0.005555555555555556
2022-03-11T11:39:59,69,1,180,0.38333333333333336,0.005555555555555556
2022-03-11T11:48:31,69,1,180,0.38333333333333336,0.005555555555555556
2022-03-11T11:57:02,69,1,180,0.38333333333333336,0.005555555555555556
2022-03-11T12:05:34,69,1,180,0.38333333333333336,0.005555555555555556
2022-03-11T12:14:06,69,1,180,0.38333333333333336,0.005555555555555556
2022-03-11T12:22:38,69,1,180,0.38333333333333336,0.005555555555555556
2022-03-11T12:31:10,69,1,180,0.38333333333333336,0.005555555555555556
2022-03-11T12:39:50,69,1,180,0.38333333333333336,0.005555555555555556
2022-03-11T12:48:22,69,1,180,0.38333333333333336,0.005555555555555556
2022-03-11T12:56:54,69,1,180,0.38333333333333336,0.005555555555555556
2022-03-11T13:05:26,69,1,180,0.38333333333333336,0.005555555555555556
2022-03-11T13:13:58,69,1,180,0.38333333333333336,0.005555555555555556
2022-03-11T13:22:31,69,1,180,0.38333333333333336,0.005555555555555556
2022-03-11T13:31:03,69,1,180,0.38333333333333336,0.005555555555555556
2022-03-11T13:39:35,69,1,180,0.38333333333333336,0.005555555555555556
2022-03-11T13:48:07,70,1,180,0.3888888888888889,0.005555555555555556
2022-03-11T13:56:39,70,1,180,0.3888888888888889,0.005555555555555556
2022-03-11T14:05:11,70,1,180,0.3888888888888889,0.005555555555555556
2022-03-11T14:13:44,70,1,180,0.3888888888888889,0.005555555555555556
2022-03-11T14:22:16,70,1,180,0.3888888888888889,0.005555555555555556
2022-03-11T14:30:57,70,1,180,0.3888888888888889,0.005555555555555556
2022-03-11T14:39:30,70,1,180,0.3888888888888889,0.005555555555555556
2022-03-11T14:48:02,70,1,180,0.3888888888888889,0.005555555555555556
2022-03-11T14:56:35,70,1,180,0.3888888888888889,0.005555555555555556
2022-03-11T15:05:07,70,1,180,0.3888888888888889,0.005555555555555556
2022-03-11T15:13:39,70,1,180,0.3888888888888889,0.005555555555555556
2022-03-11T15:22:11,70,1,180,0.3888888888888889,0.005555555555555556
2022-03-11T15:30:43,70,1,180,0.3888888888888889,0.005555555555555556
2022-03-11T15:39:16,70,1,180,0.3888888888888889,0.005555555555555556
2022-03-11T15:47:48,70,1,180,0.3888888888888889,0.005555555555555556
2022-03-11T15:56:20,70,1,180,0.3888888888888889,0.005555555555555556
2022-03-11T16:04:52,70,1,180,0.3888888888888889,0.005555555555555556
2022-03-11T16:13:24,70,1,180,0.3888888888888889,0.005555555555555556
2022-03-11T16:22:06,70,1,180,0.3888888888888889,0.005555555555555556
2022-03-11T16:30:38,70,1,180,0.3888888888888889,0.005555555555555556
2022-03-11T16:39:10,70,1,180,0.3888888888888889,0.005555555555555556
2022-03-11T16:47:42,70,1,180,0.3888888888888889,0.005555555555555556
2022-03-11T16:56:14,70,1,180,0.3888888888888889,0.005555555555555556
2022-03-11T17:04:46,70,1,180,0.3888888888888889,0.005555555555555556
2022-03-11T17:13:18,70,1,180,0.3888888888888889,0.005555555555555556
2022-03-11T17:21:50,70,1,180,0.3888888888888889,0.005555555555555556
2022-03-11T17:30:22,70,1,180,0.3888888888888889,0.005555555555555556
2022-03-11T17:38:54,70,1,180,0.3888888888888889,0.005555555555555556
2022-03-11T17:47:25,70,1,180,0.3888888888888889,0.005555555555555556
2022-03-11T17:55:57,70,1,180,0.3888888888888889,0.005555555555555556
2022-03-11T18:04:29,70,1,180,0.3888888888888889,0.005555555555555556
2022-03-11T18:13:01,70,1,180,0.3888888888888889,0.005555555555555556
2022-03-11T18:21:33,70,1,180,0.3888888888888889,0.005555555555555556
2022-03-11T18:30:05,70,1,180,0.3888888888888889,0.005555555555555556
2022-03-11T18:38:37,70,1,180,0.3888888888888889,0.005555555555555556
2022-03-11T18:47:12,70,1,180,0.3888888888888889,0.005555555555555556
2022-03-11T18:55:44,70,1,180,0.3888888888888889,0.005555555555555556
2022-03-11T19:04:25,70,1,180,0.3888888888888889,0.005555555555555556
2022-03-11T19:12:57,70,1,180,0.3888888888888889,0.005555555555555556
2022-03-11T19:21:29,70,1,180,0.3888888888888889,0.005555555555555556
2022-03-11T19:30:00,70,1,180,0.3888888888888889,0.005555555555555556
2022-03-11T19:38:32,70,1,180,0.3888888888888889,0.005555555555555556
2022-03-11T19:47:04,70,1,180,0.3888888888888889,0.005555555555555556
2022-03-11T19:55:35,70,1,180,0.3888888888888889,0.005555555555555556
2022-03-11T20:04:07,70,1,180,0.3888888888888889,0.005555555555555556
2022-03-11T20:12:39,70,1,180,0.3888888888888889,0.005555555555555556
2022-03-11T20:21:11,70,1,180,0.3888888888888889,0.005555555555555556
2022-03-11T20:29:42,70,1,180,0.3888888888888889,0.005555555555555556
2022-03-11T20:38:14,70,1,180,0.3888888888888889,0.005555555555555556
2022-03-11T20:46:46,70,1,180,0.3888888888888889,0.005555555555555556
2022-03-11T20:55:18,70,1,180,0.3888888888888889,0.005555555555555556
2022-03-11T21:03:49,70,1,180,0.3888888888888889,0.005555555555555556
2022-03-11T21:12:21,70,1,180,0.3888888888888889,0.005555555555555556
2022-03-11T21:20:53,70,1,180,0.3888888888888889,0.005555555555555556
2022-03-11T21:29:25,70,1,180,0.3888888888888889,0.005555555555555556
2022-03-11T21:37:57,70,1,180,0.3888888888888889,0.005555555555555556
2022-03-11T21:46:29,70,1,180,0.3888888888888889,0.005555555555555556
2022-03-11T21:55:00,70,1,180,0.3888888888888889,0.005555555555555556
2022-03-11T22:03:32,70,1,180,0.3888888888888889,0.005555555555555556
2022-03-11T22:12:04,70,1,180,0.3888888888888889,0.005555555555555556
2022-03-11T22:20:36,70,1,180,0.3888888888888889,0.005555555555555556
2022-03-11T22:29:07,70,1,180,0.3888888888888889,0.005555555555555556
2022-03-11T22:37:39,70,1,180,0.3888888888888889,0.005555555555555556
2022-03-11T22:46:11,70,1,180,0.3888888888888889,0.005555555555555556
2022-03-11T22:54:43,70,1,180,0.3888888888888889,0.005555555555555556
2022-03-11T23:03:14,70,1,180,0.3888888888888889,0.005555555555555556
2022-03-11T23:11:46,70,1,180,0.3888888888888889,0.005555555555555556
2022-03-11T23:20:18,70,1,180,0.3888888888888889,0.005555555555555556
2022-03-11T23:28:50,70,1,180,0.3888888888888889,0.005555555555555556
2022-03-11T23:37:22,70,1,180,0.3888888888888889,0.005555555555555556
2022-03-11T23:45:53,70,1,180,0.3888888888888889,0.005555555555555556
2022-03-11T23:54:25,70,1,180,0.3888888888888889,0.005555555555555556
2022-03-12T00:02:57,70,1,180,0.3888888888888889,0.005555555555555556
2022-03-12T00:11:29,70,1,180,0.3888888888888889,0.005555555555555556
2022-03-12T00:20:02,70,1,180,0.3888888888888889,0.005555555555555556
2022-03-12T00:28:34,70,1,180,0.3888888888888889,0.005555555555555556
2022-03-12T00:37:07,70,1,180,0.3888888888888889,0.005555555555555556
2022-03-12T00:45:39,70,1,180,0.3888888888888889,0.005555555555555556
2022-03-12T00:54:11,70,1,180,0.3888888888888889,0.005555555555555556
2022-03-12T01:02:43,70,1,180,0.3888888888888889,0.005555555555555556
2022-03-12T01:11:16,70,1,180,0.3888888888888889,0.005555555555555556
2022-03-12T01:19:48,70,1,180,0.3888888888888889,0.005555555555555556
2022-03-12T01:28:20,70,1,180,0.3888888888888889,0.005555555555555556
2022-03-12T01:36:52,70,1,180,0.3888888888888889,0.005555555555555556
2022-03-12T01:45:24,70,1,180,0.3888888888888889,0.005555555555555556
2022-03-12T01:53:56,70,1,180,0.3888888888888889,0.005555555555555556
2022-03-12T02:02:38,70,1,180,0.3888888888888889,0.005555555555555556
2022-03-12T02:11:11,70,1,180,0.3888888888888889,0.005555555555555556
2022-03-12T02:19:42,70,1,180,0.3888888888888889,0.005555555555555556
2022-03-12T02:28:14,70,1,180,0.3888888888888889,0.005555555555555556
2022-03-12T02:36:46,70,1,180,0.3888888888888889,0.005555555555555556
2022-03-12T02:45:17,70,1,180,0.3888888888888889,0.005555555555555556
2022-03-12T02:53:49,70,1,180,0.3888888888888889,0.005555555555555556
2022-03-12T03:02:21,70,1,180,0.3888888888888889,0.005555555555555556
2022-03-12T03:10:53,70,1,180,0.3888888888888889,0.005555555555555556
2022-03-12T03:20:08,70,1,180,0.3888888888888889,0.005555555555555556
2022-03-12T03:28:41,70,1,180,0.3888888888888889,0.005555555555555556
2022-03-12T03:37:13,70,1,180,0.3888888888888889,0.005555555555555556
2022-03-12T03:45:45,70,1,180,0.3888888888888889,0.005555555555555556
2022-03-12T03:54:17,70,1,180,0.3888888888888889,0.005555555555555556
2022-03-12T04:02:49,70,1,180,0.3888888888888889,0.005555555555555556
2022-03-12T04:16:11,70,1,180,0.3888888888888889,0.005555555555555556
2022-03-12T04:24:44,70,1,180,0.3888888888888889,0.005555555555555556
2022-03-12T04:33:16,70,1,180,0.3888888888888889,0.005555555555555556
2022-03-12T04:43:01,70,1,180,0.3888888888888889,0.005555555555555556
2022-03-12T04:51:34,70,1,180,0.3888888888888889,0.005555555555555556
2022-03-12T05:00:06,70,1,180,0.3888888888888889,0.005555555555555556
2022-03-12T05:08:39,70,1,180,0.3888888888888889,0.005555555555555556
2022-03-12T05:17:12,70,1,180,0.3888888888888889,0.005555555555555556
2022-03-12T05:25:44,70,1,180,0.3888888888888889,0.005555555555555556
2022-03-12T05:34:17,70,1,180,0.3888888888888889,0.005555555555555556
2022-03-12T05:42:49,70,1,180,0.3888888888888889,0.005555555555555556
2022-03-12T05:51:22,70,1,180,0.3888888888888889,0.005555555555555556
2022-03-12T05:59:54,70,1,180,0.3888888888888889,0.005555555555555556
2022-03-12T06:08:27,70,1,180,0.3888888888888889,0.005555555555555556
2022-03-12T06:16:59,70,1,180,0.3888888888888889,0.005555555555555556
2022-03-12T06:25:31,70,1,180,0.3888888888888889,0.005555555555555556
2022-03-12T06:34:04,70,1,180,0.3888888888888889,0.005555555555555556
2022-03-12T06:42:36,70,1,180,0.3888888888888889,0.005555555555555556
2022-03-12T06:51:08,70,1,180,0.3888888888888889,0.005555555555555556
2022-03-12T06:59:41,70,1,180,0.3888888888888889,0.005555555555555556
2022-03-12T07:08:13,70,1,180,0.3888888888888889,0.005555555555555556
2022-03-12T07:16:46,70,1,180,0.3888888888888889,0.005555555555555556
2022-03-12T07:25:18,70,1,180,0.3888888888888889,0.005555555555555556
2022-03-12T07:33:50,70,1,180,0.3888888888888889,0.005555555555555556
2022-03-12T07:42:23,70,1,180,0.3888888888888889,0.005555555555555556
2022-03-12T07:50:55,70,1,180,0.3888888888888889,0.005555555555555556
2022-03-12T07:59:27,70,1,180,0.3888888888888889,0.005555555555555556
2022-03-12T08:07:59,70,1,180,0.3888888888888889,0.005555555555555556
2022-03-12T08:16:31,70,1,180,0.3888888888888889,0.005555555555555556
2022-03-12T08:25:03,70,1,180,0.3888888888888889,0.005555555555555556
2022-03-12T08:33:35,70,1,180,0.3888888888888889,0.005555555555555556
2022-03-12T08:42:07,70,1,180,0.3888888888888889,0.005555555555555556
2022-03-12T08:50:39,70,1,180,0.3888888888888889,0.005555555555555556
2022-03-12T08:59:11,70,1,180,0.3888888888888889,0.005555555555555556
2022-03-12T09:07:42,70,1,180,0.3888888888888889,0.005555555555555556
2022-03-12T09:16:14,70,1,180,0.3888888888888889,0.005555555555555556
2022-03-12T09:24:46,70,1,180,0.3888888888888889,0.005555555555555556
2022-03-12T09:33:18,70,1,180,0.3888888888888889,0.005555555555555556
2022-03-12T09:41:50,70,1,180,0.3888888888888889,0.005555555555555556
2022-03-12T09:50:21,70,1,180,0.3888888888888889,0.005555555555555556
2022-03-12T09:58:53,70,1,180,0.3888888888888889,0.005555555555555556
2022-03-12T10:07:25,70,1,180,0.3888888888888889,0.005555555555555556
2022-03-12T10:15:57,70,1,180,0.3888888888888889,0.005555555555555556
2022-03-12T10:24:28,70,1,180,0.3888888888888889,0.005555555555555556
2022-03-12T10:33:00,70,1,180,0.3888888888888889,0.005555555555555556
2022-03-12T10:41:32,70,1,180,0.3888888888888889,0.005555555555555556
2022-03-12T10:50:03,70,1,180,0.3888888888888889,0.005555555555555556
2022-03-12T10:58:35,70,1,180,0.3888888888888889,0.005555555555555556
2022-03-12T11:07:07,70,1,180,0.3888888888888889,0.005555555555555556
2022-03-12T11:15:39,70,1,180,0.3888888888888889,0.005555555555555556
2022-03-12T11:24:10,70,1,180,0.3888888888888889,0.005555555555555556
2022-03-12T11:32:42,70,1,180,0.3888888888888889,0.005555555555555556
2022-03-12T11:41:14,70,1,180,0.3888888888888889,0.005555555555555556
2022-03-12T11:49:46,70,1,180,0.3888888888888889,0.005555555555555556
2022-03-12T11:58:18,70,1,180,0.3888888888888889,0.005555555555555556
2022-03-12T12:06:50,70,1,180,0.3888888888888889,0.005555555555555556
2022-03-12T12:15:21,70,1,180,0.3888888888888889,0.005555555555555556
2022-03-12T12:23:53,70,1,180,0.3888888888888889,0.005555555555555556
2022-03-12T12:32:25,70,1,180,0.3888888888888889,0.005555555555555556
2022-03-12T12:40:57,70,1,180,0.3888888888888889,0.005555555555555556
2022-03-12T12:49:28,70,1,180,0.3888888888888889,0.005555555555555556
2022-03-12T12:58:00,70,1,180,0.3888888888888889,0.005555555555555556
2022-03-12T13:06:32,70,1,180,0.3888888888888889,0.005555555555555556
2022-03-12T13:15:04,70,1,180,0.3888888888888889,0.005555555555555556
2022-03-12T13:23:35,70,1,180,0.3888888888888889,0.005555555555555556
2022-03-12T13:32:07,70,1,180,0.3888888888888889,0.005555555555555556
2022-03-12T13:40:39,70,1,180,0.3888888888888889,0.005555555555555556
2022-03-12T13:49:10,70,1,180,0.3888888888888889,0.005555555555555556
2022-03-12T13:57:42,70,1,180,0.3888888888888889,0.005555555555555556
2022-03-12T14:06:14,70,1,180,0.3888888888888889,0.005555555555555556
2022-03-12T14:14:46,70,1,180,0.3888888888888889,0.005555555555555556
2022-03-12T14:23:17,70,1,180,0.3888888888888889,0.005555555555555556
2022-03-12T14:31:49,70,1,180,0.3888888888888889,0.005555555555555556
2022-03-12T14:40:22,70,1,180,0.3888888888888889,0.005555555555555556
2022-03-12T14:48:54,70,1,180,0.3888888888888889,0.005555555555555556
2022-03-12T14:57:26,70,1,180,0.3888888888888889,0.005555555555555556
2022-03-12T15:05:58,70,1,180,0.3888888888888889,0.005555555555555556
2022-03-12T15:14:29,70,1,180,0.3888888888888889,0.005555555555555556
2022-03-12T15:23:01,70,1,180,0.3888888888888889,0.005555555555555556
2022-03-12T15:31:33,70,1,180,0.3888888888888889,0.005555555555555556
2022-03-12T15:40:05,70,1,180,0.3888888888888889,0.005555555555555556
2022-03-12T15:48:36,70,1,180,0.3888888888888889,0.005555555555555556
2022-03-12T15:57:08,70,1,180,0.3888888888888889,0.005555555555555556
2022-03-12T16:05:56,70,1,180,0.3888888888888889,0.005555555555555556
2022-03-12T16:14:28,70,1,180,0.3888888888888889,0.005555555555555556
2022-03-12T16:23:00,70,1,180,0.3888888888888889,0.005555555555555556
2022-03-12T16:31:32,70,1,180,0.3888888888888889,0.005555555555555556
2022-03-12T16:40:04,70,1,180,0.3888888888888889,0.005555555555555556
2022-03-12T16:48:36,70,1,180,0.3888888888888889,0.005555555555555556
2022-03-12T16:57:07,70,1,180,0.3888888888888889,0.005555555555555556
2022-03-12T17:05:39,70,1,180,0.3888888888888889,0.005555555555555556
2022-03-12T17:14:11,70,1,180,0.3888888888888889,0.005555555555555556
2022-03-12T17:22:43,70,1,180,0.3888888888888889,0.005555555555555556
2022-03-12T17:31:15,70,1,180,0.3888888888888889,0.005555555555555556
2022-03-12T17:39:46,70,1,180,0.3888888888888889,0.005555555555555556
2022-03-12T17:48:18,70,1,180,0.3888888888888889,0.005555555555555556
2022-03-12T17:56:50,70,1,180,0.3888888888888889,0.005555555555555556
2022-03-12T18:05:22,70,1,180,0.3888888888888889,0.005555555555555556
2022-03-12T18:13:53,70,1,180,0.3888888888888889,0.005555555555555556
2022-03-12T18:22:25,70,1,180,0.3888888888888889,0.005555555555555556
2022-03-12T18:30:57,70,1,180,0.3888888888888889,0.005555555555555556
2022-03-12T18:39:29,70,1,180,0.3888888888888889,0.005555555555555556
2022-03-12T18:48:00,70,1,180,0.3888888888888889,0.005555555555555556
2022-03-12T18:56:32,70,1,180,0.3888888888888889,0.005555555555555556
2022-03-12T19:05:04,70,1,180,0.3888888888888889,0.005555555555555556
2022-03-12T19:13:35,70,1,180,0.3888888888888889,0.005555555555555556
2022-03-12T19:22:07,70,1,180,0.3888888888888889,0.005555555555555556
2022-03-12T19:30:39,70,1,180,0.3888888888888889,0.005555555555555556
2022-03-12T19:39:10,70,1,180,0.3888888888888889,0.005555555555555556
2022-03-12T19:47:42,70,1,180,0.3888888888888889,0.005555555555555556
2022-03-12T19:56:14,70,1,180,0.3888888888888889,0.005555555555555556
2022-03-12T20:04:46,70,1,180,0.3888888888888889,0.005555555555555556
2022-03-12T20:13:17,70,1,180,0.3888888888888889,0.005555555555555556
2022-03-12T20:21:49,70,1,180,0.3888888888888889,0.005555555555555556
2022-03-12T20:30:21,70,1,180,0.3888888888888889,0.005555555555555556
2022-03-12T20:38:52,70,1,180,0.3888888888888889,0.005555555555555556
2022-03-12T20:47:24,70,1,180,0.3888888888888889,0.005555555555555556
2022-03-12T20:55:56,70,1,180,0.3888888888888889,0.005555555555555556
2022-03-12T21:04:27,70,1,180,0.3888888888888889,0.005555555555555556
2022-03-12T21:12:59,70,1,180,0.3888888888888889,0.005555555555555556
2022-03-12T21:21:31,70,1,180,0.3888888888888889,0.005555555555555556
2022-03-12T21:30:03,70,1,180,0.3888888888888889,0.005555555555555556
2022-03-12T21:38:34,70,1,180,0.3888888888888889,0.005555555555555556
2022-03-12T21:47:06,70,1,180,0.3888888888888889,0.005555555555555556
2022-03-12T21:55:38,70,1,180,0.3888888888888889,0.005555555555555556
2022-03-12T22:04:09,70,1,180,0.3888888888888889,0.005555555555555556
2022-03-12T22:12:41,70,1,180,0.3888888888888889,0.005555555555555556
2022-03-12T22:21:13,70,1,180,0.3888888888888889,0.005555555555555556
2022-03-12T22:29:45,70,1,180,0.3888888888888889,0.005555555555555556
2022-03-12T22:38:17,70,1,180,0.3888888888888889,0.005555555555555556
2022-03-12T22:46:48,70,1,180,0.3888888888888889,0.005555555555555556
2022-03-12T22:55:20,70,1,180,0.3888888888888889,0.005555555555555556
2022-03-12T23:03:52,70,1,180,0.3888888888888889,0.005555555555555556
2022-03-12T23:12:24,70,1,180,0.3888888888888889,0.005555555555555556
2022-03-12T23:21:06,70,1,180,0.3888888888888889,0.005555555555555556
2022-03-12T23:29:37,70,1,180,0.3888888888888889,0.005555555555555556
2022-03-12T23:38:09,70,1,180,0.3888888888888889,0.005555555555555556
2022-03-12T23:46:41,70,1,180,0.3888888888888889,0.005555555555555556
2022-03-12T23:55:13,70,1,180,0.3888888888888889,0.005555555555555556
2022-03-13T00:03:45,70,1,180,0.3888888888888889,0.005555555555555556
2022-03-13T00:12:16,70,1,180,0.3888888888888889,0.005555555555555556
2022-03-13T00:20:49,70,1,180,0.3888888888888889,0.005555555555555556
2022-03-13T00:29:21,70,1,180,0.3888888888888889,0.005555555555555556
2022-03-13T00:37:52,70,1,180,0.3888888888888889,0.005555555555555556
2022-03-13T00:46:24,70,1,180,0.3888888888888889,0.005555555555555556
2022-03-13T00:54:56,70,1,180,0.3888888888888889,0.005555555555555556
2022-03-13T01:03:28,70,1,180,0.3888888888888889,0.005555555555555556
2022-03-13T01:11:59,70,1,180,0.3888888888888889,0.005555555555555556
2022-03-13T01:20:31,70,1,180,0.3888888888888889,0.005555555555555556
2022-03-13T01:29:03,70,1,180,0.3888888888888889,0.005555555555555556
2022-03-13T01:37:34,70,1,180,0.3888888888888889,0.005555555555555556
2022-03-13T01:46:06,70,1,180,0.3888888888888889,0.005555555555555556
2022-03-13T01:54:38,70,1,180,0.3888888888888889,0.005555555555555556
2022-03-13T03:03:09,70,1,180,0.3888888888888889,0.005555555555555556
2022-03-13T03:11:41,70,1,180,0.3888888888888889,0.005555555555555556
2022-03-13T03:20:13,70,1,180,0.3888888888888889,0.005555555555555556
2022-03-13T03:28:45,70,1,180,0.3888888888888889,0.005555555555555556
2022-03-13T03:37:16,70,1,180,0.3888888888888889,0.005555555555555556
2022-03-13T03:45:48,70,1,180,0.3888888888888889,0.005555555555555556
2022-03-13T03:54:19,70,1,180,0.3888888888888889,0.005555555555555556
2022-03-13T04:02:52,70,1,180,0.3888888888888889,0.005555555555555556
2022-03-13T04:16:04,70,1,180,0.3888888888888889,0.005555555555555556
2022-03-13T04:24:54,70,1,180,0.3888888888888889,0.005555555555555556
2022-03-13T04:33:27,70,1,180,0.3888888888888889,0.005555555555555556
2022-03-13T04:41:59,70,1,180,0.3888888888888889,0.005555555555555556
2022-03-13T04:50:31,70,1,180,0.3888888888888889,0.005555555555555556
2022-03-13T04:59:03,70,1,180,0.3888888888888889,0.005555555555555556
2022-03-13T05:07:36,70,1,180,0.3888888888888889,0.005555555555555556
2022-03-13T05:16:10,70,1,180,0.3888888888888889,0.005555555555555556
2022-03-13T05:24:43,70,1,180,0.3888888888888889,0.005555555555555556
2022-03-13T05:33:16,70,1,180,0.3888888888888889,0.005555555555555556
2022-03-13T05:41:48,70,1,180,0.3888888888888889,0.005555555555555556
2022-03-13T05:50:22,70,1,180,0.3888888888888889,0.005555555555555556
2022-03-13T05:59:21,70,1,180,0.3888888888888889,0.005555555555555556
2022-03-13T06:08:12,70,1,180,0.3888888888888889,0.005555555555555556
2022-03-13T06:16:44,70,1,180,0.3888888888888889,0.005555555555555556
2022-03-13T06:25:17,70,1,180,0.3888888888888889,0.005555555555555556
2022-03-13T06:33:50,70,1,180,0.3888888888888889,0.005555555555555556
2022-03-13T06:42:23,70,1,180,0.3888888888888889,0.005555555555555556
2022-03-13T06:50:55,70,1,180,0.3888888888888889,0.005555555555555556
2022-03-13T06:59:28,70,1,180,0.3888888888888889,0.005555555555555556
2022-03-13T07:08:00,70,1,180,0.3888888888888889,0.005555555555555556
2022-03-13T07:16:33,70,1,180,0.3888888888888889,0.005555555555555556
2022-03-13T07:25:06,70,1,180,0.3888888888888889,0.005555555555555556
2022-03-13T07:33:39,70,1,180,0.3888888888888889,0.005555555555555556
2022-03-13T07:42:11,70,1,180,0.3888888888888889,0.005555555555555556
2022-03-13T07:50:43,70,1,180,0.3888888888888889,0.005555555555555556
2022-03-13T07:59:15,70,1,180,0.3888888888888889,0.005555555555555556
2022-03-13T08:07:48,70,1,180,0.3888888888888889,0.005555555555555556
2022-03-13T08:16:20,70,1,180,0.3888888888888889,0.005555555555555556
2022-03-13T08:24:52,70,1,180,0.3888888888888889,0.005555555555555556
2022-03-13T08:33:24,70,1,180,0.3888888888888889,0.005555555555555556
2022-03-13T08:41:56,70,1,180,0.3888888888888889,0.005555555555555556
2022-03-13T08:50:28,70,1,180,0.3888888888888889,0.005555555555555556
2022-03-13T08:59:00,70,1,180,0.3888888888888889,0.005555555555555556
2022-03-13T09:07:33,70,1,180,0.3888888888888889,0.005555555555555556
2022-03-13T09:16:05,70,1,180,0.3888888888888889,0.005555555555555556
2022-03-13T09:24:37,70,1,180,0.3888888888888889,0.005555555555555556
2022-03-13T09:33:09,70,1,180,0.3888888888888889,0.005555555555555556
2022-03-13T09:41:41,70,1,180,0.3888888888888889,0.005555555555555556
2022-03-13T09:50:13,70,1,180,0.3888888888888889,0.005555555555555556
2022-03-13T09:58:44,70,1,180,0.3888888888888889,0.005555555555555556
2022-03-13T10:07:16,70,1,180,0.3888888888888889,0.005555555555555556
2022-03-13T10:15:48,70,1,180,0.3888888888888889,0.005555555555555556
2022-03-13T10:24:20,70,1,180,0.3888888888888889,0.005555555555555556
2022-03-13T10:32:51,70,1,180,0.3888888888888889,0.005555555555555556
2022-03-13T10:41:23,70,1,180,0.3888888888888889,0.005555555555555556
2022-03-13T10:49:55,70,1,180,0.3888888888888889,0.005555555555555556
2022-03-13T10:58:27,70,1,180,0.3888888888888889,0.005555555555555556
2022-03-13T11:06:58,70,1,180,0.3888888888888889,0.005555555555555556
2022-03-13T11:15:30,70,1,180,0.3888888888888889,0.005555555555555556
2022-03-13T11:24:02,70,1,180,0.3888888888888889,0.005555555555555556
2022-03-13T11:32:33,70,1,180,0.3888888888888889,0.005555555555555556
2022-03-13T11:41:05,70,1,180,0.3888888888888889,0.005555555555555556
2022-03-13T11:49:37,70,1,180,0.3888888888888889,0.005555555555555556
2022-03-13T11:58:09,70,1,180,0.3888888888888889,0.005555555555555556
2022-03-13T12:06:41,70,1,180,0.3888888888888889,0.005555555555555556
2022-03-13T12:15:13,70,1,180,0.3888888888888889,0.005555555555555556
2022-03-13T12:23:45,70,1,180,0.3888888888888889,0.005555555555555556
2022-03-13T12:32:16,70,1,180,0.3888888888888889,0.005555555555555556
2022-03-13T12:40:48,70,1,180,0.3888888888888889,0.005555555555555556
2022-03-13T12:49:20,70,1,180,0.3888888888888889,0.005555555555555556
2022-03-13T12:57:51,70,1,180,0.3888888888888889,0.005555555555555556
2022-03-13T13:06:23,70,1,180,0.3888888888888889,0.005555555555555556
2022-03-13T13:14:55,70,1,180,0.3888888888888889,0.005555555555555556
2022-03-13T13:23:27,70,1,180,0.3888888888888889,0.005555555555555556
2022-03-13T13:31:58,70,1,180,0.3888888888888889,0.005555555555555556
2022-03-13T13:40:30,70,1,180,0.3888888888888889,0.005555555555555556
2022-03-13T13:49:02,70,1,180,0.3888888888888889,0.005555555555555556
2022-03-13T13:57:34,70,1,180,0.3888888888888889,0.005555555555555556
2022-03-13T14:06:05,70,1,180,0.3888888888888889,0.005555555555555556
2022-03-13T14:14:37,70,1,180,0.3888888888888889,0.005555555555555556
2022-03-13T14:23:09,70,1,180,0.3888888888888889,0.005555555555555556
2022-03-13T14:31:41,70,1,180,0.3888888888888889,0.005555555555555556
2022-03-13T14:40:13,70,1,180,0.3888888888888889,0.005555555555555556
2022-03-13T14:48:44,70,1,180,0.3888888888888889,0.005555555555555556
2022-03-13T14:57:16,70,1,180,0.3888888888888889,0.005555555555555556
2022-03-13T15:05:48,70,1,180,0.3888888888888889,0.005555555555555556
2022-03-13T15:14:20,70,1,180,0.3888888888888889,0.005555555555555556
2022-03-13T15:22:53,70,1,180,0.3888888888888889,0.005555555555555556
2022-03-13T15:31:25,70,1,180,0.3888888888888889,0.005555555555555556
2022-03-13T15:39:57,70,1,180,0.3888888888888889,0.005555555555555556
2022-03-13T15:48:28,70,1,180,0.3888888888888889,0.005555555555555556
2022-03-13T15:57:00,70,1,180,0.3888888888888889,0.005555555555555556
2022-03-13T16:05:32,70,1,180,0.3888888888888889,0.005555555555555556
2022-03-13T16:14:04,70,1,180,0.3888888888888889,0.005555555555555556
2022-03-13T16:22:36,70,1,180,0.3888888888888889,0.005555555555555556
2022-03-13T16:31:07,70,1,180,0.3888888888888889,0.005555555555555556
2022-03-13T16:39:47,70,1,180,0.3888888888888889,0.005555555555555556
2022-03-13T16:48:19,70,1,180,0.3888888888888889,0.005555555555555556
2022-03-13T16:56:51,70,1,180,0.3888888888888889,0.005555555555555556
2022-03-13T17:05:23,70,1,180,0.3888888888888889,0.005555555555555556
2022-03-13T17:13:55,70,1,180,0.3888888888888889,0.005555555555555556
2022-03-13T17:22:26,70,1,180,0.3888888888888889,0.005555555555555556
2022-03-13T17:30:58,70,1,180,0.3888888888888889,0.005555555555555556
2022-03-13T17:39:30,70,1,180,0.3888888888888889,0.005555555555555556
2022-03-13T17:48:02,70,1,180,0.3888888888888889,0.005555555555555556
2022-03-13T17:56:33,70,1,180,0.3888888888888889,0.005555555555555556
2022-03-13T18:05:05,70,1,180,0.3888888888888889,0.005555555555555556
2022-03-13T18:13:37,70,1,180,0.3888888888888889,0.005555555555555556
2022-03-13T18:22:09,70,1,180,0.3888888888888889,0.005555555555555556
2022-03-13T18:30:41,70,1,180,0.3888888888888889,0.005555555555555556
2022-03-13T18:39:12,70,1,180,0.3888888888888889,0.005555555555555556
2022-03-13T18:47:44,70,1,180,0.3888888888888889,0.005555555555555556
2022-03-13T18:56:16,70,1,180,0.3888888888888889,0.005555555555555556
2022-03-13T19:04:47,70,1,180,0.3888888888888889,0.005555555555555556
2022-03-13T19:13:19,70,1,180,0.3888888888888889,0.005555555555555556
2022-03-13T19:21:51,70,1,180,0.3888888888888889,0.005555555555555556
2022-03-13T19:30:22,70,1,180,0.3888888888888889,0.005555555555555556
2022-03-13T19:38:54,70,1,180,0.3888888888888889,0.005555555555555556
2022-03-13T19:47:26,70,1,180,0.3888888888888889,0.005555555555555556
2022-03-13T19:55:58,70,1,180,0.3888888888888889,0.005555555555555556
2022-03-13T20:04:30,70,1,180,0.3888888888888889,0.005555555555555556
2022-03-13T20:13:02,70,1,180,0.3888888888888889,0.005555555555555556
2022-03-13T20:21:41,70,1,180,0.3888888888888889,0.005555555555555556
2022-03-13T20:30:13,70,1,180,0.3888888888888889,0.005555555555555556
2022-03-13T20:38:44,70,1,180,0.3888888888888889,0.005555555555555556
2022-03-13T20:47:16,70,1,180,0.3888888888888889,0.005555555555555556
2022-03-13T20:55:48,70,1,180,0.3888888888888889,0.005555555555555556
2022-03-13T21:04:20,70,1,180,0.3888888888888889,0.005555555555555556
2022-03-13T21:12:52,70,1,180,0.3888888888888889,0.005555555555555556
2022-03-13T21:21:24,70,1,180,0.3888888888888889,0.005555555555555556
2022-03-13T21:29:56,70,1,180,0.3888888888888889,0.005555555555555556
2022-03-13T21:38:28,70,1,180,0.3888888888888889,0.005555555555555556
2022-03-13T21:47:00,70,1,180,0.3888888888888889,0.005555555555555556
2022-03-13T21:55:31,70,1,180,0.3888888888888889,0.005555555555555556
2022-03-13T22:04:03,70,1,180,0.3888888888888889,0.005555555555555556
2022-03-13T22:12:35,70,1,180,0.3888888888888889,0.005555555555555556
2022-03-13T22:21:07,70,1,180,0.3888888888888889,0.005555555555555556
2022-03-13T22:29:39,70,1,180,0.3888888888888889,0.005555555555555556
2022-03-13T22:38:10,70,1,180,0.3888888888888889,0.005555555555555556
2022-03-13T22:46:42,70,1,180,0.3888888888888889,0.005555555555555556
2022-03-13T22:55:14,70,1,180,0.3888888888888889,0.005555555555555556
2022-03-13T23:03:46,70,1,180,0.3888888888888889,0.005555555555555556
2022-03-13T23:12:17,70,1,180,0.3888888888888889,0.005555555555555556
2022-03-13T23:20:49,70,1,180,0.3888888888888889,0.005555555555555556
2022-03-13T23:29:21,70,1,180,0.3888888888888889,0.005555555555555556
2022-03-13T23:37:53,70,1,180,0.3888888888888889,0.005555555555555556
2022-03-13T23:46:25,70,1,180,0.3888888888888889,0.005555555555555556
2022-03-13T23:54:57,70,1,180,0.3888888888888889,0.005555555555555556
2022-03-14T00:03:28,70,1,180,0.3888888888888889,0.005555555555555556
2022-03-14T00:12:00,70,1,180,0.3888888888888889,0.005555555555555556
2022-03-14T00:20:33,70,1,180,0.3888888888888889,0.005555555555555556
2022-03-14T00:29:15,70,1,180,0.3888888888888889,0.005555555555555556
2022-03-14T00:37:47,70,1,180,0.3888888888888889,0.005555555555555556
2022-03-14T00:46:21,69,1,180,0.38333333333333336,0.005555555555555556
2022-03-14T00:54:53,69,1,180,0.38333333333333336,0.005555555555555556
2022-03-14T01:03:25,69,1,180,0.38333333333333336,0.005555555555555556
2022-03-14T01:11:57,69,1,180,0.38333333333333336,0.005555555555555556
2022-03-14T01:20:30,69,1,180,0.38333333333333336,0.005555555555555556
2022-03-14T01:29:02,69,1,180,0.38333333333333336,0.005555555555555556
2022-03-14T01:37:35,69,1,180,0.38333333333333336,0.005555555555555556
2022-03-14T01:46:07,69,1,180,0.38333333333333336,0.005555555555555556
2022-03-14T01:54:39,69,1,180,0.38333333333333336,0.005555555555555556
2022-03-14T02:03:11,69,1,180,0.38333333333333336,0.005555555555555556
2022-03-14T02:11:43,69,1,180,0.38333333333333336,0.005555555555555556
2022-03-14T02:20:15,69,1,180,0.38333333333333336,0.005555555555555556
2022-03-14T02:28:47,69,1,180,0.38333333333333336,0.005555555555555556
2022-03-14T02:37:19,69,1,180,0.38333333333333336,0.005555555555555556
2022-03-14T02:45:51,69,1,180,0.38333333333333336,0.005555555555555556
2022-03-14T02:54:23,69,1,180,0.38333333333333336,0.005555555555555556
2022-03-14T03:02:54,69,1,180,0.38333333333333336,0.005555555555555556
2022-03-14T03:11:26,69,1,180,0.38333333333333336,0.005555555555555556
2022-03-14T03:19:58,69,1,180,0.38333333333333336,0.005555555555555556
2022-03-14T03:28:30,69,1,180,0.38333333333333336,0.005555555555555556
2022-03-14T03:37:02,69,1,180,0.38333333333333336,0.005555555555555556
2022-03-14T03:45:34,69,1,180,0.38333333333333336,0.005555555555555556
2022-03-14T03:54:06,69,1,180,0.38333333333333336,0.005555555555555556
2022-03-14T04:02:38,69,1,180,0.38333333333333336,0.005555555555555556
2022-03-14T04:24:58,69,1,180,0.38333333333333336,0.005555555555555556
2022-03-14T04:33:52,69,1,180,0.38333333333333336,0.005555555555555556
2022-03-14T04:43:03,69,1,180,0.38333333333333336,0.005555555555555556
2022-03-14T04:51:36,69,1,180,0.38333333333333336,0.005555555555555556
2022-03-14T05:00:09,69,1,180,0.38333333333333336,0.005555555555555556
2022-03-14T05:08:42,69,1,180,0.38333333333333336,0.005555555555555556
2022-03-14T05:17:14,69,1,180,0.38333333333333336,0.005555555555555556
2022-03-14T05:25:47,69,1,180,0.38333333333333336,0.005555555555555556
2022-03-14T05:34:19,69,1,180,0.38333333333333336,0.005555555555555556
2022-03-14T05:42:52,69,1,180,0.38333333333333336,0.005555555555555556
2022-03-14T05:51:25,69,1,180,0.38333333333333336,0.005555555555555556
2022-03-14T05:59:58,69,1,180,0.38333333333333336,0.005555555555555556
2022-03-14T06:08:30,69,1,180,0.38333333333333336,0.005555555555555556
2022-03-14T06:17:02,69,1,180,0.38333333333333336,0.005555555555555556
2022-03-14T06:25:35,69,1,180,0.38333333333333336,0.005555555555555556
2022-03-14T06:34:11,69,1,180,0.38333333333333336,0.005555555555555556
2022-03-14T06:42:43,69,1,180,0.38333333333333336,0.005555555555555556
2022-03-14T06:51:15,69,1,180,0.38333333333333336,0.005555555555555556
2022-03-14T06:59:47,69,1,180,0.38333333333333336,0.005555555555555556
2022-03-14T07:08:19,69,1,180,0.38333333333333336,0.005555555555555556
2022-03-14T07:16:51,69,1,180,0.38333333333333336,0.005555555555555556
2022-03-14T07:25:23,69,1,180,0.38333333333333336,0.005555555555555556
2022-03-14T07:33:56,69,1,180,0.38333333333333336,0.005555555555555556
2022-03-14T07:42:27,69,1,180,0.38333333333333336,0.005555555555555556
2022-03-14T07:51:00,69,1,180,0.38333333333333336,0.005555555555555556
2022-03-14T07:59:32,69,1,180,0.38333333333333336,0.005555555555555556
2022-03-14T08:08:05,69,1,180,0.38333333333333336,0.005555555555555556
2022-03-14T08:16:37,69,1,180,0.38333333333333336,0.005555555555555556
2022-03-14T08:25:10,69,1,180,0.38333333333333336,0.005555555555555556
2022-03-14T08:33:42,69,1,180,0.38333333333333336,0.005555555555555556
2022-03-14T08:42:14,69,1,180,0.38333333333333336,0.005555555555555556
2022-03-14T08:50:46,69,1,180,0.38333333333333336,0.005555555555555556
2022-03-14T08:59:18,69,1,180,0.38333333333333336,0.005555555555555556
2022-03-14T09:07:50,69,1,180,0.38333333333333336,0.005555555555555556
2022-03-14T09:16:22,69,1,180,0.38333333333333336,0.005555555555555556
2022-03-14T09:24:54,69,1,180,0.38333333333333336,0.005555555555555556
2022-03-14T09:33:26,69,1,180,0.38333333333333336,0.005555555555555556
2022-03-14T09:41:58,69,1,180,0.38333333333333336,0.005555555555555556
2022-03-14T09:50:30,69,1,180,0.38333333333333336,0.005555555555555556
2022-03-14T09:59:02,69,1,180,0.38333333333333336,0.005555555555555556
2022-03-14T10:07:34,69,1,180,0.38333333333333336,0.005555555555555556
2022-03-14T10:16:06,69,1,180,0.38333333333333336,0.005555555555555556
2022-03-14T10:24:38,69,1,180,0.38333333333333336,0.005555555555555556
2022-03-14T10:33:10,69,1,180,0.38333333333333336,0.005555555555555556
2022-03-14T10:41:42,69,1,180,0.38333333333333336,0.005555555555555556
2022-03-14T10:50:24,69,1,180,0.38333333333333336,0.005555555555555556
2022-03-14T10:58:56,69,1,180,0.38333333333333336,0.005555555555555556
2022-03-14T11:07:28,69,1,180,0.38333333333333336,0.005555555555555556
2022-03-14T11:16:00,69,1,180,0.38333333333333336,0.005555555555555556
2022-03-14T11:24:32,69,1,180,0.38333333333333336,0.005555555555555556
2022-03-14T11:33:04,69,1,180,0.38333333333333336,0.005555555555555556
2022-03-14T11:41:36,69,1,180,0.38333333333333336,0.005555555555555556
2022-03-14T11:50:08,69,1,180,0.38333333333333336,0.005555555555555556
2022-03-14T11:58:40,69,1,180,0.38333333333333336,0.005555555555555556
2022-03-14T12:07:14,69,1,180,0.38333333333333336,0.005555555555555556
2022-03-14T12:15:46,69,1,180,0.38333333333333336,0.005555555555555556
2022-03-14T12:24:18,69,1,180,0.38333333333333336,0.005555555555555556
2022-03-14T12:32:50,69,1,180,0.38333333333333336,0.005555555555555556
2022-03-14T12:41:22,69,1,180,0.38333333333333336,0.005555555555555556
2022-03-14T12:50:05,69,1,180,0.38333333333333336,0.005555555555555556
2022-03-14T12:58:37,69,1,180,0.38333333333333336,0.005555555555555556
2022-03-14T13:07:09,69,1,180,0.38333333333333336,0.005555555555555556
2022-03-14T13:15:41,69,1,180,0.38333333333333336,0.005555555555555556
2022-03-14T13:24:13,69,1,180,0.38333333333333336,0.005555555555555556
2022-03-14T13:32:45,69,1,180,0.38333333333333336,0.005555555555555556
2022-03-14T13:41:19,69,1,180,0.38333333333333336,0.005555555555555556
2022-03-14T13:49:51,69,1,180,0.38333333333333336,0.005555555555555556
2022-03-14T13:58:24,69,1,180,0.38333333333333336,0.005555555555555556
2022-03-14T14:06:56,69,1,180,0.38333333333333336,0.005555555555555556
2022-03-14T14:15:36,69,1,180,0.38333333333333336,0.005555555555555556
2022-03-14T14:24:08,69,1,180,0.38333333333333336,0.005555555555555556
2022-03-14T14:32:40,69,1,180,0.38333333333333336,0.005555555555555556
2022-03-14T14:41:12,69,1,180,0.38333333333333336,0.005555555555555556
2022-03-14T14:49:44,69,1,180,0.38333333333333336,0.005555555555555556
2022-03-14T14:58:16,69,1,180,0.38333333333333336,0.005555555555555556
2022-03-14T15:06:57,69,1,180,0.38333333333333336,0.005555555555555556
2022-03-14T15:15:29,69,1,180,0.38333333333333336,0.005555555555555556
2022-03-14T15:24:01,69,1,180,0.38333333333333336,0.005555555555555556
2022-03-14T15:32:34,69,1,180,0.38333333333333336,0.005555555555555556
2022-03-14T15:41:06,69,1,180,0.38333333333333336,0.005555555555555556
2022-03-14T15:49:38,69,1,180,0.38333333333333336,0.005555555555555556
2022-03-14T15:58:10,69,1,180,0.38333333333333336,0.005555555555555556
2022-03-14T16:06:42,69,1,180,0.38333333333333336,0.005555555555555556
2022-03-14T16:15:14,69,1,180,0.38333333333333336,0.005555555555555556
2022-03-14T16:23:45,69,1,180,0.38333333333333336,0.005555555555555556
2022-03-14T16:32:26,69,1,180,0.38333333333333336,0.005555555555555556
2022-03-14T16:40:58,69,1,180,0.38333333333333336,0.005555555555555556
2022-03-14T16:49:30,69,1,180,0.38333333333333336,0.005555555555555556
2022-03-14T16:58:02,69,1,180,0.38333333333333336,0.005555555555555556
2022-03-14T17:06:34,69,1,180,0.38333333333333336,0.005555555555555556
2022-03-14T17:15:06,69,1,180,0.38333333333333336,0.005555555555555556
2022-03-14T17:23:38,69,1,180,0.38333333333333336,0.005555555555555556
2022-03-14T17:32:10,69,1,180,0.38333333333333336,0.005555555555555556
2022-03-14T17:40:42,69,1,180,0.38333333333333336,0.005555555555555556
2022-03-14T17:49:14,69,1,180,0.38333333333333336,0.005555555555555556
2022-03-14T17:57:45,69,1,180,0.38333333333333336,0.005555555555555556
2022-03-14T18:06:27,69,1,180,0.38333333333333336,0.005555555555555556
2022-03-14T18:14:59,69,1,180,0.38333333333333336,0.005555555555555556
2022-03-14T18:23:32,69,1,180,0.38333333333333336,0.005555555555555556
2022-03-14T18:32:04,69,1,180,0.38333333333333336,0.005555555555555556
2022-03-14T18:40:36,69,1,180,0.38333333333333336,0.005555555555555556
2022-03-14T18:49:08,69,1,180,0.38333333333333336,0.005555555555555556
2022-03-14T18:57:39,69,1,180,0.38333333333333336,0.005555555555555556
2022-03-14T19:06:11,69,1,180,0.38333333333333336,0.005555555555555556
2022-03-14T19:14:43,69,1,180,0.38333333333333336,0.005555555555555556
2022-03-14T19:23:15,69,1,180,0.38333333333333336,0.005555555555555556
2022-03-14T19:31:47,69,1,180,0.38333333333333336,0.005555555555555556
2022-03-14T19:40:28,69,1,180,0.38333333333333336,0.005555555555555556
2022-03-14T19:48:59,69,1,180,0.38333333333333336,0.005555555555555556
2022-03-14T19:57:31,69,1,180,0.38333333333333336,0.005555555555555556
2022-03-14T20:06:03,69,1,180,0.38333333333333336,0.005555555555555556
2022-03-14T20:14:35,69,1,180,0.38333333333333336,0.005555555555555556
2022-03-14T20:23:07,69,1,180,0.38333333333333336,0.005555555555555556
2022-03-14T20:31:38,69,1,180,0.38333333333333336,0.005555555555555556
2022-03-14T20:40:10,69,1,180,0.38333333333333336,0.005555555555555556
2022-03-14T20:48:42,69,1,180,0.38333333333333336,0.005555555555555556
2022-03-14T20:57:14,69,1,180,0.38333333333333336,0.005555555555555556
2022-03-14T21:05:46,69,1,180,0.38333333333333336,0.005555555555555556
2022-03-14T21:14:18,69,1,180,0.38333333333333336,0.005555555555555556
2022-03-14T21:22:49,69,1,180,0.38333333333333336,0.005555555555555556
2022-03-14T21:31:21,69,1,180,0.38333333333333336,0.005555555555555556
2022-03-14T21:39:53,69,1,180,0.38333333333333336,0.005555555555555556
2022-03-14T21:48:35,69,1,180,0.38333333333333336,0.005555555555555556
2022-03-14T21:57:07,69,1,180,0.38333333333333336,0.005555555555555556
2022-03-14T22:05:39,69,1,180,0.38333333333333336,0.005555555555555556
2022-03-14T22:14:11,69,1,180,0.38333333333333336,0.005555555555555556
2022-03-14T22:22:43,69,1,180,0.38333333333333336,0.005555555555555556
2022-03-14T22:31:14,69,1,180,0.38333333333333336,0.005555555555555556
2022-03-14T22:39:46,69,1,180,0.38333333333333336,0.005555555555555556
2022-03-14T22:48:18,69,1,180,0.38333333333333336,0.005555555555555556
2022-03-14T22:56:50,69,1,180,0.38333333333333336,0.005555555555555556
2022-03-14T23:05:22,69,1,180,0.38333333333333336,0.005555555555555556
2022-03-14T23:13:54,69,1,180,0.38333333333333336,0.005555555555555556
2022-03-14T23:22:27,69,1,180,0.38333333333333336,0.005555555555555556
2022-03-14T23:30:59,69,1,180,0.38333333333333336,0.005555555555555556
2022-03-14T23:39:32,69,1,180,0.38333333333333336,0.005555555555555556
2022-03-14T23:48:05,69,1,180,0.38333333333333336,0.005555555555555556
2022-03-14T23:56:37,69,1,180,0.38333333333333336,0.005555555555555556
2022-03-15T00:05:10,69,1,180,0.38333333333333336,0.005555555555555556
2022-03-15T00:13:43,69,1,180,0.38333333333333336,0.005555555555555556
2022-03-15T00:22:16,69,1,180,0.38333333333333336,0.005555555555555556
2022-03-15T00:30:49,69,1,180,0.38333333333333336,0.005555555555555556
2022-03-15T00:39:22,69,1,180,0.38333333333333336,0.005555555555555556
2022-03-15T00:47:55,69,1,180,0.38333333333333336,0.005555555555555556
2022-03-15T00:56:28,69,1,180,0.38333333333333336,0.005555555555555556
2022-03-15T01:05:00,69,1,180,0.38333333333333336,0.005555555555555556
2022-03-15T01:13:32,69,1,180,0.38333333333333336,0.005555555555555556
2022-03-15T01:22:05,69,1,180,0.38333333333333336,0.005555555555555556
2022-03-15T01:30:46,69,1,180,0.38333333333333336,0.005555555555555556
2022-03-15T01:39:18,69,1,180,0.38333333333333336,0.005555555555555556
2022-03-15T01:47:50,69,1,180,0.38333333333333336,0.005555555555555556
2022-03-15T01:56:22,69,1,180,0.38333333333333336,0.005555555555555556
2022-03-15T02:04:54,69,1,180,0.38333333333333336,0.005555555555555556
2022-03-15T02:13:26,69,1,180,0.38333333333333336,0.005555555555555556
2022-03-15T02:21:58,69,1,180,0.38333333333333336,0.005555555555555556
2022-03-15T02:30:30,69,1,180,0.38333333333333336,0.005555555555555556
2022-03-15T02:39:01,69,1,180,0.38333333333333336,0.005555555555555556
2022-03-15T02:47:33,69,1,180,0.38333333333333336,0.005555555555555556
2022-03-15T02:56:05,69,1,180,0.38333333333333336,0.005555555555555556
2022-03-15T03:04:37,69,1,180,0.38333333333333336,0.005555555555555556
2022-03-15T03:13:08,69,1,180,0.38333333333333336,0.005555555555555556
2022-03-15T03:21:40,69,1,180,0.38333333333333336,0.005555555555555556
2022-03-15T03:30:13,69,1,180,0.38333333333333336,0.005555555555555556
2022-03-15T03:38:45,69,1,180,0.38333333333333336,0.005555555555555556
2022-03-15T03:47:17,69,1,180,0.38333333333333336,0.005555555555555556
2022-03-15T03:55:49,69,1,180,0.38333333333333336,0.005555555555555556
2022-03-15T04:04:21,69,1,180,0.38333333333333336,0.005555555555555556
2022-03-15T04:18:44,69,1,180,0.38333333333333336,0.005555555555555556
2022-03-15T04:29:22,69,1,180,0.38333333333333336,0.005555555555555556
2022-03-15T04:37:55,69,1,180,0.38333333333333336,0.005555555555555556
2022-03-15T04:47:42,69,1,180,0.38333333333333336,0.005555555555555556
2022-03-15T04:56:33,69,1,180,0.38333333333333336,0.005555555555555556
2022-03-15T05:05:05,69,1,180,0.38333333333333336,0.005555555555555556
2022-03-15T05:13:37,69,1,180,0.38333333333333336,0.005555555555555556
2022-03-15T05:22:10,69,1,180,0.38333333333333336,0.005555555555555556
2022-03-15T05:30:43,69,1,180,0.38333333333333336,0.005555555555555556
2022-03-15T05:39:15,69,1,180,0.38333333333333336,0.005555555555555556
2022-03-15T05:47:52,69,1,180,0.38333333333333336,0.005555555555555556
2022-03-15T05:56:27,69,1,180,0.38333333333333336,0.005555555555555556
2022-03-15T06:04:59,69,1,180,0.38333333333333336,0.005555555555555556
2022-03-15T06:13:31,69,1,180,0.38333333333333336,0.005555555555555556
2022-03-15T06:22:03,69,1,180,0.38333333333333336,0.005555555555555556
2022-03-15T06:30:35,69,1,180,0.38333333333333336,0.005555555555555556
2022-03-15T06:39:08,69,1,180,0.38333333333333336,0.005555555555555556
2022-03-15T06:47:40,69,1,180,0.38333333333333336,0.005555555555555556
2022-03-15T06:56:20,69,1,180,0.38333333333333336,0.005555555555555556
2022-03-15T07:04:52,69,1,180,0.38333333333333336,0.005555555555555556
2022-03-15T07:13:24,69,1,180,0.38333333333333336,0.005555555555555556
2022-03-15T07:21:55,69,1,180,0.38333333333333336,0.005555555555555556
2022-03-15T07:30:27,69,1,180,0.38333333333333336,0.005555555555555556
2022-03-15T07:38:59,69,1,180,0.38333333333333336,0.005555555555555556
2022-03-15T07:47:30,69,1,180,0.38333333333333336,0.005555555555555556
2022-03-15T07:56:02,69,1,180,0.38333333333333336,0.005555555555555556
2022-03-15T08:04:34,69,1,180,0.38333333333333336,0.005555555555555556
2022-03-15T08:13:06,69,1,180,0.38333333333333336,0.005555555555555556
2022-03-15T08:21:38,69,1,180,0.38333333333333336,0.005555555555555556
2022-03-15T08:30:10,69,1,180,0.38333333333333336,0.005555555555555556
2022-03-15T08:38:42,69,1,180,0.38333333333333336,0.005555555555555556
2022-03-15T08:47:14,69,1,180,0.38333333333333336,0.005555555555555556
2022-03-15T08:55:46,69,1,180,0.38333333333333336,0.005555555555555556
2022-03-15T09:04:18,69,1,180,0.38333333333333336,0.005555555555555556
2022-03-15T09:13:03,69,1,180,0.38333333333333336,0.005555555555555556
2022-03-15T09:21:35,69,1,180,0.38333333333333336,0.005555555555555556
2022-03-15T09:30:07,69,1,180,0.38333333333333336,0.005555555555555556
2022-03-15T09:38:39,69,1,180,0.38333333333333336,0.005555555555555556
2022-03-15T09:47:11,69,1,180,0.38333333333333336,0.005555555555555556
2022-03-15T09:55:43,69,1,180,0.38333333333333336,0.005555555555555556
2022-03-15T10:04:14,69,1,180,0.38333333333333336,0.005555555555555556
2022-03-15T10:12:46,69,1,180,0.38333333333333336,0.005555555555555556
2022-03-15T10:21:18,69,1,180,0.38333333333333336,0.005555555555555556
2022-03-15T10:29:50,69,1,180,0.38333333333333336,0.005555555555555556
2022-03-15T10:38:22,69,1,180,0.38333333333333336,0.005555555555555556
2022-03-15T10:46:54,69,1,180,0.38333333333333336,0.005555555555555556
2022-03-15T10:55:26,69,1,180,0.38333333333333336,0.005555555555555556
2022-03-15T11:04:06,69,1,180,0.38333333333333336,0.005555555555555556
2022-03-15T11:12:38,69,1,180,0.38333333333333336,0.005555555555555556
2022-03-15T11:21:10,69,1,180,0.38333333333333336,0.005555555555555556
2022-03-15T11:29:42,69,1,180,0.38333333333333336,0.005555555555555556
2022-03-15T11:38:14,69,1,180,0.38333333333333336,0.005555555555555556
2022-03-15T11:46:46,69,1,180,0.38333333333333336,0.005555555555555556
2022-03-15T11:55:18,69,1,180,0.38333333333333336,0.005555555555555556
2022-03-15T12:03:49,69,1,180,0.38333333333333336,0.005555555555555556
2022-03-15T12:12:21,69,1,180,0.38333333333333336,0.005555555555555556
2022-03-15T12:20:53,69,1,180,0.38333333333333336,0.005555555555555556
2022-03-15T12:29:25,69,1,180,0.38333333333333336,0.005555555555555556
2022-03-15T12:37:57,69,1,180,0.38333333333333336,0.005555555555555556
2022-03-15T12:46:29,69,1,180,0.38333333333333336,0.005555555555555556
2022-03-15T12:55:10,69,1,180,0.38333333333333336,0.005555555555555556
2022-03-15T13:03:42,69,1,180,0.38333333333333336,0.005555555555555556
2022-03-15T13:12:14,69,1,180,0.38333333333333336,0.005555555555555556
2022-03-15T13:20:46,69,1,180,0.38333333333333336,0.005555555555555556
2022-03-15T13:29:18,69,1,180,0.38333333333333336,0.005555555555555556
2022-03-15T13:37:50,69,1,180,0.38333333333333336,0.005555555555555556
2022-03-15T13:46:22,69,1,180,0.38333333333333336,0.005555555555555556
2022-03-15T13:54:54,69,1,180,0.38333333333333336,0.005555555555555556
2022-03-15T14:03:26,69,1,180,0.38333333333333336,0.005555555555555556
2022-03-15T14:11:58,69,1,180,0.38333333333333336,0.005555555555555556
2022-03-15T14:20:30,69,1,180,0.38333333333333336,0.005555555555555556
2022-03-15T14:29:14,69,1,180,0.38333333333333336,0.005555555555555556
2022-03-15T14:37:46,69,1,180,0.38333333333333336,0.005555555555555556
2022-03-15T14:46:18,69,1,180,0.38333333333333336,0.005555555555555556
2022-03-15T14:54:49,69,1,180,0.38333333333333336,0.005555555555555556
2022-03-15T15:03:22,69,1,180,0.38333333333333336,0.005555555555555556
2022-03-15T15:11:54,69,1,180,0.38333333333333336,0.005555555555555556
2022-03-15T15:20:26,69,1,180,0.38333333333333336,0.005555555555555556
2022-03-15T15:28:59,69,1,180,0.38333333333333336,0.005555555555555556
2022-03-15T15:37:31,69,1,180,0.38333333333333336,0.005555555555555556
2022-03-15T15:46:13,69,1,180,0.38333333333333336,0.005555555555555556
2022-03-15T15:54:44,69,1,180,0.38333333333333336,0.005555555555555556
2022-03-15T16:03:16,69,1,180,0.38333333333333336,0.005555555555555556
2022-03-15T16:11:48,69,1,180,0.38333333333333336,0.005555555555555556
2022-03-15T16:20:20,69,1,180,0.38333333333333336,0.005555555555555556
2022-03-15T16:28:52,69,1,180,0.38333333333333336,0.005555555555555556
2022-03-15T16:37:24,69,1,180,0.38333333333333336,0.005555555555555556
2022-03-15T16:45:56,69,1,180,0.38333333333333336,0.005555555555555556
2022-03-15T16:54:28,69,1,180,0.38333333333333336,0.005555555555555556
2022-03-15T17:03:00,69,1,180,0.38333333333333336,0.005555555555555556
2022-03-15T17:11:32,69,1,180,0.38333333333333336,0.005555555555555556
2022-03-15T17:20:16,69,1,180,0.38333333333333336,0.005555555555555556
2022-03-15T17:28:47,69,1,180,0.38333333333333336,0.005555555555555556
2022-03-15T17:37:20,69,1,180,0.38333333333333336,0.005555555555555556
2022-03-15T17:45:51,69,1,180,0.38333333333333336,0.005555555555555556
2022-03-15T17:54:23,69,1,180,0.38333333333333336,0.005555555555555556
2022-03-15T18:02:55,69,1,180,0.38333333333333336,0.005555555555555556
2022-03-15T18:11:27,69,1,180,0.38333333333333336,0.005555555555555556
2022-03-15T18:20:08,69,1,180,0.38333333333333336,0.005555555555555556
2022-03-15T18:28:40,69,1,180,0.38333333333333336,0.005555555555555556
2022-03-15T18:37:12,69,1,180,0.38333333333333336,0.005555555555555556
2022-03-15T18:45:44,69,1,180,0.38333333333333336,0.005555555555555556
2022-03-15T18:54:16,69,1,180,0.38333333333333336,0.005555555555555556
2022-03-15T19:02:48,69,1,180,0.38333333333333336,0.005555555555555556
2022-03-15T19:11:19,69,1,180,0.38333333333333336,0.005555555555555556
2022-03-15T19:19:51,69,1,180,0.38333333333333336,0.005555555555555556
2022-03-15T19:28:23,69,1,180,0.38333333333333336,0.005555555555555556
2022-03-15T19:36:55,69,1,180,0.38333333333333336,0.005555555555555556
2022-03-15T19:45:37,69,1,180,0.38333333333333336,0.005555555555555556
2022-03-15T19:54:09,69,1,180,0.38333333333333336,0.005555555555555556
2022-03-15T20:02:41,69,1,180,0.38333333333333336,0.005555555555555556
2022-03-15T20:11:13,69,1,180,0.38333333333333336,0.005555555555555556
2022-03-15T20:19:45,69,1,180,0.38333333333333336,0.005555555555555556
2022-03-15T20:28:16,69,1,180,0.38333333333333336,0.005555555555555556
2022-03-15T20:36:48,69,1,180,0.38333333333333336,0.005555555555555556
2022-03-15T20:45:20,69,1,180,0.38333333333333336,0.005555555555555556
2022-03-15T20:53:52,69,1,180,0.38333333333333336,0.005555555555555556
2022-03-15T21:02:23,69,1,180,0.38333333333333336,0.005555555555555556
2022-03-15T21:10:55,69,1,180,0.38333333333333336,0.005555555555555556
2022-03-15T21:19:27,69,1,180,0.38333333333333336,0.005555555555555556
2022-03-15T21:28:07,69,1,180,0.38333333333333336,0.005555555555555556
2022-03-15T21:36:38,69,1,180,0.38333333333333336,0.005555555555555556
2022-03-15T21:45:10,69,1,180,0.38333333333333336,0.005555555555555556
2022-03-15T21:53:42,69,1,180,0.38333333333333336,0.005555555555555556
2022-03-15T22:02:13,69,1,180,0.38333333333333336,0.005555555555555556
2022-03-15T22:10:45,69,1,180,0.38333333333333336,0.005555555555555556
2022-03-15T22:19:18,69,1,180,0.38333333333333336,0.005555555555555556
2022-03-15T22:27:50,69,1,180,0.38333333333333336,0.005555555555555556
2022-03-15T22:36:21,69,1,180,0.38333333333333336,0.005555555555555556
2022-03-15T22:44:53,69,1,180,0.38333333333333336,0.005555555555555556
2022-03-15T22:53:25,69,1,180,0.38333333333333336,0.005555555555555556
2022-03-15T23:02:06,69,1,180,0.38333333333333336,0.005555555555555556
2022-03-15T23:10:38,69,1,180,0.38333333333333336,0.005555555555555556
2022-03-15T23:19:09,69,1,180,0.38333333333333336,0.005555555555555556
2022-03-15T23:27:41,69,1,180,0.38333333333333336,0.005555555555555556
2022-03-15T23:36:13,69,1,180,0.38333333333333336,0.005555555555555556
2022-03-15T23:44:44,69,1,180,0.38333333333333336,0.005555555555555556
2022-03-15T23:53:16,69,1,180,0.38333333333333336,0.005555555555555556
2022-03-16T00:01:48,69,1,180,0.38333333333333336,0.005555555555555556
2022-03-16T00:10:20,69,1,180,0.38333333333333336,0.005555555555555556
2022-03-16T00:18:52,69,1,180,0.38333333333333336,0.005555555555555556
2022-03-16T00:27:24,69,1,180,0.38333333333333336,0.005555555555555556
2022-03-16T00:35:56,69,1,180,0.38333333333333336,0.005555555555555556
2022-03-16T00:44:28,69,1,180,0.38333333333333336,0.005555555555555556
2022-03-16T00:53:09,69,1,180,0.38333333333333336,0.005555555555555556
2022-03-16T01:01:41,69,1,180,0.38333333333333336,0.005555555555555556
2022-03-16T01:10:13,69,1,180,0.38333333333333336,0.005555555555555556
2022-03-16T01:18:45,69,1,180,0.38333333333333336,0.005555555555555556
2022-03-16T01:27:17,69,1,180,0.38333333333333336,0.005555555555555556
2022-03-16T01:35:49,69,1,180,0.38333333333333336,0.005555555555555556
2022-03-16T01:44:21,69,1,180,0.38333333333333336,0.005555555555555556
2022-03-16T01:52:52,69,1,180,0.38333333333333336,0.005555555555555556
2022-03-16T02:01:24,69,1,180,0.38333333333333336,0.005555555555555556
2022-03-16T02:09:56,69,1,180,0.38333333333333336,0.005555555555555556
2022-03-16T02:18:28,69,1,180,0.38333333333333336,0.005555555555555556
2022-03-16T02:27:10,69,1,180,0.38333333333333336,0.005555555555555556
2022-03-16T02:35:46,69,1,180,0.38333333333333336,0.005555555555555556
2022-03-16T02:44:18,69,1,180,0.38333333333333336,0.005555555555555556
2022-03-16T02:52:50,69,1,180,0.38333333333333336,0.005555555555555556
2022-03-16T03:01:23,69,1,180,0.38333333333333336,0.005555555555555556
2022-03-16T03:09:54,69,1,180,0.38333333333333336,0.005555555555555556
2022-03-16T03:18:26,69,1,180,0.38333333333333336,0.005555555555555556
2022-03-16T03:26:58,69,1,180,0.38333333333333336,0.005555555555555556
2022-03-16T03:35:30,69,1,180,0.38333333333333336,0.005555555555555556
2022-03-16T03:44:01,69,1,180,0.38333333333333336,0.005555555555555556
2022-03-16T03:52:33,69,1,180,0.38333333333333336,0.005555555555555556
2022-03-16T04:01:05,69,1,180,0.38333333333333336,0.005555555555555556
2022-03-16T04:10:59,69,1,180,0.38333333333333336,0.005555555555555556
2022-03-16T04:28:21,69,1,180,0.38333333333333336,0.005555555555555556
2022-03-16T04:37:09,69,1,180,0.38333333333333336,0.005555555555555556
2022-03-16T04:45:42,69,1,180,0.38333333333333336,0.005555555555555556
2022-03-16T04:54:15,69,1,180,0.38333333333333336,0.005555555555555556
2022-03-16T05:02:47,69,1,180,0.38333333333333336,0.005555555555555556
2022-03-16T05:11:20,69,1,180,0.38333333333333336,0.005555555555555556
2022-03-16T05:19:52,69,1,180,0.38333333333333336,0.005555555555555556
2022-03-16T05:28:24,69,1,180,0.38333333333333336,0.005555555555555556
2022-03-16T05:36:58,69,1,180,0.38333333333333336,0.005555555555555556
2022-03-16T05:45:30,69,1,180,0.38333333333333336,0.005555555555555556
2022-03-16T05:54:02,69,1,180,0.38333333333333336,0.005555555555555556
2022-03-16T06:02:35,69,1,180,0.38333333333333336,0.005555555555555556
2022-03-16T06:11:10,69,1,180,0.38333333333333336,0.005555555555555556
2022-03-16T06:19:42,69,1,180,0.38333333333333336,0.005555555555555556
2022-03-16T06:28:14,69,1,180,0.38333333333333336,0.005555555555555556
2022-03-16T06:36:47,69,1,180,0.38333333333333336,0.005555555555555556
2022-03-16T06:45:19,69,1,180,0.38333333333333336,0.005555555555555556
2022-03-16T06:53:51,69,1,180,0.38333333333333336,0.005555555555555556
2022-03-16T07:02:23,69,1,180,0.38333333333333336,0.005555555555555556
2022-03-16T07:10:55,69,1,180,0.38333333333333336,0.005555555555555556
2022-03-16T07:19:27,69,1,180,0.38333333333333336,0.005555555555555556
2022-03-16T07:27:59,69,1,180,0.38333333333333336,0.005555555555555556
2022-03-16T07:36:31,69,1,180,0.38333333333333336,0.005555555555555556
2022-03-16T07:45:02,69,1,180,0.38333333333333336,0.005555555555555556
2022-03-16T07:53:34,69,1,180,0.38333333333333336,0.005555555555555556
2022-03-16T08:02:06,69,1,180,0.38333333333333336,0.005555555555555556
2022-03-16T08:10:38,69,1,180,0.38333333333333336,0.005555555555555556
2022-03-16T08:19:10,69,1,180,0.38333333333333336,0.005555555555555556
2022-03-16T08:27:42,69,1,180,0.38333333333333336,0.005555555555555556
2022-03-16T08:36:14,69,1,180,0.38333333333333336,0.005555555555555556
2022-03-16T08:44:46,69,1,180,0.38333333333333336,0.005555555555555556
2022-03-16T08:53:18,69,1,180,0.38333333333333336,0.005555555555555556
2022-03-16T09:01:50,69,1,180,0.38333333333333336,0.005555555555555556
2022-03-16T09:10:21,69,1,180,0.38333333333333336,0.005555555555555556
2022-03-16T09:19:04,69,1,180,0.38333333333333336,0.005555555555555556
2022-03-16T09:27:36,69,1,180,0.38333333333333336,0.005555555555555556
2022-03-16T09:36:07,69,1,180,0.38333333333333336,0.005555555555555556
2022-03-16T09:44:39,69,1,180,0.38333333333333336,0.005555555555555556
2022-03-16T09:53:11,69,1,180,0.38333333333333336,0.005555555555555556
2022-03-16T10:01:43,69,1,180,0.38333333333333336,0.005555555555555556
2022-03-16T10:10:15,69,1,180,0.38333333333333336,0.005555555555555556
2022-03-16T10:18:47,69,1,180,0.38333333333333336,0.005555555555555556
2022-03-16T10:27:19,69,1,180,0.38333333333333336,0.005555555555555556
2022-03-16T10:35:51,69,1,180,0.38333333333333336,0.005555555555555556
2022-03-16T10:44:23,69,1,180,0.38333333333333336,0.005555555555555556
2022-03-16T10:52:55,69,1,180,0.38333333333333336,0.005555555555555556
2022-03-16T11:01:27,69,1,180,0.38333333333333336,0.005555555555555556
2022-03-16T11:09:59,69,1,180,0.38333333333333336,0.005555555555555556
2022-03-16T11:18:43,69,1,180,0.38333333333333336,0.005555555555555556
2022-03-16T11:27:15,69,1,180,0.38333333333333336,0.005555555555555556
2022-03-16T11:35:47,69,1,180,0.38333333333333336,0.005555555555555556
2022-03-16T11:44:19,69,1,180,0.38333333333333336,0.005555555555555556
2022-03-16T11:52:51,69,1,180,0.38333333333333336,0.005555555555555556
2022-03-16T12:01:23,69,1,180,0.38333333333333336,0.005555555555555556
2022-03-16T12:09:55,69,1,180,0.38333333333333336,0.005555555555555556
2022-03-16T12:18:27,69,1,180,0.38333333333333336,0.005555555555555556
2022-03-16T12:26:59,69,1,180,0.38333333333333336,0.005555555555555556
2022-03-16T12:35:31,69,1,180,0.38333333333333336,0.005555555555555556
2022-03-16T12:44:02,69,1,180,0.38333333333333336,0.005555555555555556
2022-03-16T12:52:45,69,1,180,0.38333333333333336,0.005555555555555556
2022-03-16T13:01:17,69,1,180,0.38333333333333336,0.005555555555555556
2022-03-16T13:09:48,69,1,180,0.38333333333333336,0.005555555555555556
2022-03-16T13:18:20,69,1,180,0.38333333333333336,0.005555555555555556
2022-03-16T13:26:53,69,1,180,0.38333333333333336,0.005555555555555556
2022-03-16T13:35:24,69,1,180,0.38333333333333336,0.005555555555555556
2022-03-16T13:43:58,69,1,180,0.38333333333333336,0.005555555555555556
2022-03-16T13:52:30,69,1,180,0.38333333333333336,0.005555555555555556
2022-03-16T14:01:11,69,1,180,0.38333333333333336,0.005555555555555556
2022-03-16T14:09:43,69,1,180,0.38333333333333336,0.005555555555555556
2022-03-16T14:18:15,69,1,180,0.38333333333333336,0.005555555555555556
2022-03-16T14:26:47,69,1,180,0.38333333333333336,0.005555555555555556
2022-03-16T14:35:20,69,1,180,0.38333333333333336,0.005555555555555556
2022-03-16T14:43:59,69,1,180,0.38333333333333336,0.005555555555555556
2022-03-16T14:52:32,69,1,180,0.38333333333333336,0.005555555555555556
2022-03-16T15:01:15,69,1,180,0.38333333333333336,0.005555555555555556
2022-03-16T15:09:47,69,1,180,0.38333333333333336,0.005555555555555556
2022-03-16T15:18:20,69,1,180,0.38333333333333336,0.005555555555555556
2022-03-16T15:26:52,69,1,180,0.38333333333333336,0.005555555555555556
2022-03-16T15:35:24,69,1,180,0.38333333333333336,0.005555555555555556
2022-03-16T15:43:56,68,1,180,0.37777777777777777,0.005555555555555556
2022-03-16T15:52:28,68,1,180,0.37777777777777777,0.005555555555555556
2022-03-16T16:01:00,68,1,180,0.37777777777777777,0.005555555555555556
2022-03-16T16:09:32,68,1,180,0.37777777777777777,0.005555555555555556
2022-03-16T16:18:04,68,1,180,0.37777777777777777,0.005555555555555556
2022-03-16T16:26:36,68,1,180,0.37777777777777777,0.005555555555555556
2022-03-16T16:35:08,68,1,180,0.37777777777777777,0.005555555555555556
2022-03-16T16:43:49,68,1,180,0.37777777777777777,0.005555555555555556
2022-03-16T16:52:21,68,1,180,0.37777777777777777,0.005555555555555556
2022-03-16T17:00:53,68,1,180,0.37777777777777777,0.005555555555555556
2022-03-16T17:09:25,68,1,180,0.37777777777777777,0.005555555555555556
2022-03-16T17:17:57,68,1,180,0.37777777777777777,0.005555555555555556
2022-03-16T17:26:29,68,1,180,0.37777777777777777,0.005555555555555556
2022-03-16T17:35:00,68,1,180,0.37777777777777777,0.005555555555555556
2022-03-16T17:43:32,68,1,180,0.37777777777777777,0.005555555555555556
2022-03-16T17:52:04,68,1,180,0.37777777777777777,0.005555555555555556
2022-03-16T18:00:44,68,1,180,0.37777777777777777,0.005555555555555556
2022-03-16T18:09:16,68,1,180,0.37777777777777777,0.005555555555555556
2022-03-16T18:17:48,68,1,180,0.37777777777777777,0.005555555555555556
2022-03-16T18:26:19,68,1,180,0.37777777777777777,0.005555555555555556
2022-03-16T18:34:51,68,1,180,0.37777777777777777,0.005555555555555556
2022-03-16T18:43:23,68,1,180,0.37777777777777777,0.005555555555555556
2022-03-16T18:51:55,68,1,180,0.37777777777777777,0.005555555555555556
2022-03-16T19:00:27,68,1,180,0.37777777777777777,0.005555555555555556
2022-03-16T19:09:07,68,1,180,0.37777777777777777,0.005555555555555556
2022-03-16T19:17:39,68,1,180,0.37777777777777777,0.005555555555555556
2022-03-16T19:26:11,68,1,180,0.37777777777777777,0.005555555555555556
2022-03-16T19:34:43,68,1,180,0.37777777777777777,0.005555555555555556
2022-03-16T19:43:15,68,1,180,0.37777777777777777,0.005555555555555556
2022-03-16T19:51:46,68,1,180,0.37777777777777777,0.005555555555555556
2022-03-16T20:00:18,68,1,180,0.37777777777777777,0.005555555555555556
2022-03-16T20:08:50,68,1,180,0.37777777777777777,0.005555555555555556
2022-03-16T20:17:22,68,1,180,0.37777777777777777,0.005555555555555556
2022-03-16T20:25:53,68,1,180,0.37777777777777777,0.005555555555555556
2022-03-16T20:34:36,68,1,180,0.37777777777777777,0.005555555555555556
2022-03-16T20:43:08,68,1,180,0.37777777777777777,0.005555555555555556
2022-03-16T20:51:40,68,1,180,0.37777777777777777,0.005555555555555556
2022-03-16T21:00:11,68,1,180,0.37777777777777777,0.005555555555555556
2022-03-16T21:08:43,68,1,180,0.37777777777777777,0.005555555555555556
2022-03-16T21:17:15,68,1,180,0.37777777777777777,0.005555555555555556
2022-03-16T21:25:47,68,1,180,0.37777777777777777,0.005555555555555556
2022-03-16T21:34:18,68,1,180,0.37777777777777777,0.005555555555555556
2022-03-16T21:42:50,68,1,180,0.37777777777777777,0.005555555555555556
2022-03-16T21:51:22,68,1,180,0.37777777777777777,0.005555555555555556
2022-03-16T21:59:54,68,1,180,0.37777777777777777,0.005555555555555556
2022-03-16T22:08:26,68,1,180,0.37777777777777777,0.005555555555555556
2022-03-16T22:17:06,68,1,180,0.37777777777777777,0.005555555555555556
2022-03-16T22:25:38,68,1,180,0.37777777777777777,0.005555555555555556
2022-03-16T22:34:10,68,1,180,0.37777777777777777,0.005555555555555556
2022-03-16T22:42:41,68,1,180,0.37777777777777777,0.005555555555555556
2022-03-16T22:51:13,68,1,180,0.37777777777777777,0.005555555555555556
2022-03-16T22:59:45,68,1,180,0.37777777777777777,0.005555555555555556
2022-03-16T23:08:17,68,1,180,0.37777777777777777,0.005555555555555556
2022-03-16T23:16:48,68,1,180,0.37777777777777777,0.005555555555555556
2022-03-16T23:25:20,68,1,180,0.37777777777777777,0.005555555555555556
2022-03-16T23:34:01,68,1,180,0.37777777777777777,0.005555555555555556
2022-03-16T23:42:33,68,1,180,0.37777777777777777,0.005555555555555556
2022-03-16T23:51:05,68,1,180,0.37777777777777777,0.005555555555555556
2022-03-16T23:59:36,68,1,180,0.37777777777777777,0.005555555555555556
2022-03-17T00:08:08,68,1,180,0.37777777777777777,0.005555555555555556
2022-03-17T00:16:40,68,1,180,0.37777777777777777,0.005555555555555556
2022-03-17T00:25:12,68,1,180,0.37777777777777777,0.005555555555555556
2022-03-17T00:33:44,68,1,180,0.37777777777777777,0.005555555555555556
2022-03-17T00:42:17,68,1,180,0.37777777777777777,0.005555555555555556
2022-03-17T00:50:49,68,1,180,0.37777777777777777,0.005555555555555556
2022-03-17T00:59:21,68,1,180,0.37777777777777777,0.005555555555555556
2022-03-17T01:07:53,68,1,180,0.37777777777777777,0.005555555555555556
2022-03-17T01:16:25,68,1,180,0.37777777777777777,0.005555555555555556
2022-03-17T01:25:05,68,1,180,0.37777777777777777,0.005555555555555556
2022-03-17T01:33:37,68,1,180,0.37777777777777777,0.005555555555555556
2022-03-17T01:42:09,68,1,180,0.37777777777777777,0.005555555555555556
2022-03-17T01:50:40,68,1,180,0.37777777777777777,0.005555555555555556
2022-03-17T01:59:12,68,1,180,0.37777777777777777,0.005555555555555556
2022-03-17T02:07:44,68,1,180,0.37777777777777777,0.005555555555555556
2022-03-17T02:16:15,68,1,180,0.37777777777777777,0.005555555555555556
2022-03-17T02:24:47,68,1,180,0.37777777777777777,0.005555555555555556
2022-03-17T02:33:20,68,1,180,0.37777777777777777,0.005555555555555556
2022-03-17T02:41:51,68,1,180,0.37777777777777777,0.005555555555555556
2022-03-17T02:50:24,68,1,180,0.37777777777777777,0.005555555555555556
2022-03-17T02:58:56,68,1,180,0.37777777777777777,0.005555555555555556
2022-03-17T03:07:28,68,1,180,0.37777777777777777,0.005555555555555556
2022-03-17T03:15:59,68,1,180,0.37777777777777777,0.005555555555555556
2022-03-17T03:24:40,68,1,180,0.37777777777777777,0.005555555555555556
2022-03-17T03:33:12,68,1,180,0.37777777777777777,0.005555555555555556
2022-03-17T03:41:43,68,1,180,0.37777777777777777,0.005555555555555556
2022-03-17T03:50:15,68,1,180,0.37777777777777777,0.005555555555555556
2022-03-17T03:58:47,68,1,180,0.37777777777777777,0.005555555555555556
2022-03-17T04:07:19,68,1,180,0.37777777777777777,0.005555555555555556
2022-03-17T04:19:05,68,1,180,0.37777777777777777,0.005555555555555556
2022-03-17T04:28:27,68,1,180,0.37777777777777777,0.005555555555555556
2022-03-17T04:37:01,68,1,180,0.37777777777777777,0.005555555555555556
2022-03-17T04:45:34,68,1,180,0.37777777777777777,0.005555555555555556
2022-03-17T04:54:07,68,1,180,0.37777777777777777,0.005555555555555556
2022-03-17T05:02:39,68,1,180,0.37777777777777777,0.005555555555555556
2022-03-17T05:11:12,68,1,180,0.37777777777777777,0.005555555555555556
2022-03-17T05:19:44,68,1,180,0.37777777777777777,0.005555555555555556
2022-03-17T05:28:16,68,1,180,0.37777777777777777,0.005555555555555556
2022-03-17T05:36:48,68,1,180,0.37777777777777777,0.005555555555555556
2022-03-17T05:45:20,68,1,180,0.37777777777777777,0.005555555555555556
2022-03-17T05:53:52,68,1,180,0.37777777777777777,0.005555555555555556
2022-03-17T06:02:24,68,1,180,0.37777777777777777,0.005555555555555556
2022-03-17T06:10:55,68,1,180,0.37777777777777777,0.005555555555555556
2022-03-17T06:19:27,68,1,180,0.37777777777777777,0.005555555555555556
2022-03-17T06:27:59,68,1,180,0.37777777777777777,0.005555555555555556
2022-03-17T06:36:31,68,1,180,0.37777777777777777,0.005555555555555556
2022-03-17T06:45:03,68,1,180,0.37777777777777777,0.005555555555555556
2022-03-17T06:53:35,68,1,180,0.37777777777777777,0.005555555555555556
2022-03-17T07:02:08,68,1,180,0.37777777777777777,0.005555555555555556
2022-03-17T07:10:41,68,1,180,0.37777777777777777,0.005555555555555556
2022-03-17T07:19:13,68,1,180,0.37777777777777777,0.005555555555555556
2022-03-17T07:27:45,68,1,180,0.37777777777777777,0.005555555555555556
2022-03-17T07:36:17,68,1,180,0.37777777777777777,0.005555555555555556
2022-03-17T07:44:49,68,1,180,0.37777777777777777,0.005555555555555556
2022-03-17T07:53:21,68,1,180,0.37777777777777777,0.005555555555555556
2022-03-17T08:01:52,68,1,180,0.37777777777777777,0.005555555555555556
2022-03-17T08:10:33,68,1,180,0.37777777777777777,0.005555555555555556
2022-03-17T08:19:05,68,1,180,0.37777777777777777,0.005555555555555556
2022-03-17T08:27:38,68,1,180,0.37777777777777777,0.005555555555555556
2022-03-17T08:36:10,68,1,180,0.37777777777777777,0.005555555555555556
2022-03-17T08:44:43,68,1,180,0.37777777777777777,0.005555555555555556
2022-03-17T08:53:15,68,1,180,0.37777777777777777,0.005555555555555556
2022-03-17T09:01:47,68,1,180,0.37777777777777777,0.005555555555555556
2022-03-17T09:10:20,68,1,180,0.37777777777777777,0.005555555555555556
2022-03-17T09:18:52,68,1,180,0.37777777777777777,0.005555555555555556
2022-03-17T09:27:24,68,1,180,0.37777777777777777,0.005555555555555556
2022-03-17T09:35:56,68,1,180,0.37777777777777777,0.005555555555555556
2022-03-17T09:44:28,68,1,180,0.37777777777777777,0.005555555555555556
2022-03-17T09:53:01,68,1,180,0.37777777777777777,0.005555555555555556
2022-03-17T10:01:33,68,1,180,0.37777777777777777,0.005555555555555556
2022-03-17T10:10:05,68,1,180,0.37777777777777777,0.005555555555555556
2022-03-17T10:18:37,68,1,180,0.37777777777777777,0.005555555555555556
2022-03-17T10:27:09,68,1,180,0.37777777777777777,0.005555555555555556
2022-03-17T10:35:50,68,1,180,0.37777777777777777,0.005555555555555556
2022-03-17T10:44:22,68,1,180,0.37777777777777777,0.005555555555555556
2022-03-17T10:52:55,68,1,180,0.37777777777777777,0.005555555555555556
2022-03-17T11:01:27,68,1,180,0.37777777777777777,0.005555555555555556
2022-03-17T11:09:59,68,1,180,0.37777777777777777,0.005555555555555556
2022-03-17T11:18:31,68,1,180,0.37777777777777777,0.005555555555555556
2022-03-17T11:27:03,68,1,180,0.37777777777777777,0.005555555555555556
2022-03-17T11:35:36,68,1,180,0.37777777777777777,0.005555555555555556
2022-03-17T11:44:07,68,1,180,0.37777777777777777,0.005555555555555556
2022-03-17T11:52:52,68,1,180,0.37777777777777777,0.005555555555555556
2022-03-17T12:01:24,68,1,180,0.37777777777777777,0.005555555555555556
2022-03-17T12:09:56,68,1,180,0.37777777777777777,0.005555555555555556
2022-03-17T12:18:28,68,1,180,0.37777777777777777,0.005555555555555556
2022-03-17T12:27:00,68,1,180,0.37777777777777777,0.005555555555555556
2022-03-17T12:35:32,68,1,180,0.37777777777777777,0.005555555555555556
2022-03-17T12:44:05,68,1,180,0.37777777777777777,0.005555555555555556
2022-03-17T12:52:37,68,1,180,0.37777777777777777,0.005555555555555556
2022-03-17T13:01:16,67,1,180,0.37222222222222223,0.005555555555555556
2022-03-17T13:09:48,67,1,180,0.37222222222222223,0.005555555555555556
2022-03-17T13:18:21,67,1,180,0.37222222222222223,0.005555555555555556
2022-03-17T13:26:53,67,1,180,0.37222222222222223,0.005555555555555556
2022-03-17T13:35:26,67,1,180,0.37222222222222223,0.005555555555555556
2022-03-17T13:43:58,67,1,180,0.37222222222222223,0.005555555555555556
2022-03-17T13:52:30,67,1,180,0.37222222222222223,0.005555555555555556
2022-03-17T14:01:03,67,1,180,0.37222222222222223,0.005555555555555556
2022-03-17T14:09:35,67,1,180,0.37222222222222223,0.005555555555555556
2022-03-17T14:18:08,67,1,180,0.37222222222222223,0.005555555555555556
2022-03-17T14:26:53,67,1,180,0.37222222222222223,0.005555555555555556
2022-03-17T14:35:25,67,1,180,0.37222222222222223,0.005555555555555556
2022-03-17T14:43:58,67,1,180,0.37222222222222223,0.005555555555555556
2022-03-17T14:52:30,67,1,180,0.37222222222222223,0.005555555555555556
2022-03-17T15:01:03,67,1,180,0.37222222222222223,0.005555555555555556
2022-03-17T15:09:35,67,1,180,0.37222222222222223,0.005555555555555556
2022-03-17T15:18:08,67,1,180,0.37222222222222223,0.005555555555555556
2022-03-17T15:26:52,67,1,180,0.37222222222222223,0.005555555555555556
2022-03-17T15:35:25,67,1,180,0.37222222222222223,0.005555555555555556
2022-03-17T15:43:57,67,1,180,0.37222222222222223,0.005555555555555556
2022-03-17T15:52:29,67,1,180,0.37222222222222223,0.005555555555555556
2022-03-17T16:01:09,67,1,180,0.37222222222222223,0.005555555555555556
2022-03-17T16:09:41,67,1,180,0.37222222222222223,0.005555555555555556
2022-03-17T16:18:13,67,1,180,0.37222222222222223,0.005555555555555556
2022-03-17T16:26:45,67,1,180,0.37222222222222223,0.005555555555555556
2022-03-17T16:35:17,67,1,180,0.37222222222222223,0.005555555555555556
2022-03-17T16:43:58,67,1,180,0.37222222222222223,0.005555555555555556
2022-03-17T16:52:30,67,1,180,0.37222222222222223,0.005555555555555556
2022-03-17T17:01:02,67,1,180,0.37222222222222223,0.005555555555555556
2022-03-17T17:09:34,67,1,180,0.37222222222222223,0.005555555555555556
2022-03-17T17:18:06,67,1,180,0.37222222222222223,0.005555555555555556
2022-03-17T17:26:38,67,1,180,0.37222222222222223,0.005555555555555556
2022-03-17T17:35:09,67,1,180,0.37222222222222223,0.005555555555555556
2022-03-17T17:43:50,67,1,180,0.37222222222222223,0.005555555555555556
2022-03-17T17:52:22,67,1,180,0.37222222222222223,0.005555555555555556
2022-03-17T18:00:54,67,1,180,0.37222222222222223,0.005555555555555556
2022-03-17T18:09:26,67,1,180,0.37222222222222223,0.005555555555555556
2022-03-17T18:17:58,67,1,180,0.37222222222222223,0.005555555555555556
2022-03-17T18:26:30,67,1,180,0.37222222222222223,0.005555555555555556
2022-03-17T18:35:11,67,1,180,0.37222222222222223,0.005555555555555556
2022-03-17T18:43:43,67,1,180,0.37222222222222223,0.005555555555555556
2022-03-17T18:52:15,67,1,180,0.37222222222222223,0.005555555555555556
2022-03-17T19:00:47,67,1,180,0.37222222222222223,0.005555555555555556
2022-03-17T19:09:19,67,1,180,0.37222222222222223,0.005555555555555556
2022-03-17T19:17:51,67,1,180,0.37222222222222223,0.005555555555555556
2022-03-17T19:26:23,67,1,180,0.37222222222222223,0.005555555555555556
2022-03-17T19:34:54,67,1,180,0.37222222222222223,0.005555555555555556
2022-03-17T19:43:26,67,1,180,0.37222222222222223,0.005555555555555556
2022-03-17T19:51:58,67,1,180,0.37222222222222223,0.005555555555555556
2022-03-17T20:00:38,67,1,180,0.37222222222222223,0.005555555555555556
2022-03-17T20:09:10,67,1,180,0.37222222222222223,0.005555555555555556
2022-03-17T20:17:42,67,1,180,0.37222222222222223,0.005555555555555556
2022-03-17T20:26:13,67,1,180,0.37222222222222223,0.005555555555555556
2022-03-17T20:34:45,67,1,180,0.37222222222222223,0.005555555555555556
2022-03-17T20:43:17,67,1,180,0.37222222222222223,0.005555555555555556
2022-03-17T20:51:49,67,1,180,0.37222222222222223,0.005555555555555556
2022-03-17T21:00:21,67,1,180,0.37222222222222223,0.005555555555555556
2022-03-17T21:09:03,67,1,180,0.37222222222222223,0.005555555555555556
2022-03-17T21:17:35,67,1,180,0.37222222222222223,0.005555555555555556
2022-03-17T21:26:07,67,1,180,0.37222222222222223,0.005555555555555556
2022-03-17T21:34:39,67,1,180,0.37222222222222223,0.005555555555555556
2022-03-17T21:43:10,67,1,180,0.37222222222222223,0.005555555555555556
2022-03-17T21:51:42,67,1,180,0.37222222222222223,0.005555555555555556
2022-03-17T22:00:14,67,1,180,0.37222222222222223,0.005555555555555556
2022-03-17T22:08:46,67,1,180,0.37222222222222223,0.005555555555555556
2022-03-17T22:17:18,67,1,180,0.37222222222222223,0.005555555555555556
2022-03-17T22:26:00,67,1,180,0.37222222222222223,0.005555555555555556
2022-03-17T22:34:32,67,1,180,0.37222222222222223,0.005555555555555556
2022-03-17T22:43:03,67,1,180,0.37222222222222223,0.005555555555555556
2022-03-17T22:51:35,67,1,180,0.37222222222222223,0.005555555555555556
2022-03-17T23:00:07,67,1,180,0.37222222222222223,0.005555555555555556
2022-03-17T23:08:42,67,1,180,0.37222222222222223,0.005555555555555556
2022-03-17T23:17:17,67,1,180,0.37222222222222223,0.005555555555555556
2022-03-17T23:25:51,67,1,180,0.37222222222222223,0.005555555555555556
2022-03-17T23:34:26,67,1,180,0.37222222222222223,0.005555555555555556
2022-03-17T23:43:01,67,1,180,0.37222222222222223,0.005555555555555556
2022-03-17T23:51:36,67,1,180,0.37222222222222223,0.005555555555555556
2022-03-18T00:00:21,67,1,180,0.37222222222222223,0.005555555555555556
2022-03-18T00:08:56,67,1,180,0.37222222222222223,0.005555555555555556
2022-03-18T00:17:31,67,1,180,0.37222222222222223,0.005555555555555556
2022-03-18T00:26:06,67,1,180,0.37222222222222223,0.005555555555555556
2022-03-18T00:34:41,67,1,180,0.37222222222222223,0.005555555555555556
2022-03-18T00:43:17,67,1,180,0.37222222222222223,0.005555555555555556
2022-03-18T00:51:52,67,1,180,0.37222222222222223,0.005555555555555556
2022-03-18T01:00:28,67,1,180,0.37222222222222223,0.005555555555555556
2022-03-18T01:09:03,67,1,180,0.37222222222222223,0.005555555555555556
2022-03-18T01:17:38,67,1,180,0.37222222222222223,0.005555555555555556
2022-03-18T01:26:13,67,1,180,0.37222222222222223,0.005555555555555556
2022-03-18T01:34:48,67,1,180,0.37222222222222223,0.005555555555555556
2022-03-18T01:43:23,67,1,180,0.37222222222222223,0.005555555555555556
2022-03-18T01:51:58,67,1,180,0.37222222222222223,0.005555555555555556
2022-03-18T02:00:44,67,1,180,0.37222222222222223,0.005555555555555556
2022-03-18T02:09:19,67,1,180,0.37222222222222223,0.005555555555555556
2022-03-18T02:17:54,67,1,180,0.37222222222222223,0.005555555555555556
2022-03-18T02:26:28,67,1,180,0.37222222222222223,0.005555555555555556
2022-03-18T02:35:03,67,1,180,0.37222222222222223,0.005555555555555556
2022-03-18T02:43:38,67,1,180,0.37222222222222223,0.005555555555555556
2022-03-18T02:52:12,67,1,180,0.37222222222222223,0.005555555555555556
2022-03-18T03:00:47,67,1,180,0.37222222222222223,0.005555555555555556
2022-03-18T03:09:32,67,1,180,0.37222222222222223,0.005555555555555556
2022-03-18T03:18:07,67,1,180,0.37222222222222223,0.005555555555555556
2022-03-18T03:26:42,67,1,180,0.37222222222222223,0.005555555555555556
2022-03-18T03:35:16,67,1,180,0.37222222222222223,0.005555555555555556
2022-03-18T03:43:51,67,1,180,0.37222222222222223,0.005555555555555556
2022-03-18T03:52:26,67,1,180,0.37222222222222223,0.005555555555555556
2022-03-18T04:01:00,67,1,180,0.37222222222222223,0.005555555555555556
2022-03-18T04:09:35,67,1,180,0.37222222222222223,0.005555555555555556
2022-03-18T04:33:41,67,1,180,0.37222222222222223,0.005555555555555556
2022-03-18T04:42:17,67,1,180,0.37222222222222223,0.005555555555555556
2022-03-18T04:50:52,67,1,180,0.37222222222222223,0.005555555555555556
2022-03-18T04:59:28,67,1,180,0.37222222222222223,0.005555555555555556
2022-03-18T05:08:04,67,1,180,0.37222222222222223,0.005555555555555556
2022-03-18T05:16:40,67,1,180,0.37222222222222223,0.005555555555555556
2022-03-18T05:25:15,67,1,180,0.37222222222222223,0.005555555555555556
2022-03-18T05:33:51,67,1,180,0.37222222222222223,0.005555555555555556
2022-03-18T05:42:26,67,1,180,0.37222222222222223,0.005555555555555556
2022-03-18T05:51:02,67,1,180,0.37222222222222223,0.005555555555555556
2022-03-18T05:59:37,67,1,180,0.37222222222222223,0.005555555555555556
2022-03-18T06:08:12,67,1,180,0.37222222222222223,0.005555555555555556
2022-03-18T06:16:47,67,1,180,0.37222222222222223,0.005555555555555556
2022-03-18T06:25:23,67,1,180,0.37222222222222223,0.005555555555555556
2022-03-18T06:33:58,67,1,180,0.37222222222222223,0.005555555555555556
2022-03-18T06:42:33,67,1,180,0.37222222222222223,0.005555555555555556
2022-03-18T06:51:08,67,1,180,0.37222222222222223,0.005555555555555556
2022-03-18T06:59:43,67,1,180,0.37222222222222223,0.005555555555555556
2022-03-18T07:08:18,67,1,180,0.37222222222222223,0.005555555555555556
2022-03-18T07:17:01,67,1,180,0.37222222222222223,0.005555555555555556
2022-03-18T07:25:36,67,1,180,0.37222222222222223,0.005555555555555556
2022-03-18T07:34:11,67,1,180,0.37222222222222223,0.005555555555555556
2022-03-18T07:42:46,67,1,180,0.37222222222222223,0.005555555555555556
2022-03-18T07:51:21,67,1,180,0.37222222222222223,0.005555555555555556
2022-03-18T07:59:56,67,1,180,0.37222222222222223,0.005555555555555556
2022-03-18T08:08:31,67,1,180,0.37222222222222223,0.005555555555555556
2022-03-18T08:17:06,67,1,180,0.37222222222222223,0.005555555555555556
2022-03-18T08:25:42,67,1,180,0.37222222222222223,0.005555555555555556
2022-03-18T08:34:17,67,1,180,0.37222222222222223,0.005555555555555556
2022-03-18T08:42:52,67,1,180,0.37222222222222223,0.005555555555555556
2022-03-18T08:51:27,67,1,180,0.37222222222222223,0.005555555555555556
2022-03-18T09:00:02,67,1,180,0.37222222222222223,0.005555555555555556
2022-03-18T09:08:37,67,1,180,0.37222222222222223,0.005555555555555556
2022-03-18T09:17:12,67,1,180,0.37222222222222223,0.005555555555555556
2022-03-18T09:25:47,67,1,180,0.37222222222222223,0.005555555555555556
2022-03-18T09:34:22,67,1,180,0.37222222222222223,0.005555555555555556
2022-03-18T09:42:57,67,1,180,0.37222222222222223,0.005555555555555556
2022-03-18T09:51:32,67,1,180,0.37222222222222223,0.005555555555555556
2022-03-18T10:00:07,67,1,180,0.37222222222222223,0.005555555555555556
2022-03-18T10:08:42,67,1,180,0.37222222222222223,0.005555555555555556
2022-03-18T10:17:17,67,1,180,0.37222222222222223,0.005555555555555556
2022-03-18T10:26:05,67,1,180,0.37222222222222223,0.005555555555555556
2022-03-18T10:34:40,67,1,180,0.37222222222222223,0.005555555555555556
2022-03-18T10:43:15,67,1,180,0.37222222222222223,0.005555555555555556
2022-03-18T10:51:51,67,1,180,0.37222222222222223,0.005555555555555556
2022-03-18T11:00:26,67,1,180,0.37222222222222223,0.005555555555555556
2022-03-18T11:09:01,67,1,180,0.37222222222222223,0.005555555555555556
2022-03-18T11:17:36,67,1,180,0.37222222222222223,0.005555555555555556
2022-03-18T11:26:12,67,1,180,0.37222222222222223,0.005555555555555556
2022-03-18T11:34:48,67,1,180,0.37222222222222223,0.005555555555555556
2022-03-18T11:43:24,67,1,180,0.37222222222222223,0.005555555555555556
2022-03-18T11:52:02,67,1,180,0.37222222222222223,0.005555555555555556
2022-03-18T12:00:39,67,1,180,0.37222222222222223,0.005555555555555556
2022-03-18T12:09:16,67,1,180,0.37222222222222223,0.005555555555555556
2022-03-18T12:18:04,67,1,180,0.37222222222222223,0.005555555555555556
2022-03-18T12:26:40,67,1,180,0.37222222222222223,0.005555555555555556
2022-03-18T12:35:19,67,1,180,0.37222222222222223,0.005555555555555556
2022-03-18T12:43:56,67,1,180,0.37222222222222223,0.005555555555555556
2022-03-18T12:52:34,67,1,180,0.37222222222222223,0.005555555555555556
2022-03-18T13:01:11,67,1,180,0.37222222222222223,0.005555555555555556
2022-03-18T13:09:47,67,1,180,0.37222222222222223,0.005555555555555556
2022-03-18T13:18:26,67,1,180,0.37222222222222223,0.005555555555555556
2022-03-18T13:27:02,67,1,180,0.37222222222222223,0.005555555555555556
2022-03-18T13:35:49,67,1,180,0.37222222222222223,0.005555555555555556
2022-03-18T13:44:25,67,1,180,0.37222222222222223,0.005555555555555556
2022-03-18T13:53:02,67,1,180,0.37222222222222223,0.005555555555555556
2022-03-18T14:01:38,67,1,180,0.37222222222222223,0.005555555555555556
2022-03-18T14:10:14,67,1,180,0.37222222222222223,0.005555555555555556
2022-03-18T14:18:50,67,1,180,0.37222222222222223,0.005555555555555556
2022-03-18T14:27:25,67,1,180,0.37222222222222223,0.005555555555555556
2022-03-18T14:36:00,67,1,180,0.37222222222222223,0.005555555555555556
2022-03-18T14:44:37,67,1,180,0.37222222222222223,0.005555555555555556
2022-03-18T14:53:12,67,1,180,0.37222222222222223,0.005555555555555556
2022-03-18T15:01:56,67,1,180,0.37222222222222223,0.005555555555555556
2022-03-18T15:10:31,67,1,180,0.37222222222222223,0.005555555555555556
2022-03-18T15:19:06,67,1,180,0.37222222222222223,0.005555555555555556
2022-03-18T15:27:41,67,1,180,0.37222222222222223,0.005555555555555556
2022-03-18T15:36:16,67,1,180,0.37222222222222223,0.005555555555555556
2022-03-18T15:44:51,67,1,180,0.37222222222222223,0.005555555555555556
2022-03-18T15:53:26,67,1,180,0.37222222222222223,0.005555555555555556
2022-03-18T16:02:01,67,1,180,0.37222222222222223,0.005555555555555556
2022-03-18T16:10:36,67,1,180,0.37222222222222223,0.005555555555555556
2022-03-18T16:19:19,67,1,180,0.37222222222222223,0.005555555555555556
2022-03-18T16:27:54,67,1,180,0.37222222222222223,0.005555555555555556
2022-03-18T16:36:29,67,1,180,0.37222222222222223,0.005555555555555556
2022-03-18T16:45:04,67,1,180,0.37222222222222223,0.005555555555555556
2022-03-18T16:53:39,67,1,180,0.37222222222222223,0.005555555555555556
2022-03-18T17:02:13,67,1,180,0.37222222222222223,0.005555555555555556
2022-03-18T17:10:48,67,1,180,0.37222222222222223,0.005555555555555556
2022-03-18T17:19:23,67,1,180,0.37222222222222223,0.005555555555555556
2022-03-18T17:27:58,67,1,180,0.37222222222222223,0.005555555555555556
2022-03-18T17:36:43,67,1,180,0.37222222222222223,0.005555555555555556
2022-03-18T17:45:17,67,1,180,0.37222222222222223,0.005555555555555556
2022-03-18T17:53:52,67,1,180,0.37222222222222223,0.005555555555555556
2022-03-18T18:02:27,67,1,180,0.37222222222222223,0.005555555555555556
2022-03-18T18:11:02,67,1,180,0.37222222222222223,0.005555555555555556
2022-03-18T18:19:37,67,1,180,0.37222222222222223,0.005555555555555556
2022-03-18T18:28:12,67,1,180,0.37222222222222223,0.005555555555555556
2022-03-18T18:36:47,67,1,180,0.37222222222222223,0.005555555555555556
2022-03-18T18:45:22,67,1,180,0.37222222222222223,0.005555555555555556
2022-03-18T18:53:57,67,1,180,0.37222222222222223,0.005555555555555556
2022-03-18T19:02:31,67,1,180,0.37222222222222223,0.005555555555555556
2022-03-18T19:11:06,67,1,180,0.37222222222222223,0.005555555555555556
2022-03-18T19:19:53,67,1,180,0.37222222222222223,0.005555555555555556
2022-03-18T19:28:28,67,1,180,0.37222222222222223,0.005555555555555556
2022-03-18T19:37:02,67,1,180,0.37222222222222223,0.005555555555555556
2022-03-18T19:45:37,67,1,180,0.37222222222222223,0.005555555555555556
2022-03-18T19:54:12,67,1,180,0.37222222222222223,0.005555555555555556
2022-03-18T20:02:47,67,1,180,0.37222222222222223,0.005555555555555556
2022-03-18T20:11:21,67,1,180,0.37222222222222223,0.005555555555555556
2022-03-18T20:19:56,67,1,180,0.37222222222222223,0.005555555555555556
2022-03-18T20:28:31,67,1,180,0.37222222222222223,0.005555555555555556
2022-03-18T20:37:06,67,1,180,0.37222222222222223,0.005555555555555556
2022-03-18T20:45:41,67,1,180,0.37222222222222223,0.005555555555555556
2022-03-18T20:54:16,67,1,180,0.37222222222222223,0.005555555555555556
2022-03-18T21:02:50,67,1,180,0.37222222222222223,0.005555555555555556
2022-03-18T21:11:25,67,1,180,0.37222222222222223,0.005555555555555556
2022-03-18T21:20:10,67,1,180,0.37222222222222223,0.005555555555555556
2022-03-18T21:28:44,67,1,180,0.37222222222222223,0.005555555555555556
2022-03-18T21:37:19,67,1,180,0.37222222222222223,0.005555555555555556
2022-03-18T21:45:54,66,1,180,0.36666666666666664,0.005555555555555556
2022-03-18T21:54:29,66,1,180,0.36666666666666664,0.005555555555555556
2022-03-18T22:03:04,66,1,180,0.36666666666666664,0.005555555555555556
2022-03-18T22:11:39,66,1,180,0.36666666666666664,0.005555555555555556
2022-03-18T22:20:13,66,1,180,0.36666666666666664,0.005555555555555556
2022-03-18T22:28:48,66,1,180,0.36666666666666664,0.005555555555555556
2022-03-18T22:37:33,66,1,180,0.36666666666666664,0.005555555555555556
2022-03-18T22:46:08,66,1,180,0.36666666666666664,0.005555555555555556
2022-03-18T22:54:43,66,1,180,0.36666666666666664,0.005555555555555556
2022-03-18T23:03:18,66,1,180,0.36666666666666664,0.005555555555555556
2022-03-18T23:11:52,66,1,180,0.36666666666666664,0.005555555555555556
2022-03-18T23:20:27,66,1,180,0.36666666666666664,0.005555555555555556
2022-03-18T23:29:02,66,1,180,0.36666666666666664,0.005555555555555556
2022-03-18T23:37:37,66,1,180,0.36666666666666664,0.005555555555555556
2022-03-18T23:46:12,66,1,180,0.36666666666666664,0.005555555555555556
2022-03-18T23:54:47,66,1,180,0.36666666666666664,0.005555555555555556
2022-03-19T00:03:21,66,1,180,0.36666666666666664,0.005555555555555556
2022-03-19T00:11:56,66,1,180,0.36666666666666664,0.005555555555555556
2022-03-19T00:20:42,66,1,180,0.36666666666666664,0.005555555555555556
2022-03-19T00:29:18,66,1,180,0.36666666666666664,0.005555555555555556
2022-03-19T00:37:53,66,1,180,0.36666666666666664,0.005555555555555556
2022-03-19T00:46:28,66,1,180,0.36666666666666664,0.005555555555555556
2022-03-19T00:55:03,66,1,180,0.36666666666666664,0.005555555555555556
2022-03-19T01:03:38,66,1,180,0.36666666666666664,0.005555555555555556
2022-03-19T01:12:13,66,1,180,0.36666666666666664,0.005555555555555556
2022-03-19T01:20:48,66,1,180,0.36666666666666664,0.005555555555555556
2022-03-19T01:29:23,66,1,180,0.36666666666666664,0.005555555555555556
2022-03-19T01:37:59,66,1,180,0.36666666666666664,0.005555555555555556
2022-03-19T01:46:34,66,1,180,0.36666666666666664,0.005555555555555556
2022-03-19T01:55:09,66,1,180,0.36666666666666664,0.005555555555555556
2022-03-19T02:03:44,66,1,180,0.36666666666666664,0.005555555555555556
2022-03-19T02:12:30,66,1,180,0.36666666666666664,0.005555555555555556
2022-03-19T02:21:05,66,1,180,0.36666666666666664,0.005555555555555556
2022-03-19T02:29:39,66,1,180,0.36666666666666664,0.005555555555555556
2022-03-19T02:38:14,66,1,180,0.36666666666666664,0.005555555555555556
2022-03-19T02:46:49,66,1,180,0.36666666666666664,0.005555555555555556
2022-03-19T02:55:24,66,1,180,0.36666666666666664,0.005555555555555556
2022-03-19T03:03:59,66,1,180,0.36666666666666664,0.005555555555555556
2022-03-19T03:12:34,66,1,180,0.36666666666666664,0.005555555555555556
2022-03-19T03:21:09,66,1,180,0.36666666666666664,0.005555555555555556
2022-03-19T03:29:43,66,1,180,0.36666666666666664,0.005555555555555556
2022-03-19T03:38:18,66,1,180,0.36666666666666664,0.005555555555555556
2022-03-19T03:46:52,66,1,180,0.36666666666666664,0.005555555555555556
2022-03-19T03:55:27,66,1,180,0.36666666666666664,0.005555555555555556
2022-03-19T04:04:02,66,1,180,0.36666666666666664,0.005555555555555556
2022-03-19T04:16:03,66,1,180,0.36666666666666664,0.005555555555555556
2022-03-19T04:24:38,66,1,180,0.36666666666666664,0.005555555555555556
2022-03-19T04:34:14,66,1,180,0.36666666666666664,0.005555555555555556
2022-03-19T04:43:06,66,1,180,0.36666666666666664,0.005555555555555556
2022-03-19T04:52:16,66,1,180,0.36666666666666664,0.005555555555555556
2022-03-19T05:00:52,66,1,180,0.36666666666666664,0.005555555555555556
2022-03-19T05:09:27,66,1,180,0.36666666666666664,0.005555555555555556
2022-03-19T05:18:03,66,1,180,0.36666666666666664,0.005555555555555556
2022-03-19T05:26:38,66,1,180,0.36666666666666664,0.005555555555555556
2022-03-19T05:35:13,66,1,180,0.36666666666666664,0.005555555555555556
2022-03-19T05:43:49,66,1,180,0.36666666666666664,0.005555555555555556
2022-03-19T05:52:24,66,1,180,0.36666666666666664,0.005555555555555556
2022-03-19T06:00:59,66,1,180,0.36666666666666664,0.005555555555555556
2022-03-19T06:09:34,66,1,180,0.36666666666666664,0.005555555555555556
2022-03-19T06:18:09,66,1,180,0.36666666666666664,0.005555555555555556
2022-03-19T06:26:45,66,1,180,0.36666666666666664,0.005555555555555556
2022-03-19T06:35:20,66,1,180,0.36666666666666664,0.005555555555555556
2022-03-19T06:43:55,66,1,180,0.36666666666666664,0.005555555555555556
2022-03-19T06:52:30,66,1,180,0.36666666666666664,0.005555555555555556
2022-03-19T07:01:05,66,1,180,0.36666666666666664,0.005555555555555556
2022-03-19T07:09:41,66,1,180,0.36666666666666664,0.005555555555555556
2022-03-19T07:18:16,66,1,180,0.36666666666666664,0.005555555555555556
2022-03-19T07:26:51,66,1,180,0.36666666666666664,0.005555555555555556
2022-03-19T07:35:26,66,1,180,0.36666666666666664,0.005555555555555556
2022-03-19T07:44:02,66,1,180,0.36666666666666664,0.005555555555555556
2022-03-19T07:52:46,66,1,180,0.36666666666666664,0.005555555555555556
2022-03-19T08:01:22,66,1,180,0.36666666666666664,0.005555555555555556
2022-03-19T08:09:58,66,1,180,0.36666666666666664,0.005555555555555556
2022-03-19T08:18:35,66,1,180,0.36666666666666664,0.005555555555555556
2022-03-19T08:27:11,66,1,180,0.36666666666666664,0.005555555555555556
2022-03-19T08:35:47,66,1,180,0.36666666666666664,0.005555555555555556
2022-03-19T08:44:23,66,1,180,0.36666666666666664,0.005555555555555556
2022-03-19T08:52:59,66,1,180,0.36666666666666664,0.005555555555555556
2022-03-19T09:01:35,66,1,180,0.36666666666666664,0.005555555555555556
2022-03-19T09:10:10,66,1,180,0.36666666666666664,0.005555555555555556
2022-03-19T09:18:46,66,1,180,0.36666666666666664,0.005555555555555556
2022-03-19T09:27:21,66,1,180,0.36666666666666664,0.005555555555555556
2022-03-19T09:35:56,66,1,180,0.36666666666666664,0.005555555555555556
2022-03-19T09:44:41,66,1,180,0.36666666666666664,0.005555555555555556
2022-03-19T09:53:16,66,1,180,0.36666666666666664,0.005555555555555556
2022-03-19T10:01:52,66,1,180,0.36666666666666664,0.005555555555555556
2022-03-19T10:10:27,66,1,180,0.36666666666666664,0.005555555555555556
2022-03-19T10:19:02,66,1,180,0.36666666666666664,0.005555555555555556
2022-03-19T10:27:37,66,1,180,0.36666666666666664,0.005555555555555556
2022-03-19T10:36:12,66,1,180,0.36666666666666664,0.005555555555555556
2022-03-19T10:44:47,67,1,180,0.37222222222222223,0.005555555555555556
2022-03-19T10:53:22,67,1,180,0.37222222222222223,0.005555555555555556
2022-03-19T11:01:57,67,1,180,0.37222222222222223,0.005555555555555556
2022-03-19T11:10:32,67,1,180,0.37222222222222223,0.005555555555555556
2022-03-19T11:19:07,67,1,180,0.37222222222222223,0.005555555555555556
2022-03-19T11:27:49,67,1,180,0.37222222222222223,0.005555555555555556
2022-03-19T11:36:24,67,1,180,0.37222222222222223,0.005555555555555556
2022-03-19T11:44:59,67,1,180,0.37222222222222223,0.005555555555555556
2022-03-19T11:53:34,67,1,180,0.37222222222222223,0.005555555555555556
2022-03-19T12:02:09,67,1,180,0.37222222222222223,0.005555555555555556
2022-03-19T12:10:43,67,1,180,0.37222222222222223,0.005555555555555556
2022-03-19T12:19:18,67,1,180,0.37222222222222223,0.005555555555555556
2022-03-19T12:27:53,67,1,180,0.37222222222222223,0.005555555555555556
2022-03-19T12:36:27,67,1,180,0.37222222222222223,0.005555555555555556
2022-03-19T12:45:10,67,1,180,0.37222222222222223,0.005555555555555556
2022-03-19T12:53:45,67,1,180,0.37222222222222223,0.005555555555555556
2022-03-19T13:02:20,67,1,180,0.37222222222222223,0.005555555555555556
2022-03-19T13:10:55,67,1,180,0.37222222222222223,0.005555555555555556
2022-03-19T13:19:29,67,1,180,0.37222222222222223,0.005555555555555556
2022-03-19T13:28:04,67,1,180,0.37222222222222223,0.005555555555555556
2022-03-19T13:36:39,67,1,180,0.37222222222222223,0.005555555555555556
2022-03-19T13:45:14,67,1,180,0.37222222222222223,0.005555555555555556
2022-03-19T13:53:48,67,1,180,0.37222222222222223,0.005555555555555556
2022-03-19T14:02:23,67,1,180,0.37222222222222223,0.005555555555555556
2022-03-19T14:10:58,67,1,180,0.37222222222222223,0.005555555555555556
2022-03-19T14:19:33,67,1,180,0.37222222222222223,0.005555555555555556
2022-03-19T14:28:14,67,1,180,0.37222222222222223,0.005555555555555556
2022-03-19T14:36:49,67,1,180,0.37222222222222223,0.005555555555555556
2022-03-19T14:45:23,67,1,180,0.37222222222222223,0.005555555555555556
2022-03-19T14:53:58,67,1,180,0.37222222222222223,0.005555555555555556
2022-03-19T15:02:33,67,1,180,0.37222222222222223,0.005555555555555556
2022-03-19T15:11:07,67,1,180,0.37222222222222223,0.005555555555555556
2022-03-19T15:19:42,67,1,180,0.37222222222222223,0.005555555555555556
2022-03-19T15:28:17,67,1,180,0.37222222222222223,0.005555555555555556
2022-03-19T15:36:52,67,1,180,0.37222222222222223,0.005555555555555556
2022-03-19T15:45:27,67,1,180,0.37222222222222223,0.005555555555555556
2022-03-19T15:54:02,67,1,180,0.37222222222222223,0.005555555555555556
2022-03-19T16:02:36,67,1,180,0.37222222222222223,0.005555555555555556
2022-03-19T16:11:11,67,1,180,0.37222222222222223,0.005555555555555556
2022-03-19T16:19:53,67,1,180,0.37222222222222223,0.005555555555555556
2022-03-19T16:28:28,67,1,180,0.37222222222222223,0.005555555555555556
2022-03-19T16:37:02,67,1,180,0.37222222222222223,0.005555555555555556
2022-03-19T16:45:37,67,1,180,0.37222222222222223,0.005555555555555556
2022-03-19T16:54:12,67,1,180,0.37222222222222223,0.005555555555555556
2022-03-19T17:02:46,67,1,180,0.37222222222222223,0.005555555555555556
2022-03-19T17:11:21,67,1,180,0.37222222222222223,0.005555555555555556
2022-03-19T17:19:56,67,1,180,0.37222222222222223,0.005555555555555556
2022-03-19T17:28:31,67,1,180,0.37222222222222223,0.005555555555555556
2022-03-19T17:37:06,67,1,180,0.37222222222222223,0.005555555555555556
2022-03-19T17:45:40,67,1,180,0.37222222222222223,0.005555555555555556
2022-03-19T17:54:15,67,1,180,0.37222222222222223,0.005555555555555556
2022-03-19T18:02:50,67,1,180,0.37222222222222223,0.005555555555555556
2022-03-19T18:11:25,67,1,180,0.37222222222222223,0.005555555555555556
2022-03-19T18:20:09,67,1,180,0.37222222222222223,0.005555555555555556
2022-03-19T18:28:44,67,1,180,0.37222222222222223,0.005555555555555556
2022-03-19T18:37:18,67,1,180,0.37222222222222223,0.005555555555555556
2022-03-19T18:45:53,67,1,180,0.37222222222222223,0.005555555555555556
2022-03-19T18:54:28,67,1,180,0.37222222222222223,0.005555555555555556
2022-03-19T19:03:03,67,1,180,0.37222222222222223,0.005555555555555556
2022-03-19T19:11:38,67,1,180,0.37222222222222223,0.005555555555555556
2022-03-19T19:20:12,67,1,180,0.37222222222222223,0.005555555555555556
2022-03-19T19:28:47,67,1,180,0.37222222222222223,0.005555555555555556
2022-03-19T19:37:22,67,1,180,0.37222222222222223,0.005555555555555556
2022-03-19T19:45:56,67,1,180,0.37222222222222223,0.005555555555555556
2022-03-19T19:54:31,67,1,180,0.37222222222222223,0.005555555555555556
2022-03-19T20:03:16,67,1,180,0.37222222222222223,0.005555555555555556
2022-03-19T20:11:51,67,1,180,0.37222222222222223,0.005555555555555556
2022-03-19T20:20:25,67,1,180,0.37222222222222223,0.005555555555555556
2022-03-19T20:29:00,67,1,180,0.37222222222222223,0.005555555555555556
2022-03-19T20:37:35,67,1,180,0.37222222222222223,0.005555555555555556
2022-03-19T20:46:10,67,1,180,0.37222222222222223,0.005555555555555556
2022-03-19T20:54:45,67,1,180,0.37222222222222223,0.005555555555555556
2022-03-19T21:03:20,67,1,180,0.37222222222222223,0.005555555555555556
2022-03-19T21:11:54,67,1,180,0.37222222222222223,0.005555555555555556
2022-03-19T21:20:29,67,1,180,0.37222222222222223,0.005555555555555556
2022-03-19T21:29:04,67,1,180,0.37222222222222223,0.005555555555555556
2022-03-19T21:37:48,67,1,180,0.37222222222222223,0.005555555555555556
2022-03-19T21:46:22,67,1,180,0.37222222222222223,0.005555555555555556
2022-03-19T21:54:57,67,1,180,0.37222222222222223,0.005555555555555556
2022-03-19T22:03:32,67,1,180,0.37222222222222223,0.005555555555555556
2022-03-19T22:12:06,67,1,180,0.37222222222222223,0.005555555555555556
2022-03-19T22:20:41,67,1,180,0.37222222222222223,0.005555555555555556
2022-03-19T22:29:16,67,1,180,0.37222222222222223,0.005555555555555556
2022-03-19T22:37:51,67,1,180,0.37222222222222223,0.005555555555555556
2022-03-19T22:46:25,67,1,180,0.37222222222222223,0.005555555555555556
2022-03-19T22:55:00,67,1,180,0.37222222222222223,0.005555555555555556
2022-03-19T23:03:35,67,1,180,0.37222222222222223,0.005555555555555556
2022-03-19T23:12:10,67,1,180,0.37222222222222223,0.005555555555555556
2022-03-19T23:20:44,67,1,180,0.37222222222222223,0.005555555555555556
2022-03-19T23:29:28,67,1,180,0.37222222222222223,0.005555555555555556
2022-03-19T23:38:02,67,1,180,0.37222222222222223,0.005555555555555556
2022-03-19T23:46:37,67,1,180,0.37222222222222223,0.005555555555555556
2022-03-19T23:55:12,67,1,180,0.37222222222222223,0.005555555555555556
2022-03-20T00:03:46,67,1,180,0.37222222222222223,0.005555555555555556
2022-03-20T00:12:21,67,1,180,0.37222222222222223,0.005555555555555556
2022-03-20T00:20:56,67,1,180,0.37222222222222223,0.005555555555555556
2022-03-20T00:29:31,67,1,180,0.37222222222222223,0.005555555555555556
2022-03-20T00:38:05,67,1,180,0.37222222222222223,0.005555555555555556
2022-03-20T01:01:10,67,1,180,0.37222222222222223,0.005555555555555556
2022-03-20T01:09:55,67,1,180,0.37222222222222223,0.005555555555555556
2022-03-20T01:18:30,67,1,180,0.37222222222222223,0.005555555555555556
2022-03-20T01:27:05,67,1,180,0.37222222222222223,0.005555555555555556
2022-03-20T01:35:40,67,1,180,0.37222222222222223,0.005555555555555556
2022-03-20T01:44:16,67,1,180,0.37222222222222223,0.005555555555555556
2022-03-20T01:52:51,67,1,180,0.37222222222222223,0.005555555555555556
2022-03-20T02:01:26,67,1,180,0.37222222222222223,0.005555555555555556
2022-03-20T02:10:11,67,1,180,0.37222222222222223,0.005555555555555556
2022-03-20T02:18:46,67,1,180,0.37222222222222223,0.005555555555555556
2022-03-20T02:27:21,67,1,180,0.37222222222222223,0.005555555555555556
2022-03-20T02:35:56,67,1,180,0.37222222222222223,0.005555555555555556
2022-03-20T02:44:31,67,1,180,0.37222222222222223,0.005555555555555556
2022-03-20T02:53:06,67,1,180,0.37222222222222223,0.005555555555555556
2022-03-20T03:01:40,67,1,180,0.37222222222222223,0.005555555555555556
2022-03-20T03:10:15,67,1,180,0.37222222222222223,0.005555555555555556
2022-03-20T03:18:50,67,1,180,0.37222222222222223,0.005555555555555556
2022-03-20T03:27:25,67,1,180,0.37222222222222223,0.005555555555555556
2022-03-20T03:35:59,67,1,180,0.37222222222222223,0.005555555555555556
2022-03-20T03:44:34,67,1,180,0.37222222222222223,0.005555555555555556
2022-03-20T03:53:09,67,1,180,0.37222222222222223,0.005555555555555556
2022-03-20T04:01:44,67,1,180,0.37222222222222223,0.005555555555555556
2022-03-20T04:14:31,67,1,180,0.37222222222222223,0.005555555555555556
2022-03-20T04:23:07,67,1,180,0.37222222222222223,0.005555555555555556
2022-03-20T04:31:42,67,1,180,0.37222222222222223,0.005555555555555556
2022-03-20T04:41:24,67,1,180,0.37222222222222223,0.005555555555555556
2022-03-20T04:50:16,67,1,180,0.37222222222222223,0.005555555555555556
2022-03-20T04:58:51,67,1,180,0.37222222222222223,0.005555555555555556
2022-03-20T05:07:27,67,1,180,0.37222222222222223,0.005555555555555556
2022-03-20T05:16:02,67,1,180,0.37222222222222223,0.005555555555555556
2022-03-20T05:24:38,67,1,180,0.37222222222222223,0.005555555555555556
2022-03-20T05:33:13,67,1,180,0.37222222222222223,0.005555555555555556
2022-03-20T05:41:48,67,1,180,0.37222222222222223,0.005555555555555556
2022-03-20T05:50:24,67,1,180,0.37222222222222223,0.005555555555555556
2022-03-20T05:58:59,67,1,180,0.37222222222222223,0.005555555555555556
2022-03-20T06:07:34,67,1,180,0.37222222222222223,0.005555555555555556
2022-03-20T06:16:09,67,1,180,0.37222222222222223,0.005555555555555556
2022-03-20T06:24:44,67,1,180,0.37222222222222223,0.005555555555555556
2022-03-20T06:33:19,67,1,180,0.37222222222222223,0.005555555555555556
2022-03-20T06:41:54,67,1,180,0.37222222222222223,0.005555555555555556
2022-03-20T06:50:29,67,1,180,0.37222222222222223,0.005555555555555556
2022-03-20T06:59:04,67,1,180,0.37222222222222223,0.005555555555555556
2022-03-20T07:07:39,67,1,180,0.37222222222222223,0.005555555555555556
2022-03-20T07:16:13,67,1,180,0.37222222222222223,0.005555555555555556
2022-03-20T07:24:48,67,1,180,0.37222222222222223,0.005555555555555556
2022-03-20T07:33:23,67,1,180,0.37222222222222223,0.005555555555555556
2022-03-20T07:41:58,67,1,180,0.37222222222222223,0.005555555555555556
2022-03-20T07:50:32,67,1,180,0.37222222222222223,0.005555555555555556
2022-03-20T07:59:07,67,1,180,0.37222222222222223,0.005555555555555556
2022-03-20T08:07:42,67,1,180,0.37222222222222223,0.005555555555555556
2022-03-20T08:16:16,67,1,180,0.37222222222222223,0.005555555555555556
2022-03-20T08:24:51,67,1,180,0.37222222222222223,0.005555555555555556
2022-03-20T08:33:26,67,1,180,0.37222222222222223,0.005555555555555556
2022-03-20T08:42:01,67,1,180,0.37222222222222223,0.005555555555555556
2022-03-20T08:50:43,67,1,180,0.37222222222222223,0.005555555555555556
2022-03-20T08:59:18,67,1,180,0.37222222222222223,0.005555555555555556
2022-03-20T09:07:53,67,1,180,0.37222222222222223,0.005555555555555556
2022-03-20T09:16:27,67,1,180,0.37222222222222223,0.005555555555555556
2022-03-20T09:25:02,67,1,180,0.37222222222222223,0.005555555555555556
2022-03-20T09:33:37,67,1,180,0.37222222222222223,0.005555555555555556
2022-03-20T09:42:12,67,1,180,0.37222222222222223,0.005555555555555556
2022-03-20T09:50:46,67,1,180,0.37222222222222223,0.005555555555555556
2022-03-20T09:59:21,67,1,180,0.37222222222222223,0.005555555555555556
2022-03-20T10:07:56,67,1,180,0.37222222222222223,0.005555555555555556
2022-03-20T10:16:31,67,1,180,0.37222222222222223,0.005555555555555556
2022-03-20T10:25:05,67,1,180,0.37222222222222223,0.005555555555555556
2022-03-20T10:33:41,67,1,180,0.37222222222222223,0.005555555555555556
2022-03-20T10:42:16,67,1,180,0.37222222222222223,0.005555555555555556
2022-03-20T10:51:02,67,1,180,0.37222222222222223,0.005555555555555556
2022-03-20T10:59:36,67,1,180,0.37222222222222223,0.005555555555555556
2022-03-20T11:08:11,67,1,180,0.37222222222222223,0.005555555555555556
2022-03-20T11:16:46,67,1,180,0.37222222222222223,0.005555555555555556
2022-03-20T11:25:21,67,1,180,0.37222222222222223,0.005555555555555556
2022-03-20T11:33:56,67,1,180,0.37222222222222223,0.005555555555555556
2022-03-20T11:42:31,67,1,180,0.37222222222222223,0.005555555555555556
2022-03-20T11:51:06,67,1,180,0.37222222222222223,0.005555555555555556
2022-03-20T11:59:41,67,1,180,0.37222222222222223,0.005555555555555556
2022-03-20T12:08:17,67,1,180,0.37222222222222223,0.005555555555555556
2022-03-20T12:16:51,67,1,180,0.37222222222222223,0.005555555555555556
2022-03-20T12:25:34,67,1,180,0.37222222222222223,0.005555555555555556
2022-03-20T12:34:09,67,1,180,0.37222222222222223,0.005555555555555556
2022-03-20T12:42:44,67,1,180,0.37222222222222223,0.005555555555555556
2022-03-20T12:51:19,67,1,180,0.37222222222222223,0.005555555555555556
2022-03-20T12:59:53,67,1,180,0.37222222222222223,0.005555555555555556
2022-03-20T13:08:28,67,1,180,0.37222222222222223,0.005555555555555556
2022-03-20T13:17:03,67,1,180,0.37222222222222223,0.005555555555555556
2022-03-20T13:25:38,67,1,180,0.37222222222222223,0.005555555555555556
2022-03-20T13:34:12,67,1,180,0.37222222222222223,0.005555555555555556
2022-03-20T13:42:57,67,1,180,0.37222222222222223,0.005555555555555556
2022-03-20T13:51:31,67,1,180,0.37222222222222223,0.005555555555555556
2022-03-20T14:00:06,67,1,180,0.37222222222222223,0.005555555555555556
2022-03-20T14:08:41,67,1,180,0.37222222222222223,0.005555555555555556
2022-03-20T14:17:16,67,1,180,0.37222222222222223,0.005555555555555556
2022-03-20T14:25:51,67,1,180,0.37222222222222223,0.005555555555555556
2022-03-20T14:34:25,67,1,180,0.37222222222222223,0.005555555555555556
2022-03-20T14:43:00,67,1,180,0.37222222222222223,0.005555555555555556
2022-03-20T14:51:35,67,1,180,0.37222222222222223,0.005555555555555556
2022-03-20T15:00:10,67,1,180,0.37222222222222223,0.005555555555555556
2022-03-20T15:08:53,67,1,180,0.37222222222222223,0.005555555555555556
2022-03-20T15:17:28,67,1,180,0.37222222222222223,0.005555555555555556
2022-03-20T15:26:03,67,1,180,0.37222222222222223,0.005555555555555556
2022-03-20T15:34:38,67,1,180,0.37222222222222223,0.005555555555555556
2022-03-20T15:43:12,67,1,180,0.37222222222222223,0.005555555555555556
2022-03-20T15:51:48,67,1,180,0.37222222222222223,0.005555555555555556
2022-03-20T16:00:23,67,1,180,0.37222222222222223,0.005555555555555556
2022-03-20T16:08:58,67,1,180,0.37222222222222223,0.005555555555555556
2022-03-20T16:17:40,67,1,180,0.37222222222222223,0.005555555555555556
2022-03-20T16:26:14,67,1,180,0.37222222222222223,0.005555555555555556
2022-03-20T16:34:49,67,1,180,0.37222222222222223,0.005555555555555556
2022-03-20T16:43:24,67,1,180,0.37222222222222223,0.005555555555555556
2022-03-20T16:51:59,67,1,180,0.37222222222222223,0.005555555555555556
2022-03-20T17:00:33,67,1,180,0.37222222222222223,0.005555555555555556
2022-03-20T17:09:08,67,1,180,0.37222222222222223,0.005555555555555556
2022-03-20T17:17:43,67,1,180,0.37222222222222223,0.005555555555555556
2022-03-20T17:26:18,67,1,180,0.37222222222222223,0.005555555555555556
2022-03-20T17:34:53,67,1,180,0.37222222222222223,0.005555555555555556
2022-03-20T17:43:27,67,1,180,0.37222222222222223,0.005555555555555556
2022-03-20T17:52:11,67,1,180,0.37222222222222223,0.005555555555555556
2022-03-20T18:00:45,67,1,180,0.37222222222222223,0.005555555555555556
2022-03-20T18:09:20,67,1,180,0.37222222222222223,0.005555555555555556
2022-03-20T18:17:55,67,1,180,0.37222222222222223,0.005555555555555556
2022-03-20T18:26:30,67,1,180,0.37222222222222223,0.005555555555555556
2022-03-20T18:35:05,67,1,180,0.37222222222222223,0.005555555555555556
2022-03-20T18:43:40,67,1,180,0.37222222222222223,0.005555555555555556
2022-03-20T18:52:14,67,1,180,0.37222222222222223,0.005555555555555556
2022-03-20T19:00:49,67,1,180,0.37222222222222223,0.005555555555555556
2022-03-20T19:09:24,67,1,180,0.37222222222222223,0.005555555555555556
2022-03-20T19:18:08,67,1,180,0.37222222222222223,0.005555555555555556
2022-03-20T19:26:42,67,1,180,0.37222222222222223,0.005555555555555556
2022-03-20T19:35:17,67,1,180,0.37222222222222223,0.005555555555555556
2022-03-20T19:43:52,67,1,180,0.37222222222222223,0.005555555555555556
2022-03-20T19:52:27,67,1,180,0.37222222222222223,0.005555555555555556
2022-03-20T20:01:02,67,1,180,0.37222222222222223,0.005555555555555556
2022-03-20T20:09:36,67,1,180,0.37222222222222223,0.005555555555555556
2022-03-20T20:18:11,67,1,180,0.37222222222222223,0.005555555555555556
2022-03-20T20:26:46,67,1,180,0.37222222222222223,0.005555555555555556
2022-03-20T20:35:31,67,1,180,0.37222222222222223,0.005555555555555556
2022-03-20T20:44:06,67,1,180,0.37222222222222223,0.005555555555555556
2022-03-20T20:52:41,67,1,180,0.37222222222222223,0.005555555555555556
2022-03-20T21:01:16,67,1,180,0.37222222222222223,0.005555555555555556
2022-03-20T21:09:51,67,1,180,0.37222222222222223,0.005555555555555556
2022-03-20T21:18:25,67,1,180,0.37222222222222223,0.005555555555555556
2022-03-20T21:27:00,67,1,180,0.37222222222222223,0.005555555555555556
2022-03-20T21:35:35,67,1,180,0.37222222222222223,0.005555555555555556
2022-03-20T21:44:10,67,1,180,0.37222222222222223,0.005555555555555556
2022-03-20T21:52:54,67,1,180,0.37222222222222223,0.005555555555555556
2022-03-20T22:01:29,67,1,180,0.37222222222222223,0.005555555555555556
2022-03-20T22:10:04,67,1,180,0.37222222222222223,0.005555555555555556
2022-03-20T22:18:39,67,1,180,0.37222222222222223,0.005555555555555556
2022-03-20T22:27:13,67,1,180,0.37222222222222223,0.005555555555555556
2022-03-20T22:35:48,67,1,180,0.37222222222222223,0.005555555555555556
2022-03-20T22:44:23,67,1,180,0.37222222222222223,0.005555555555555556
2022-03-20T22:52:58,67,1,180,0.37222222222222223,0.005555555555555556
2022-03-20T23:01:33,67,1,180,0.37222222222222223,0.005555555555555556
2022-03-20T23:10:07,67,1,180,0.37222222222222223,0.005555555555555556
2022-03-20T23:18:42,67,1,180,0.37222222222222223,0.005555555555555556
2022-03-20T23:27:26,67,1,180,0.37222222222222223,0.005555555555555556
2022-03-20T23:36:00,67,1,180,0.37222222222222223,0.005555555555555556
2022-03-20T23:44:35,67,1,180,0.37222222222222223,0.005555555555555556
2022-03-20T23:53:10,67,1,180,0.37222222222222223,0.005555555555555556
2022-03-21T00:01:45,67,1,180,0.37222222222222223,0.005555555555555556
2022-03-21T00:10:20,67,1,180,0.37222222222222223,0.005555555555555556
2022-03-21T00:18:55,67,1,180,0.37222222222222223,0.005555555555555556
2022-03-21T00:27:30,67,1,180,0.37222222222222223,0.005555555555555556
2022-03-21T00:36:06,67,1,180,0.37222222222222223,0.005555555555555556
2022-03-21T00:45:10,66,1,180,0.36666666666666664,0.005555555555555556
2022-03-21T00:53:50,66,1,180,0.36666666666666664,0.005555555555555556
2022-03-21T01:03:06,66,1,180,0.36666666666666664,0.005555555555555556
2022-03-21T01:18:06,66,1,180,0.36666666666666664,0.005555555555555556
2022-03-21T01:26:41,66,1,180,0.36666666666666664,0.005555555555555556
2022-03-21T01:35:17,66,1,180,0.36666666666666664,0.005555555555555556
2022-03-21T01:43:52,66,1,180,0.36666666666666664,0.005555555555555556
2022-03-21T01:52:28,66,1,180,0.36666666666666664,0.005555555555555556
2022-03-21T15:20:20,65,1,180,0.3611111111111111,0.005555555555555556
2022-03-21T15:28:55,65,1,180,0.3611111111111111,0.005555555555555556
2022-03-21T15:37:30,65,1,180,0.3611111111111111,0.005555555555555556
2022-03-21T15:46:05,65,1,180,0.3611111111111111,0.005555555555555556
2022-03-21T15:54:40,65,1,180,0.3611111111111111,0.005555555555555556
2022-03-21T16:03:15,65,1,180,0.3611111111111111,0.005555555555555556
2022-03-21T16:11:50,65,1,180,0.3611111111111111,0.005555555555555556
2022-03-21T16:20:35,65,1,180,0.3611111111111111,0.005555555555555556
2022-03-21T16:29:10,65,1,180,0.3611111111111111,0.005555555555555556
2022-03-21T16:37:45,65,1,180,0.3611111111111111,0.005555555555555556
2022-03-21T16:46:20,65,1,180,0.3611111111111111,0.005555555555555556
2022-03-21T16:54:55,65,1,180,0.3611111111111111,0.005555555555555556
2022-03-21T17:03:30,65,1,180,0.3611111111111111,0.005555555555555556
2022-03-21T17:12:05,65,1,180,0.3611111111111111,0.005555555555555556
2022-03-21T17:20:51,65,1,180,0.3611111111111111,0.005555555555555556
2022-03-21T17:29:26,65,1,180,0.3611111111111111,0.005555555555555556
2022-03-21T17:38:01,65,1,180,0.3611111111111111,0.005555555555555556
2022-03-21T17:46:36,65,1,180,0.3611111111111111,0.005555555555555556
2022-03-21T17:55:11,65,1,180,0.3611111111111111,0.005555555555555556
2022-03-21T18:03:46,65,1,180,0.3611111111111111,0.005555555555555556
2022-03-21T18:12:21,65,1,180,0.3611111111111111,0.005555555555555556
2022-03-21T18:21:07,65,1,180,0.3611111111111111,0.005555555555555556
2022-03-21T18:29:42,65,1,180,0.3611111111111111,0.005555555555555556
2022-03-21T18:38:17,65,1,180,0.3611111111111111,0.005555555555555556
2022-03-21T18:46:52,65,1,180,0.3611111111111111,0.005555555555555556
2022-03-21T18:55:27,65,1,180,0.3611111111111111,0.005555555555555556
2022-03-21T19:04:02,65,1,180,0.3611111111111111,0.005555555555555556
2022-03-21T19:12:36,65,1,180,0.3611111111111111,0.005555555555555556
2022-03-21T19:21:11,65,1,180,0.3611111111111111,0.005555555555555556
2022-03-21T19:29:46,65,1,180,0.3611111111111111,0.005555555555555556
2022-03-21T19:38:32,65,1,180,0.3611111111111111,0.005555555555555556
2022-03-21T19:47:07,65,1,180,0.3611111111111111,0.005555555555555556
2022-03-21T19:55:42,65,1,180,0.3611111111111111,0.005555555555555556
2022-03-21T20:04:17,65,1,180,0.3611111111111111,0.005555555555555556
2022-03-21T20:12:52,65,1,180,0.3611111111111111,0.005555555555555556
2022-03-21T20:21:27,65,1,180,0.3611111111111111,0.005555555555555556
2022-03-21T20:30:02,65,1,180,0.3611111111111111,0.005555555555555556
2022-03-21T20:38:36,65,1,180,0.3611111111111111,0.005555555555555556
2022-03-21T20:47:21,65,1,180,0.3611111111111111,0.005555555555555556
2022-03-21T20:55:56,65,1,180,0.3611111111111111,0.005555555555555556
2022-03-21T21:04:32,65,1,180,0.3611111111111111,0.005555555555555556
2022-03-21T21:13:07,65,1,180,0.3611111111111111,0.005555555555555556
2022-03-21T21:21:42,65,1,180,0.3611111111111111,0.005555555555555556
2022-03-21T21:30:17,65,1,180,0.3611111111111111,0.005555555555555556
2022-03-21T21:38:52,65,1,180,0.3611111111111111,0.005555555555555556
2022-03-21T21:47:39,65,1,180,0.3611111111111111,0.005555555555555556
2022-03-21T21:56:14,65,1,180,0.3611111111111111,0.005555555555555556
2022-03-21T22:04:49,65,1,180,0.3611111111111111,0.005555555555555556
2022-03-21T22:13:25,65,1,180,0.3611111111111111,0.005555555555555556
2022-03-21T22:22:00,65,1,180,0.3611111111111111,0.005555555555555556
2022-03-21T22:30:35,64,0,180,0.35555555555555557,0.0
2022-03-21T22:39:11,64,0,180,0.35555555555555557,0.0
2022-03-21T22:47:56,64,0,180,0.35555555555555557,0.0
2022-03-21T22:56:31,63,0,180,0.35,0.0
2022-03-21T23:05:06,63,0,180,0.35,0.0
2022-03-21T23:13:41,63,0,180,0.35,0.0
2022-03-21T23:22:16,63,0,180,0.35,0.0
2022-03-21T23:30:51,63,0,180,0.35,0.0
2022-03-21T23:39:26,63,0,180,0.35,0.0
2022-03-21T23:48:12,63,0,180,0.35,0.0
2022-03-21T23:56:47,63,0,180,0.35,0.0
2022-03-22T00:05:22,63,0,180,0.35,0.0
2022-03-22T00:13:57,63,0,180,0.35,0.0
2022-03-22T00:22:32,63,0,180,0.35,0.0
2022-03-22T00:31:07,63,0,180,0.35,0.0
2022-03-22T00:39:43,63,0,180,0.35,0.0
2022-03-22T00:48:18,63,0,180,0.35,0.0
2022-03-22T00:57:03,63,0,180,0.35,0.0
2022-03-22T01:05:39,63,0,180,0.35,0.0
2022-03-22T01:14:14,63,0,180,0.35,0.0
2022-03-22T01:22:49,63,0,180,0.35,0.0
2022-03-22T01:31:25,63,0,180,0.35,0.0
2022-03-22T01:40:00,63,0,180,0.35,0.0
2022-03-22T01:48:35,63,0,180,0.35,0.0
2022-03-22T01:57:10,63,0,180,0.35,0.0
2022-03-22T02:05:57,63,0,180,0.35,0.0
2022-03-22T02:14:32,63,0,180,0.35,0.0
2022-03-22T02:23:07,63,0,180,0.35,0.0
2022-03-22T02:31:42,63,0,180,0.35,0.0
2022-03-22T02:40:18,63,0,180,0.35,0.0
2022-03-22T02:48:53,63,0,180,0.35,0.0
2022-03-22T02:57:27,63,0,180,0.35,0.0
2022-03-22T03:06:02,63,0,180,0.35,0.0
2022-03-22T03:14:37,63,0,180,0.35,0.0
2022-03-22T03:23:12,63,0,180,0.35,0.0
2022-03-22T03:31:47,63,0,180,0.35,0.0
2022-03-22T03:40:22,63,0,180,0.35,0.0
2022-03-22T03:48:57,63,0,180,0.35,0.0
2022-03-22T03:57:45,63,0,180,0.35,0.0
2022-03-22T04:06:21,63,0,180,0.35,0.0
2022-03-22T04:14:56,63,0,180,0.35,0.0
2022-03-22T04:27:46,63,0,180,0.35,0.0
2022-03-22T04:36:33,63,0,180,0.35,0.0
2022-03-22T04:45:09,63,0,180,0.35,0.0
2022-03-22T04:53:44,63,0,180,0.35,0.0
2022-03-22T05:02:20,63,0,180,0.35,0.0
2022-03-22T05:10:56,63,0,180,0.35,0.0
2022-03-22T05:19:31,63,0,180,0.35,0.0
2022-03-22T05:28:07,63,0,180,0.35,0.0
2022-03-22T05:36:42,63,0,180,0.35,0.0
2022-03-22T05:45:17,63,0,180,0.35,0.0
2022-03-22T05:53:53,63,0,180,0.35,0.0
2022-03-22T06:02:28,63,0,180,0.35,0.0
2022-03-22T06:11:03,63,0,180,0.35,0.0
2022-03-22T06:19:39,63,0,180,0.35,0.0
2022-03-22T06:28:14,63,0,180,0.35,0.0
2022-03-22T06:36:49,63,0,180,0.35,0.0
2022-03-22T06:45:25,63,0,180,0.35,0.0
2022-03-22T06:54:00,63,0,180,0.35,0.0
2022-03-22T07:02:35,63,0,180,0.35,0.0
2022-03-22T07:11:11,63,0,180,0.35,0.0
2022-03-22T07:19:46,63,0,180,0.35,0.0
2022-03-22T07:28:21,63,0,180,0.35,0.0
2022-03-22T07:36:57,63,0,180,0.35,0.0
2022-03-22T07:45:42,63,0,180,0.35,0.0
2022-03-22T07:54:17,63,0,180,0.35,0.0
2022-03-22T08:02:52,63,0,180,0.35,0.0
2022-03-22T08:11:27,63,0,180,0.35,0.0
2022-03-22T08:20:03,63,0,180,0.35,0.0
2022-03-22T08:28:38,63,0,180,0.35,0.0
2022-03-22T08:37:14,63,0,180,0.35,0.0
2022-03-22T08:45:51,63,0,180,0.35,0.0
2022-03-22T08:54:26,63,0,180,0.35,0.0
2022-03-22T09:03:07,63,0,180,0.35,0.0
2022-03-22T09:11:42,63,0,180,0.35,0.0
2022-03-22T09:20:18,63,0,180,0.35,0.0
2022-03-22T09:28:53,63,0,180,0.35,0.0
2022-03-22T09:37:28,63,0,180,0.35,0.0
2022-03-22T09:46:03,63,0,180,0.35,0.0
2022-03-22T09:54:39,63,0,180,0.35,0.0
2022-03-22T10:03:14,63,0,180,0.35,0.0
2022-03-22T10:11:59,63,0,180,0.35,0.0
2022-03-22T10:20:35,63,0,180,0.35,0.0
2022-03-22T10:29:10,63,0,180,0.35,0.0
2022-03-22T10:37:45,63,0,180,0.35,0.0
2022-03-22T10:46:20,63,0,180,0.35,0.0
2022-03-22T10:55:07,63,0,180,0.35,0.0
2022-03-22T11:03:42,63,0,180,0.35,0.0
2022-03-22T11:12:17,63,0,180,0.35,0.0
2022-03-22T11:20:53,63,0,180,0.35,0.0
2022-03-22T11:29:37,63,0,180,0.35,0.0
2022-03-22T11:38:13,63,0,180,0.35,0.0
2022-03-22T11:46:48,63,0,180,0.35,0.0
2022-03-22T11:55:23,63,0,180,0.35,0.0
2022-03-22T12:03:58,63,0,180,0.35,0.0
2022-03-22T12:12:50,63,0,180,0.35,0.0
2022-03-22T12:21:26,63,0,180,0.35,0.0
2022-03-22T12:30:01,63,0,180,0.35,0.0
2022-03-22T12:38:36,63,0,180,0.35,0.0
2022-03-22T12:47:21,63,0,180,0.35,0.0
2022-03-22T12:55:57,63,0,180,0.35,0.0
2022-03-22T13:04:32,63,0,180,0.35,0.0
2022-03-22T13:13:07,63,0,180,0.35,0.0
2022-03-22T13:21:53,63,0,180,0.35,0.0
2022-03-22T13:30:28,63,0,180,0.35,0.0
2022-03-22T13:39:03,63,0,180,0.35,0.0
2022-03-22T13:47:39,63,0,180,0.35,0.0
2022-03-22T13:56:27,63,0,180,0.35,0.0
2022-03-22T14:05:03,63,0,180,0.35,0.0
2022-03-22T14:13:38,63,0,180,0.35,0.0
2022-03-22T14:22:13,63,0,180,0.35,0.0
2022-03-22T14:30:59,63,0,180,0.35,0.0
2022-03-22T14:39:34,63,0,180,0.35,0.0
2022-03-22T14:48:09,63,0,180,0.35,0.0
2022-03-22T14:56:45,63,0,180,0.35,0.0
2022-03-22T15:05:32,63,0,180,0.35,0.0
2022-03-22T15:14:07,63,0,180,0.35,0.0
2022-03-22T15:22:43,63,0,180,0.35,0.0
2022-03-22T15:31:18,64,0,180,0.35555555555555557,0.0
2022-03-22T15:40:03,64,0,180,0.35555555555555557,0.0
2022-03-22T15:48:38,64,0,180,0.35555555555555557,0.0
2022-03-22T15:57:13,64,0,180,0.35555555555555557,0.0
2022-03-22T16:05:49,64,0,180,0.35555555555555557,0.0
2022-03-22T16:14:34,64,0,180,0.35555555555555557,0.0
2022-03-22T16:23:10,64,0,180,0.35555555555555557,0.0
2022-03-22T16:31:45,64,0,180,0.35555555555555557,0.0
2022-03-22T16:40:20,64,0,180,0.35555555555555557,0.0
2022-03-22T16:49:05,64,0,180,0.35555555555555557,0.0
2022-03-22T16:57:40,64,0,180,0.35555555555555557,0.0
2022-03-22T17:06:15,64,0,180,0.35555555555555557,0.0
2022-03-22T17:14:50,64,0,180,0.35555555555555557,0.0
2022-03-22T17:23:25,64,0,180,0.35555555555555557,0.0
2022-03-22T17:32:11,64,0,180,0.35555555555555557,0.0
2022-03-22T17:40:46,64,0,180,0.35555555555555557,0.0
2022-03-22T17:49:21,64,0,180,0.35555555555555557,0.0
2022-03-22T17:57:56,64,0,180,0.35555555555555557,0.0
2022-03-22T18:06:41,64,0,180,0.35555555555555557,0.0
2022-03-22T18:15:16,64,0,180,0.35555555555555557,0.0
2022-03-22T18:23:51,64,0,180,0.35555555555555557,0.0
2022-03-22T18:32:26,64,0,180,0.35555555555555557,0.0
2022-03-22T18:41:01,64,0,180,0.35555555555555557,0.0
2022-03-22T18:49:43,64,0,180,0.35555555555555557,0.0
2022-03-22T18:58:19,64,0,180,0.35555555555555557,0.0
2022-03-22T19:06:54,64,0,180,0.35555555555555557,0.0
2022-03-22T19:15:29,64,0,180,0.35555555555555557,0.0
2022-03-22T19:24:04,64,0,180,0.35555555555555557,0.0
2022-03-22T19:32:48,64,0,180,0.35555555555555557,0.0
2022-03-22T19:41:23,64,0,180,0.35555555555555557,0.0
2022-03-22T19:49:58,64,0,180,0.35555555555555557,0.0
2022-03-22T19:58:33,64,0,180,0.35555555555555557,0.0
2022-03-22T20:07:08,64,0,180,0.35555555555555557,0.0
2022-03-22T20:15:52,64,0,180,0.35555555555555557,0.0
2022-03-22T20:24:27,64,0,180,0.35555555555555557,0.0
2022-03-22T20:33:02,64,0,180,0.35555555555555557,0.0
2022-03-22T20:41:37,64,0,180,0.35555555555555557,0.0
2022-03-22T20:50:12,64,0,180,0.35555555555555557,0.0
2022-03-22T20:58:48,64,0,180,0.35555555555555557,0.0
2022-03-22T21:07:33,64,0,180,0.35555555555555557,0.0
2022-03-22T21:16:09,64,0,180,0.35555555555555557,0.0
2022-03-22T21:24:44,64,0,180,0.35555555555555557,0.0
2022-03-22T21:33:19,64,0,180,0.35555555555555557,0.0
2022-03-22T21:41:57,64,0,180,0.35555555555555557,0.0
2022-03-22T21:50:42,64,0,180,0.35555555555555557,0.0
2022-03-22T21:59:18,64,0,180,0.35555555555555557,0.0
2022-03-22T22:07:53,64,0,180,0.35555555555555557,0.0
2022-03-22T22:16:28,64,0,180,0.35555555555555557,0.0
2022-03-22T22:25:05,64,0,180,0.35555555555555557,0.0
2022-03-22T22:33:51,64,0,180,0.35555555555555557,0.0
2022-03-22T22:42:26,64,0,180,0.35555555555555557,0.0
2022-03-22T22:51:01,64,0,180,0.35555555555555557,0.0
2022-03-22T22:59:37,64,0,180,0.35555555555555557,0.0
2022-03-22T23:08:22,64,0,180,0.35555555555555557,0.0
2022-03-22T23:16:57,64,0,180,0.35555555555555557,0.0
2022-03-22T23:25:33,64,0,180,0.35555555555555557,0.0
2022-03-22T23:34:10,64,0,180,0.35555555555555557,0.0
2022-03-22T23:42:56,64,0,180,0.35555555555555557,0.0
2022-03-22T23:51:31,64,0,180,0.35555555555555557,0.0
2022-03-23T00:00:06,63,0,180,0.35,0.0
2022-03-23T00:08:48,63,0,180,0.35,0.0
2022-03-23T00:17:34,63,0,180,0.35,0.0
2022-03-23T00:26:10,63,0,180,0.35,0.0
2022-03-23T00:34:46,63,0,180,0.35,0.0
2022-03-23T00:43:22,63,0,180,0.35,0.0
2022-03-23T00:52:08,63,0,180,0.35,0.0
2022-03-23T01:00:53,63,0,180,0.35,0.0
2022-03-23T01:09:28,63,0,180,0.35,0.0
2022-03-23T01:18:05,63,0,180,0.35,0.0
2022-03-23T01:26:56,63,0,180,0.35,0.0
2022-03-23T01:35:31,63,0,180,0.35,0.0
2022-03-23T01:44:08,63,0,180,0.35,0.0
2022-03-23T01:52:44,63,0,180,0.35,0.0
2022-03-23T02:01:20,63,0,180,0.35,0.0
2022-03-23T02:10:08,63,0,180,0.35,0.0
2022-03-23T02:18:43,63,0,180,0.35,0.0
2022-03-23T02:27:18,63,0,180,0.35,0.0
2022-03-23T02:35:53,63,0,180,0.35,0.0
2022-03-23T02:44:28,63,0,180,0.35,0.0
2022-03-23T02:53:03,63,0,180,0.35,0.0
2022-03-23T03:01:37,63,0,180,0.35,0.0
2022-03-23T03:10:21,63,0,180,0.35,0.0
2022-03-23T03:18:56,63,0,180,0.35,0.0
2022-03-23T03:27:31,63,0,180,0.35,0.0
2022-03-23T03:36:07,63,0,180,0.35,0.0
2022-03-23T03:44:42,63,0,180,0.35,0.0
2022-03-23T03:53:17,63,0,180,0.35,0.0
2022-03-23T04:01:52,63,0,180,0.35,0.0
2022-03-23T04:10:28,63,0,180,0.35,0.0
2022-03-23T04:24:54,63,0,180,0.35,0.0
2022-03-23T04:33:49,63,0,180,0.35,0.0
2022-03-23T04:42:25,63,0,180,0.35,0.0
2022-03-23T04:51:00,63,0,180,0.35,0.0
2022-03-23T04:59:35,63,0,180,0.35,0.0
2022-03-23T05:08:11,63,0,180,0.35,0.0
2022-03-23T05:17:52,63,0,180,0.35,0.0
2022-03-23T05:27:05,63,0,180,0.35,0.0
2022-03-23T05:35:40,63,0,180,0.35,0.0
2022-03-23T05:44:15,63,0,180,0.35,0.0
2022-03-23T05:52:50,63,0,180,0.35,0.0
2022-03-23T06:01:26,63,0,180,0.35,0.0
2022-03-23T06:10:01,63,0,180,0.35,0.0
2022-03-23T06:18:36,63,0,180,0.35,0.0
2022-03-23T06:27:11,63,0,180,0.35,0.0
2022-03-23T06:35:47,63,0,180,0.35,0.0
2022-03-23T06:44:22,63,0,180,0.35,0.0
2022-03-23T06:52:57,63,0,180,0.35,0.0
2022-03-23T07:01:43,63,0,180,0.35,0.0
2022-03-23T07:10:18,63,0,180,0.35,0.0
2022-03-23T07:18:53,63,0,180,0.35,0.0
2022-03-23T07:27:29,63,0,180,0.35,0.0
2022-03-23T07:36:04,63,0,180,0.35,0.0
2022-03-23T07:44:39,63,0,180,0.35,0.0
2022-03-23T07:53:14,63,0,180,0.35,0.0
2022-03-23T08:01:49,63,0,180,0.35,0.0
2022-03-23T08:10:34,63,0,180,0.35,0.0
2022-03-23T08:19:09,63,0,180,0.35,0.0
2022-03-23T08:27:45,63,0,180,0.35,0.0
2022-03-23T08:36:20,63,0,180,0.35,0.0
2022-03-23T08:44:55,63,0,180,0.35,0.0
2022-03-23T08:53:30,63,0,180,0.35,0.0
2022-03-23T09:02:06,63,0,180,0.35,0.0
2022-03-23T09:10:54,63,0,180,0.35,0.0
2022-03-23T09:19:30,63,0,180,0.35,0.0
2022-03-23T09:28:05,63,0,180,0.35,0.0
2022-03-23T09:36:40,63,0,180,0.35,0.0
2022-03-23T09:45:16,63,0,180,0.35,0.0
2022-03-23T09:54:02,63,0,180,0.35,0.0
2022-03-23T10:02:37,63,0,180,0.35,0.0
2022-03-23T10:11:13,63,0,180,0.35,0.0
2022-03-23T10:19:48,63,0,180,0.35,0.0
2022-03-23T10:28:33,63,0,180,0.35,0.0
2022-03-23T10:37:08,63,0,180,0.35,0.0
2022-03-23T10:45:44,63,0,180,0.35,0.0
2022-03-23T10:54:20,63,0,180,0.35,0.0
2022-03-23T11:03:07,63,0,180,0.35,0.0
2022-03-23T11:11:42,63,0,180,0.35,0.0
2022-03-23T11:20:17,63,0,180,0.35,0.0
2022-03-23T11:28:52,63,0,180,0.35,0.0
2022-03-23T11:37:37,63,0,180,0.35,0.0
2022-03-23T11:46:12,63,0,180,0.35,0.0
2022-03-23T11:54:48,63,0,180,0.35,0.0
2022-03-23T12:03:23,63,0,180,0.35,0.0
2022-03-23T12:12:08,63,0,180,0.35,0.0
2022-03-23T12:20:43,63,0,180,0.35,0.0
2022-03-23T12:29:18,63,0,180,0.35,0.0
2022-03-23T12:37:53,63,0,180,0.35,0.0
2022-03-23T12:46:28,63,0,180,0.35,0.0
2022-03-23T12:55:15,62,0,180,0.34444444444444444,0.0
2022-03-23T13:03:50,62,0,180,0.34444444444444444,0.0
2022-03-23T13:12:25,62,0,180,0.34444444444444444,0.0
2022-03-23T13:21:01,62,0,180,0.34444444444444444,0.0
2022-03-23T13:29:47,62,0,180,0.34444444444444444,0.0
2022-03-23T13:38:22,62,0,180,0.34444444444444444,0.0
2022-03-23T13:46:57,62,0,180,0.34444444444444444,0.0
2022-03-23T13:55:32,62,0,180,0.34444444444444444,0.0
2022-03-23T14:04:20,62,0,180,0.34444444444444444,0.0
2022-03-23T14:12:55,62,0,180,0.34444444444444444,0.0
2022-03-23T14:21:31,62,0,180,0.34444444444444444,0.0
2022-03-23T14:30:06,62,0,180,0.34444444444444444,0.0
2022-03-23T14:38:50,62,0,180,0.34444444444444444,0.0
2022-03-23T14:47:26,62,0,180,0.34444444444444444,0.0
2022-03-23T14:56:01,62,0,180,0.34444444444444444,0.0
2022-03-23T15:04:36,62,0,180,0.34444444444444444,0.0
2022-03-23T15:13:11,62,0,180,0.34444444444444444,0.0
2022-03-23T15:21:46,62,0,180,0.34444444444444444,0.0
2022-03-23T15:30:31,62,0,180,0.34444444444444444,0.0
2022-03-23T15:39:06,62,0,180,0.34444444444444444,0.0
2022-03-23T15:47:41,62,0,180,0.34444444444444444,0.0
2022-03-23T15:56:16,62,0,180,0.34444444444444444,0.0
2022-03-23T16:04:51,62,0,180,0.34444444444444444,0.0
2022-03-23T16:13:26,62,0,180,0.34444444444444444,0.0
2022-03-23T16:22:01,62,0,180,0.34444444444444444,0.0
2022-03-23T16:30:47,62,0,180,0.34444444444444444,0.0
2022-03-23T16:39:22,62,0,180,0.34444444444444444,0.0
2022-03-23T16:47:57,62,0,180,0.34444444444444444,0.0
2022-03-23T16:56:31,62,0,180,0.34444444444444444,0.0
2022-03-23T17:05:06,62,0,180,0.34444444444444444,0.0
2022-03-23T17:13:41,62,0,180,0.34444444444444444,0.0
2022-03-23T17:22:28,62,0,180,0.34444444444444444,0.0
2022-03-23T17:31:03,62,0,180,0.34444444444444444,0.0
2022-03-23T17:39:38,62,0,180,0.34444444444444444,0.0
2022-03-23T17:48:13,62,0,180,0.34444444444444444,0.0
2022-03-23T17:56:48,62,0,180,0.34444444444444444,0.0
2022-03-23T18:05:23,62,0,180,0.34444444444444444,0.0
2022-03-23T18:14:00,62,0,180,0.34444444444444444,0.0
2022-03-23T18:22:40,62,0,180,0.34444444444444444,0.0
2022-03-23T18:31:15,62,0,180,0.34444444444444444,0.0
2022-03-23T18:39:49,62,0,180,0.34444444444444444,0.0
2022-03-23T18:48:24,62,0,180,0.34444444444444444,0.0
2022-03-23T18:57:08,62,0,180,0.34444444444444444,0.0
2022-03-23T19:05:42,62,0,180,0.34444444444444444,0.0
2022-03-23T19:14:17,62,0,180,0.34444444444444444,0.0
2022-03-23T19:22:52,62,0,180,0.34444444444444444,0.0
2022-03-23T19:31:27,62,0,180,0.34444444444444444,0.0
2022-03-23T19:40:11,62,0,180,0.34444444444444444,0.0
2022-03-23T19:48:45,62,0,180,0.34444444444444444,0.0
2022-03-23T19:57:20,62,0,180,0.34444444444444444,0.0
2022-03-23T20:05:55,62,0,180,0.34444444444444444,0.0
2022-03-23T20:14:30,62,0,180,0.34444444444444444,0.0
2022-03-23T20:23:05,62,0,180,0.34444444444444444,0.0
2022-03-23T20:31:49,62,0,180,0.34444444444444444,0.0
2022-03-23T20:40:24,62,0,180,0.34444444444444444,0.0
2022-03-23T20:48:59,62,0,180,0.34444444444444444,0.0
2022-03-23T20:57:35,62,0,180,0.34444444444444444,0.0
2022-03-23T21:06:09,62,0,180,0.34444444444444444,0.0
2022-03-23T21:14:44,62,0,180,0.34444444444444444,0.0
2022-03-23T21:23:28,62,0,180,0.34444444444444444,0.0
2022-03-23T21:32:03,62,0,180,0.34444444444444444,0.0
2022-03-23T21:40:38,62,0,180,0.34444444444444444,0.0
2022-03-23T21:49:12,62,0,180,0.34444444444444444,0.0
2022-03-23T21:57:47,62,0,180,0.34444444444444444,0.0
2022-03-23T22:06:33,62,0,180,0.34444444444444444,0.0
2022-03-23T22:15:08,62,0,180,0.34444444444444444,0.0
2022-03-23T22:23:43,62,0,180,0.34444444444444444,0.0
2022-03-23T22:32:17,62,0,180,0.34444444444444444,0.0
2022-03-23T22:40:52,62,0,180,0.34444444444444444,0.0
2022-03-23T22:49:27,62,0,180,0.34444444444444444,0.0
2022-03-23T22:58:12,62,0,180,0.34444444444444444,0.0
2022-03-23T23:06:46,62,0,180,0.34444444444444444,0.0
2022-03-23T23:15:21,62,0,180,0.34444444444444444,0.0
2022-03-23T23:23:56,62,0,180,0.34444444444444444,0.0
2022-03-23T23:32:31,62,0,180,0.34444444444444444,0.0
2022-03-23T23:41:06,62,0,180,0.34444444444444444,0.0
2022-03-23T23:49:41,62,0,180,0.34444444444444444,0.0
2022-03-23T23:58:29,62,0,180,0.34444444444444444,0.0
2022-03-24T00:07:04,62,0,180,0.34444444444444444,0.0
2022-03-24T00:15:39,62,0,180,0.34444444444444444,0.0
2022-03-24T00:24:14,62,0,180,0.34444444444444444,0.0
2022-03-24T00:32:49,62,0,180,0.34444444444444444,0.0
2022-03-24T00:41:24,62,0,180,0.34444444444444444,0.0
2022-03-24T00:50:00,62,0,180,0.34444444444444444,0.0
2022-03-24T00:58:35,62,0,180,0.34444444444444444,0.0
2022-03-24T01:07:22,62,0,180,0.34444444444444444,0.0
2022-03-24T01:15:57,62,0,180,0.34444444444444444,0.0
2022-03-24T01:24:32,62,0,180,0.34444444444444444,0.0
2022-03-24T01:33:07,62,0,180,0.34444444444444444,0.0
2022-03-24T01:41:42,62,0,180,0.34444444444444444,0.0
2022-03-24T01:50:17,62,0,180,0.34444444444444444,0.0
2022-03-24T01:58:53,62,0,180,0.34444444444444444,0.0
2022-03-24T02:07:28,62,0,180,0.34444444444444444,0.0
2022-03-24T02:16:03,62,0,180,0.34444444444444444,0.0
2022-03-24T02:24:38,62,0,180,0.34444444444444444,0.0
2022-03-24T02:33:13,62,0,180,0.34444444444444444,0.0
2022-03-24T02:41:48,62,0,180,0.34444444444444444,0.0
2022-03-24T02:50:23,62,0,180,0.34444444444444444,0.0
2022-03-24T02:58:59,62,0,180,0.34444444444444444,0.0
2022-03-24T03:07:47,62,0,180,0.34444444444444444,0.0
2022-03-24T03:16:26,62,0,180,0.34444444444444444,0.0
2022-03-24T03:25:02,62,0,180,0.34444444444444444,0.0
2022-03-24T03:33:37,62,0,180,0.34444444444444444,0.0
2022-03-24T03:42:12,62,0,180,0.34444444444444444,0.0
2022-03-24T03:50:47,62,0,180,0.34444444444444444,0.0
2022-03-24T03:59:22,62,0,180,0.34444444444444444,0.0
2022-03-24T04:07:57,62,0,180,0.34444444444444444,0.0
2022-03-24T04:18:28,62,0,180,0.34444444444444444,0.0
2022-03-24T04:29:35,62,0,180,0.34444444444444444,0.0
2022-03-24T04:38:30,62,0,180,0.34444444444444444,0.0
2022-03-24T04:47:06,62,0,180,0.34444444444444444,0.0
2022-03-24T04:55:41,62,0,180,0.34444444444444444,0.0
2022-03-24T05:04:17,62,0,180,0.34444444444444444,0.0
2022-03-24T05:12:53,62,0,180,0.34444444444444444,0.0
2022-03-24T05:21:29,62,0,180,0.34444444444444444,0.0
2022-03-24T05:30:04,62,0,180,0.34444444444444444,0.0
2022-03-24T05:38:39,62,0,180,0.34444444444444444,0.0
2022-03-24T05:47:15,62,0,180,0.34444444444444444,0.0
2022-03-24T05:55:50,62,0,180,0.34444444444444444,0.0
2022-03-24T06:04:25,62,0,180,0.34444444444444444,0.0
2022-03-24T06:13:01,62,0,180,0.34444444444444444,0.0
2022-03-24T06:21:37,62,0,180,0.34444444444444444,0.0
2022-03-24T06:30:12,62,0,180,0.34444444444444444,0.0
2022-03-24T06:38:47,62,0,180,0.34444444444444444,0.0
2022-03-24T06:47:21,62,0,180,0.34444444444444444,0.0
2022-03-24T06:56:05,62,0,180,0.34444444444444444,0.0
2022-03-24T07:04:40,62,0,180,0.34444444444444444,0.0
2022-03-24T07:13:15,62,0,180,0.34444444444444444,0.0
2022-03-24T07:21:50,62,0,180,0.34444444444444444,0.0
2022-03-24T07:30:26,62,0,180,0.34444444444444444,0.0
2022-03-24T07:39:00,62,0,180,0.34444444444444444,0.0
2022-03-24T07:47:36,62,0,180,0.34444444444444444,0.0
2022-03-24T07:56:11,62,0,180,0.34444444444444444,0.0
2022-03-24T08:04:46,62,0,180,0.34444444444444444,0.0
2022-03-24T08:13:21,61,0,180,0.3388888888888889,0.0
2022-03-24T08:21:56,61,0,180,0.3388888888888889,0.0
2022-03-24T08:30:31,61,0,180,0.3388888888888889,0.0
2022-03-24T08:39:06,61,0,180,0.3388888888888889,0.0
2022-03-24T08:47:42,61,0,180,0.3388888888888889,0.0
2022-03-24T08:56:29,61,0,180,0.3388888888888889,0.0
2022-03-24T09:05:05,61,0,180,0.3388888888888889,0.0
2022-03-24T09:13:42,61,0,180,0.3388888888888889,0.0
2022-03-24T09:22:19,61,0,180,0.3388888888888889,0.0
2022-03-24T09:30:56,61,0,180,0.3388888888888889,0.0
2022-03-24T09:39:33,61,0,180,0.3388888888888889,0.0
2022-03-24T09:48:11,61,0,180,0.3388888888888889,0.0
2022-03-24T09:56:49,61,0,180,0.3388888888888889,0.0
2022-03-24T10:05:26,61,0,180,0.3388888888888889,0.0
2022-03-24T10:14:03,61,0,180,0.3388888888888889,0.0
2022-03-24T10:22:40,61,0,180,0.3388888888888889,0.0
2022-03-24T10:31:17,61,0,180,0.3388888888888889,0.0
2022-03-24T10:39:54,61,0,180,0.3388888888888889,0.0
2022-03-24T10:48:42,61,0,180,0.3388888888888889,0.0
2022-03-24T10:57:18,61,0,180,0.3388888888888889,0.0
2022-03-24T11:05:54,61,0,180,0.3388888888888889,0.0
2022-03-24T11:14:30,61,0,180,0.3388888888888889,0.0
2022-03-24T11:23:07,61,0,180,0.3388888888888889,0.0
2022-03-24T11:31:43,61,0,180,0.3388888888888889,0.0
2022-03-24T11:40:19,61,0,180,0.3388888888888889,0.0
2022-03-24T11:48:55,61,0,180,0.3388888888888889,0.0
2022-03-24T11:57:30,61,0,180,0.3388888888888889,0.0
2022-03-24T12:06:12,61,0,180,0.3388888888888889,0.0
2022-03-24T12:14:47,61,0,180,0.3388888888888889,0.0
2022-03-24T12:23:22,61,0,180,0.3388888888888889,0.0
2022-03-24T12:31:57,61,0,180,0.3388888888888889,0.0
2022-03-24T12:40:32,61,0,180,0.3388888888888889,0.0
2022-03-24T12:49:07,61,0,180,0.3388888888888889,0.0
2022-03-24T12:57:50,61,0,180,0.3388888888888889,0.0
2022-03-24T13:06:25,61,0,180,0.3388888888888889,0.0
2022-03-24T13:15:00,61,0,180,0.3388888888888889,0.0
2022-03-24T13:23:35,61,0,180,0.3388888888888889,0.0
2022-03-24T13:32:10,61,0,180,0.3388888888888889,0.0
2022-03-24T13:40:45,61,0,180,0.3388888888888889,0.0
2022-03-24T13:49:20,61,0,180,0.3388888888888889,0.0
2022-03-24T13:58:05,61,0,180,0.3388888888888889,0.0
2022-03-24T14:06:40,61,0,180,0.3388888888888889,0.0
2022-03-24T14:15:15,61,0,180,0.3388888888888889,0.0
2022-03-24T14:23:50,61,0,180,0.3388888888888889,0.0
2022-03-24T14:32:25,61,0,180,0.3388888888888889,0.0
2022-03-24T14:41:00,61,0,180,0.3388888888888889,0.0
2022-03-24T14:49:35,61,0,180,0.3388888888888889,0.0
2022-03-24T14:58:10,61,0,180,0.3388888888888889,0.0
2022-03-24T15:06:58,61,0,180,0.3388888888888889,0.0
2022-03-24T15:15:33,61,0,180,0.3388888888888889,0.0
2022-03-24T15:24:08,61,0,180,0.3388888888888889,0.0
2022-03-24T15:32:43,61,0,180,0.3388888888888889,0.0
2022-03-24T15:41:18,61,0,180,0.3388888888888889,0.0
2022-03-24T15:49:53,61,0,180,0.3388888888888889,0.0
2022-03-24T15:58:28,61,0,180,0.3388888888888889,0.0
2022-03-24T16:07:03,61,0,180,0.3388888888888889,0.0
2022-03-24T16:15:49,61,0,180,0.3388888888888889,0.0
2022-03-24T16:24:24,61,0,180,0.3388888888888889,0.0
2022-03-24T16:33:00,61,0,180,0.3388888888888889,0.0
2022-03-24T16:41:34,61,0,180,0.3388888888888889,0.0
2022-03-24T16:50:09,61,0,180,0.3388888888888889,0.0
2022-03-24T16:58:44,61,0,180,0.3388888888888889,0.0
2022-03-24T17:07:19,61,0,180,0.3388888888888889,0.0
2022-03-24T17:15:54,61,0,180,0.3388888888888889,0.0
2022-03-24T17:24:29,61,0,180,0.3388888888888889,0.0
2022-03-24T17:33:04,61,0,180,0.3388888888888889,0.0
2022-03-24T17:41:48,61,0,180,0.3388888888888889,0.0
2022-03-24T17:50:23,61,0,180,0.3388888888888889,0.0
2022-03-24T17:58:58,61,0,180,0.3388888888888889,0.0
2022-03-24T18:07:33,62,0,180,0.34444444444444444,0.0
2022-03-24T18:16:08,62,0,180,0.34444444444444444,0.0
2022-03-24T18:24:42,62,0,180,0.34444444444444444,0.0
2022-03-24T18:33:17,62,0,180,0.34444444444444444,0.0
2022-03-24T18:42:01,62,0,180,0.34444444444444444,0.0
2022-03-24T18:50:36,62,0,180,0.34444444444444444,0.0
2022-03-24T18:59:11,62,0,180,0.34444444444444444,0.0
2022-03-24T19:07:46,62,0,180,0.34444444444444444,0.0
2022-03-24T19:16:21,62,0,180,0.34444444444444444,0.0
2022-03-24T19:24:56,62,0,180,0.34444444444444444,0.0
2022-03-24T19:33:30,62,0,180,0.34444444444444444,0.0
2022-03-24T19:42:05,62,0,180,0.34444444444444444,0.0
2022-03-24T19:50:49,62,0,180,0.34444444444444444,0.0
2022-03-24T19:59:24,62,0,180,0.34444444444444444,0.0
2022-03-24T20:07:59,62,0,180,0.34444444444444444,0.0
2022-03-24T20:16:33,62,0,180,0.34444444444444444,0.0
2022-03-24T20:25:08,62,0,180,0.34444444444444444,0.0
2022-03-24T20:33:43,62,0,180,0.34444444444444444,0.0
2022-03-24T20:42:18,62,0,180,0.34444444444444444,0.0
2022-03-24T20:51:01,62,0,180,0.34444444444444444,0.0
2022-03-24T20:59:36,62,0,180,0.34444444444444444,0.0
2022-03-24T21:08:11,62,0,180,0.34444444444444444,0.0
2022-03-24T21:16:45,62,0,180,0.34444444444444444,0.0
2022-03-24T21:25:20,62,0,180,0.34444444444444444,0.0
2022-03-24T21:33:55,62,0,180,0.34444444444444444,0.0
2022-03-24T21:42:30,62,0,180,0.34444444444444444,0.0
2022-03-24T21:51:15,62,0,180,0.34444444444444444,0.0
2022-03-24T21:59:50,62,0,180,0.34444444444444444,0.0
2022-03-24T22:08:25,62,0,180,0.34444444444444444,0.0
2022-03-24T22:17:00,62,0,180,0.34444444444444444,0.0
2022-03-24T22:25:35,62,0,180,0.34444444444444444,0.0
2022-03-24T22:34:09,62,0,180,0.34444444444444444,0.0
2022-03-24T22:42:44,62,0,180,0.34444444444444444,0.0
2022-03-24T22:51:19,62,0,180,0.34444444444444444,0.0
2022-03-24T22:59:54,62,0,180,0.34444444444444444,0.0
2022-03-24T23:08:40,62,0,180,0.34444444444444444,0.0
2022-03-24T23:17:15,62,0,180,0.34444444444444444,0.0
2022-03-24T23:25:50,62,0,180,0.34444444444444444,0.0
2022-03-24T23:34:25,62,0,180,0.34444444444444444,0.0
2022-03-24T23:43:00,62,0,180,0.34444444444444444,0.0
2022-03-24T23:51:34,62,0,180,0.34444444444444444,0.0
2022-03-25T00:00:09,62,0,180,0.34444444444444444,0.0
2022-03-25T00:08:44,62,0,180,0.34444444444444444,0.0
2022-03-25T00:17:20,62,0,180,0.34444444444444444,0.0
2022-03-25T00:26:05,62,0,180,0.34444444444444444,0.0
2022-03-25T00:34:41,62,0,180,0.34444444444444444,0.0
2022-03-25T00:43:16,62,0,180,0.34444444444444444,0.0
2022-03-25T00:51:52,62,0,180,0.34444444444444444,0.0
2022-03-25T01:00:27,62,0,180,0.34444444444444444,0.0
2022-03-25T01:09:02,62,0,180,0.34444444444444444,0.0
2022-03-25T01:17:38,62,0,180,0.34444444444444444,0.0
2022-03-25T01:26:14,62,0,180,0.34444444444444444,0.0
2022-03-25T01:34:51,62,0,180,0.34444444444444444,0.0
2022-03-25T01:43:26,62,0,180,0.34444444444444444,0.0
2022-03-25T01:52:02,62,0,180,0.34444444444444444,0.0
2022-03-25T02:00:38,62,0,180,0.34444444444444444,0.0
2022-03-25T02:09:15,62,0,180,0.34444444444444444,0.0
2022-03-25T02:17:50,62,0,180,0.34444444444444444,0.0
2022-03-25T02:26:26,62,0,180,0.34444444444444444,0.0
2022-03-25T02:35:01,62,0,180,0.34444444444444444,0.0
2022-03-25T02:43:48,62,0,180,0.34444444444444444,0.0
2022-03-25T02:52:23,62,0,180,0.34444444444444444,0.0
2022-03-25T03:00:59,62,0,180,0.34444444444444444,0.0
2022-03-25T03:09:34,62,0,180,0.34444444444444444,0.0
2022-03-25T03:18:33,62,0,180,0.34444444444444444,0.0
2022-03-25T03:27:08,62,0,180,0.34444444444444444,0.0
2022-03-25T03:35:43,62,0,180,0.34444444444444444,0.0
2022-03-25T03:44:18,62,0,180,0.34444444444444444,0.0
2022-03-25T03:52:54,62,0,180,0.34444444444444444,0.0
2022-03-25T04:01:29,62,0,180,0.34444444444444444,0.0
2022-03-25T04:16:50,62,0,180,0.34444444444444444,0.0
2022-03-25T04:25:26,62,0,180,0.34444444444444444,0.0
2022-03-25T04:35:14,62,0,180,0.34444444444444444,0.0
2022-03-25T04:44:05,62,0,180,0.34444444444444444,0.0
2022-03-25T04:52:40,62,0,180,0.34444444444444444,0.0
2022-03-25T05:01:16,62,0,180,0.34444444444444444,0.0
2022-03-25T05:09:51,62,0,180,0.34444444444444444,0.0
2022-03-25T05:18:27,62,0,180,0.34444444444444444,0.0
2022-03-25T05:27:02,62,0,180,0.34444444444444444,0.0
2022-03-25T05:35:38,62,0,180,0.34444444444444444,0.0
2022-03-25T05:44:14,62,0,180,0.34444444444444444,0.0
2022-03-25T05:52:49,62,0,180,0.34444444444444444,0.0
2022-03-25T06:01:24,62,0,180,0.34444444444444444,0.0
2022-03-25T06:09:59,62,0,180,0.34444444444444444,0.0
2022-03-25T06:18:34,62,0,180,0.34444444444444444,0.0
2022-03-25T06:27:10,62,0,180,0.34444444444444444,0.0
2022-03-25T06:35:45,62,0,180,0.34444444444444444,0.0
2022-03-25T06:44:20,62,0,180,0.34444444444444444,0.0
2022-03-25T06:52:55,62,0,180,0.34444444444444444,0.0
2022-03-25T07:01:31,62,0,180,0.34444444444444444,0.0
2022-03-25T07:10:14,62,0,180,0.34444444444444444,0.0
2022-03-25T07:18:49,62,0,180,0.34444444444444444,0.0
2022-03-25T07:27:24,62,0,180,0.34444444444444444,0.0
2022-03-25T07:35:59,62,0,180,0.34444444444444444,0.0
2022-03-25T07:44:34,62,0,180,0.34444444444444444,0.0
2022-03-25T07:53:09,62,0,180,0.34444444444444444,0.0
2022-03-25T08:01:44,62,0,180,0.34444444444444444,0.0
2022-03-25T08:10:19,62,0,180,0.34444444444444444,0.0
2022-03-25T08:18:54,62,0,180,0.34444444444444444,0.0
2022-03-25T08:27:30,62,0,180,0.34444444444444444,0.0
2022-03-25T08:36:05,62,0,180,0.34444444444444444,0.0
2022-03-25T08:44:40,62,0,180,0.34444444444444444,0.0
2022-03-25T08:53:15,62,0,180,0.34444444444444444,0.0
2022-03-25T09:01:50,62,0,180,0.34444444444444444,0.0
2022-03-25T09:10:38,62,0,180,0.34444444444444444,0.0
2022-03-25T09:19:13,62,0,180,0.34444444444444444,0.0
2022-03-25T09:27:48,62,0,180,0.34444444444444444,0.0
2022-03-25T09:36:23,62,0,180,0.34444444444444444,0.0
2022-03-25T09:44:57,62,0,180,0.34444444444444444,0.0
2022-03-25T09:53:32,62,0,180,0.34444444444444444,0.0
2022-03-25T10:02:07,62,0,180,0.34444444444444444,0.0
2022-03-25T10:10:42,62,0,180,0.34444444444444444,0.0
2022-03-25T10:19:17,62,0,180,0.34444444444444444,0.0
2022-03-25T10:28:03,62,0,180,0.34444444444444444,0.0
2022-03-25T10:36:38,62,0,180,0.34444444444444444,0.0
2022-03-25T10:45:13,62,0,180,0.34444444444444444,0.0
2022-03-25T10:53:48,62,0,180,0.34444444444444444,0.0
2022-03-25T11:02:23,62,0,180,0.34444444444444444,0.0
2022-03-25T11:10:57,62,0,180,0.34444444444444444,0.0
2022-03-25T11:19:32,62,0,180,0.34444444444444444,0.0
2022-03-25T11:28:07,62,0,180,0.34444444444444444,0.0
2022-03-25T11:36:49,62,0,180,0.34444444444444444,0.0
2022-03-25T11:45:24,62,0,180,0.34444444444444444,0.0
2022-03-25T11:53:59,62,0,180,0.34444444444444444,0.0
2022-03-25T12:02:34,62,0,180,0.34444444444444444,0.0
2022-03-25T12:11:09,62,0,180,0.34444444444444444,0.0
2022-03-25T12:19:43,62,0,180,0.34444444444444444,0.0
2022-03-25T12:28:28,62,0,180,0.34444444444444444,0.0
2022-03-25T12:37:03,63,0,180,0.35,0.0
2022-03-25T12:45:38,63,0,180,0.35,0.0
2022-03-25T12:54:12,63,0,180,0.35,0.0
2022-03-25T13:02:47,63,0,180,0.35,0.0
2022-03-25T13:11:22,63,0,180,0.35,0.0
2022-03-25T13:19:56,63,0,180,0.35,0.0
2022-03-25T13:28:41,63,0,180,0.35,0.0
2022-03-25T13:37:16,63,0,180,0.35,0.0
2022-03-25T13:45:51,63,0,180,0.35,0.0
2022-03-25T13:54:26,63,0,180,0.35,0.0
2022-03-25T14:03:01,63,0,180,0.35,0.0
2022-03-25T14:11:36,63,0,180,0.35,0.0
2022-03-25T14:20:20,63,0,180,0.35,0.0
2022-03-25T14:28:55,63,0,180,0.35,0.0
2022-03-25T14:37:30,63,0,180,0.35,0.0
2022-03-25T14:46:05,63,0,180,0.35,0.0
2022-03-25T14:54:40,63,0,180,0.35,0.0
2022-03-25T15:03:15,63,0,180,0.35,0.0
2022-03-25T15:11:49,63,0,180,0.35,0.0
2022-03-25T15:20:24,63,0,180,0.35,0.0
2022-03-25T15:29:09,63,0,180,0.35,0.0
2022-03-25T15:37:44,63,0,180,0.35,0.0
2022-03-25T15:46:19,63,0,180,0.35,0.0
2022-03-25T15:54:54,63,0,180,0.35,0.0
2022-03-25T16:03:28,63,0,180,0.35,0.0
2022-03-25T16:12:03,63,0,180,0.35,0.0
2022-03-25T16:20:38,63,0,180,0.35,0.0
2022-03-25T16:29:19,63,0,180,0.35,0.0
2022-03-25T16:37:54,63,0,180,0.35,0.0
2022-03-25T16:46:29,63,0,180,0.35,0.0
2022-03-25T16:55:04,63,0,180,0.35,0.0
2022-03-25T17:03:38,63,0,180,0.35,0.0
2022-03-25T17:12:13,63,0,180,0.35,0.0
2022-03-25T17:20:48,63,0,180,0.35,0.0
2022-03-25T17:29:22,63,0,180,0.35,0.0
2022-03-25T17:37:57,63,0,180,0.35,0.0
2022-03-25T17:46:41,63,0,180,0.35,0.0
2022-03-25T17:55:16,63,0,180,0.35,0.0
2022-03-25T18:03:52,63,0,180,0.35,0.0
2022-03-25T18:12:27,63,0,180,0.35,0.0
2022-03-25T18:21:02,63,0,180,0.35,0.0
2022-03-25T18:29:37,63,0,180,0.35,0.0
2022-03-25T18:38:11,63,0,180,0.35,0.0
2022-03-25T18:46:46,63,0,180,0.35,0.0
2022-03-25T18:55:31,63,0,180,0.35,0.0
2022-03-25T19:04:06,63,0,180,0.35,0.0
2022-03-25T19:12:40,63,0,180,0.35,0.0
2022-03-25T19:21:15,63,0,180,0.35,0.0
2022-03-25T19:29:50,63,0,180,0.35,0.0
2022-03-25T19:38:24,63,0,180,0.35,0.0
2022-03-25T19:46:59,63,0,180,0.35,0.0
2022-03-25T19:55:34,63,0,180,0.35,0.0
2022-03-25T20:04:09,63,0,180,0.35,0.0
2022-03-25T20:12:54,63,0,180,0.35,0.0
2022-03-25T20:21:29,63,0,180,0.35,0.0
2022-03-25T20:30:04,63,0,180,0.35,0.0
2022-03-25T20:38:39,63,0,180,0.35,0.0
2022-03-25T20:47:13,63,0,180,0.35,0.0
2022-03-25T20:55:48,63,0,180,0.35,0.0
2022-03-25T21:04:23,63,0,180,0.35,0.0
2022-03-25T21:12:58,63,0,180,0.35,0.0
2022-03-25T21:21:33,63,0,180,0.35,0.0
2022-03-25T21:30:20,63,0,180,0.35,0.0
2022-03-25T21:38:55,63,0,180,0.35,0.0
2022-03-25T21:47:29,63,0,180,0.35,0.0
2022-03-25T21:56:04,63,0,180,0.35,0.0
2022-03-25T22:04:39,63,0,180,0.35,0.0
2022-03-25T22:13:14,63,0,180,0.35,0.0
2022-03-25T22:21:49,63,0,180,0.35,0.0
2022-03-25T22:30:23,63,0,180,0.35,0.0
2022-03-25T22:38:58,63,0,180,0.35,0.0
2022-03-25T22:47:33,63,0,180,0.35,0.0
2022-03-25T22:56:18,63,0,180,0.35,0.0
2022-03-25T23:04:53,63,0,180,0.35,0.0
2022-03-25T23:13:28,63,0,180,0.35,0.0
2022-03-25T23:22:03,63,0,180,0.35,0.0
2022-03-25T23:30:37,63,0,180,0.35,0.0
2022-03-25T23:39:12,63,0,180,0.35,0.0
2022-03-25T23:47:47,63,0,180,0.35,0.0
2022-03-25T23:56:22,63,0,180,0.35,0.0
2022-03-26T00:04:57,63,0,180,0.35,0.0
2022-03-26T00:13:34,63,0,180,0.35,0.0
2022-03-26T00:22:09,63,0,180,0.35,0.0
2022-03-26T00:30:55,63,0,180,0.35,0.0
2022-03-26T00:39:30,63,0,180,0.35,0.0
2022-03-26T00:48:05,63,0,180,0.35,0.0
2022-03-26T00:56:40,63,0,180,0.35,0.0
2022-03-26T01:05:15,63,0,180,0.35,0.0
2022-03-26T01:13:50,63,0,180,0.35,0.0
2022-03-26T01:22:25,63,0,180,0.35,0.0
2022-03-26T01:31:00,63,0,180,0.35,0.0
2022-03-26T01:39:35,63,0,180,0.35,0.0
2022-03-26T01:48:10,63,0,180,0.35,0.0
2022-03-26T01:56:45,63,0,180,0.35,0.0
2022-03-26T02:05:31,63,0,180,0.35,0.0
2022-03-26T02:14:06,63,0,180,0.35,0.0
2022-03-26T02:22:41,63,0,180,0.35,0.0
2022-03-26T02:31:16,63,0,180,0.35,0.0
2022-03-26T02:39:51,63,0,180,0.35,0.0
2022-03-26T02:48:25,63,0,180,0.35,0.0
2022-03-26T02:57:00,63,0,180,0.35,0.0
2022-03-26T03:05:35,63,0,180,0.35,0.0
2022-03-26T03:14:10,63,0,180,0.35,0.0
2022-03-26T03:22:44,63,0,180,0.35,0.0
2022-03-26T03:31:19,63,0,180,0.35,0.0
2022-03-26T03:39:54,63,0,180,0.35,0.0
2022-03-26T03:48:29,63,0,180,0.35,0.0
2022-03-26T03:57:04,63,0,180,0.35,0.0
2022-03-26T04:05:39,63,0,180,0.35,0.0
2022-03-26T04:20:27,63,0,180,0.35,0.0
2022-03-26T04:29:23,63,0,180,0.35,0.0
2022-03-26T04:37:58,63,0,180,0.35,0.0
2022-03-26T04:46:34,63,0,180,0.35,0.0
2022-03-26T04:55:09,63,0,180,0.35,0.0
2022-03-26T05:03:45,63,0,180,0.35,0.0
2022-03-26T05:12:21,63,0,180,0.35,0.0
2022-03-26T05:20:56,63,0,180,0.35,0.0
2022-03-26T05:29:31,63,0,180,0.35,0.0
2022-03-26T05:38:07,63,0,180,0.35,0.0
2022-03-26T05:46:42,63,0,180,0.35,0.0
2022-03-26T05:55:17,63,0,180,0.35,0.0
2022-03-26T06:03:52,63,0,180,0.35,0.0
2022-03-26T06:12:33,63,0,180,0.35,0.0
2022-03-26T06:21:08,63,0,180,0.35,0.0
2022-03-26T06:29:43,63,0,180,0.35,0.0
2022-03-26T06:38:18,63,0,180,0.35,0.0
2022-03-26T06:46:53,63,0,180,0.35,0.0
2022-03-26T06:55:27,63,0,180,0.35,0.0
2022-03-26T07:04:02,63,0,180,0.35,0.0
2022-03-26T07:12:37,63,0,180,0.35,0.0
2022-03-26T07:21:12,63,0,180,0.35,0.0
2022-03-26T07:29:47,63,0,180,0.35,0.0
2022-03-26T07:38:21,63,0,180,0.35,0.0
2022-03-26T07:46:56,63,0,180,0.35,0.0
2022-03-26T07:55:39,63,0,180,0.35,0.0
2022-03-26T08:04:14,63,0,180,0.35,0.0
2022-03-26T08:12:49,63,0,180,0.35,0.0
2022-03-26T08:21:23,63,0,180,0.35,0.0
2022-03-26T08:29:58,63,0,180,0.35,0.0
2022-03-26T08:38:33,63,0,180,0.35,0.0
2022-03-26T08:47:08,63,0,180,0.35,0.0
2022-03-26T08:55:52,63,0,180,0.35,0.0
2022-03-26T09:04:26,63,0,180,0.35,0.0
2022-03-26T09:13:01,63,0,180,0.35,0.0
2022-03-26T09:21:36,63,0,180,0.35,0.0
2022-03-26T09:30:10,63,0,180,0.35,0.0
2022-03-26T09:38:45,63,0,180,0.35,0.0
2022-03-26T09:47:20,63,0,180,0.35,0.0
2022-03-26T09:55:54,63,0,180,0.35,0.0
2022-03-26T10:04:37,63,0,180,0.35,0.0
2022-03-26T10:13:12,63,0,180,0.35,0.0
2022-03-26T10:21:47,63,0,180,0.35,0.0
2022-03-26T10:30:22,63,0,180,0.35,0.0
2022-03-26T10:38:56,63,0,180,0.35,0.0
2022-03-26T10:47:31,63,0,180,0.35,0.0
2022-03-26T10:56:06,63,0,180,0.35,0.0
2022-03-26T11:04:41,63,0,180,0.35,0.0
2022-03-26T11:13:26,63,0,180,0.35,0.0
2022-03-26T11:22:01,63,0,180,0.35,0.0
2022-03-26T11:30:36,63,0,180,0.35,0.0
2022-03-26T11:39:10,63,0,180,0.35,0.0
2022-03-26T11:47:47,63,0,180,0.35,0.0
2022-03-26T11:56:21,63,0,180,0.35,0.0
2022-03-26T12:04:58,63,0,180,0.35,0.0
2022-03-26T12:13:41,63,0,180,0.35,0.0
2022-03-26T12:22:16,63,0,180,0.35,0.0
2022-03-26T12:30:51,63,0,180,0.35,0.0
2022-03-26T12:39:26,63,0,180,0.35,0.0
2022-03-26T12:48:01,63,0,180,0.35,0.0
2022-03-26T12:56:45,63,0,180,0.35,0.0
2022-03-26T13:05:20,63,0,180,0.35,0.0
2022-03-26T13:13:56,63,0,180,0.35,0.0
2022-03-26T13:22:31,63,0,180,0.35,0.0
2022-03-26T13:31:06,63,0,180,0.35,0.0
2022-03-26T13:39:40,63,0,180,0.35,0.0
2022-03-26T13:48:15,63,0,180,0.35,0.0
2022-03-26T13:56:50,63,0,180,0.35,0.0
2022-03-26T14:05:32,63,0,180,0.35,0.0
2022-03-26T14:14:06,63,0,180,0.35,0.0
2022-03-26T14:22:41,63,0,180,0.35,0.0
2022-03-26T14:31:16,63,0,180,0.35,0.0
2022-03-26T14:39:51,63,0,180,0.35,0.0
2022-03-26T14:48:25,63,0,180,0.35,0.0
2022-03-26T14:57:00,63,0,180,0.35,0.0
2022-03-26T15:05:43,63,0,180,0.35,0.0
2022-03-26T15:14:18,63,0,180,0.35,0.0
2022-03-26T15:22:53,63,0,180,0.35,0.0
2022-03-26T15:31:28,63,0,180,0.35,0.0
2022-03-26T15:40:02,63,0,180,0.35,0.0
2022-03-26T15:48:37,63,0,180,0.35,0.0
2022-03-26T15:57:12,63,0,180,0.35,0.0
2022-03-26T16:05:46,63,0,180,0.35,0.0
2022-03-26T16:14:21,63,0,180,0.35,0.0
2022-03-26T16:23:05,63,0,180,0.35,0.0
2022-03-26T16:31:40,63,0,180,0.35,0.0
2022-03-26T16:40:15,63,0,180,0.35,0.0
2022-03-26T16:48:49,63,0,180,0.35,0.0
2022-03-26T16:57:24,63,0,180,0.35,0.0
2022-03-26T17:05:59,63,0,180,0.35,0.0
2022-03-26T17:14:33,63,0,180,0.35,0.0
2022-03-26T17:23:08,63,0,180,0.35,0.0
2022-03-26T17:31:51,63,0,180,0.35,0.0
2022-03-26T17:40:26,63,0,180,0.35,0.0
2022-03-26T17:49:01,63,0,180,0.35,0.0
2022-03-26T17:57:35,63,0,180,0.35,0.0
2022-03-26T18:06:10,63,0,180,0.35,0.0
2022-03-26T18:14:45,63,0,180,0.35,0.0
2022-03-26T18:23:20,63,0,180,0.35,0.0
2022-03-26T18:31:54,63,0,180,0.35,0.0
2022-03-26T18:40:36,63,0,180,0.35,0.0
2022-03-26T18:49:11,63,0,180,0.35,0.0
2022-03-26T18:57:46,63,0,180,0.35,0.0
2022-03-26T19:06:21,63,0,180,0.35,0.0
2022-03-26T19:14:56,63,0,180,0.35,0.0
2022-03-26T19:23:30,63,0,180,0.35,0.0
2022-03-26T19:32:05,63,0,180,0.35,0.0
2022-03-26T19:40:40,63,0,180,0.35,0.0
2022-03-26T19:49:24,63,0,180,0.35,0.0
2022-03-26T19:57:59,63,0,180,0.35,0.0
2022-03-26T20:06:33,63,0,180,0.35,0.0
2022-03-26T20:15:08,63,0,180,0.35,0.0
2022-03-26T20:23:42,63,0,180,0.35,0.0
2022-03-26T20:32:17,63,0,180,0.35,0.0
2022-03-26T20:40:52,63,0,180,0.35,0.0
2022-03-26T20:49:26,63,0,180,0.35,0.0
2022-03-26T20:58:11,63,0,180,0.35,0.0
2022-03-26T21:06:45,63,0,180,0.35,0.0
2022-03-26T21:15:20,63,0,180,0.35,0.0
2022-03-26T21:23:55,63,0,180,0.35,0.0
2022-03-26T21:32:29,63,0,180,0.35,0.0
2022-03-26T21:41:04,63,0,180,0.35,0.0
2022-03-26T21:49:39,63,0,180,0.35,0.0
2022-03-26T21:58:24,63,0,180,0.35,0.0
2022-03-26T22:06:59,63,0,180,0.35,0.0
2022-03-26T22:15:34,63,0,180,0.35,0.0
2022-03-26T22:24:09,63,0,180,0.35,0.0
2022-03-26T22:32:43,63,0,180,0.35,0.0
2022-03-26T22:41:18,63,0,180,0.35,0.0
2022-03-26T22:49:53,63,0,180,0.35,0.0
2022-03-26T22:58:36,63,0,180,0.35,0.0
2022-03-26T23:07:11,63,0,180,0.35,0.0
2022-03-26T23:15:46,63,0,180,0.35,0.0
2022-03-26T23:24:21,63,0,180,0.35,0.0
2022-03-26T23:32:55,63,0,180,0.35,0.0
2022-03-26T23:41:30,63,0,180,0.35,0.0
2022-03-26T23:50:05,63,0,180,0.35,0.0
2022-03-26T23:58:40,63,0,180,0.35,0.0
2022-03-27T00:07:23,63,0,180,0.35,0.0
2022-03-27T00:15:59,63,0,180,0.35,0.0
2022-03-27T00:24:33,63,0,180,0.35,0.0
2022-03-27T00:33:08,63,0,180,0.35,0.0
2022-03-27T00:41:43,63,0,180,0.35,0.0
2022-03-27T00:50:17,63,0,180,0.35,0.0
2022-03-27T00:58:52,63,0,180,0.35,0.0
2022-03-27T01:07:27,63,0,180,0.35,0.0
2022-03-27T01:16:12,63,0,180,0.35,0.0
2022-03-27T01:24:47,63,0,180,0.35,0.0
2022-03-27T01:33:21,63,0,180,0.35,0.0
2022-03-27T01:41:56,63,0,180,0.35,0.0
2022-03-27T01:50:31,63,0,180,0.35,0.0
2022-03-27T01:59:05,63,0,180,0.35,0.0
2022-03-27T02:07:41,63,0,180,0.35,0.0
2022-03-27T02:16:17,63,0,180,0.35,0.0
2022-03-27T02:24:52,63,0,180,0.35,0.0
2022-03-27T02:33:28,63,0,180,0.35,0.0
2022-03-27T02:42:03,63,0,180,0.35,0.0
2022-03-27T02:50:39,63,0,180,0.35,0.0
2022-03-27T02:59:14,63,0,180,0.35,0.0
2022-03-27T03:07:51,63,0,180,0.35,0.0
2022-03-27T03:16:37,63,0,180,0.35,0.0
2022-03-27T03:25:12,63,0,180,0.35,0.0
2022-03-27T03:33:48,63,0,180,0.35,0.0
2022-03-27T03:42:23,63,0,180,0.35,0.0
2022-03-27T03:50:58,63,0,180,0.35,0.0
2022-03-27T03:59:32,63,0,180,0.35,0.0
2022-03-27T04:08:08,63,0,180,0.35,0.0
2022-03-27T04:22:04,63,0,180,0.35,0.0
2022-03-27T04:30:59,63,0,180,0.35,0.0
2022-03-27T04:39:35,63,0,180,0.35,0.0
2022-03-27T04:48:10,63,0,180,0.35,0.0
2022-03-27T04:56:45,63,0,180,0.35,0.0
2022-03-27T05:05:21,63,0,180,0.35,0.0
2022-03-27T05:13:56,63,0,180,0.35,0.0
2022-03-27T05:22:31,63,0,180,0.35,0.0
2022-03-27T05:31:06,63,0,180,0.35,0.0
2022-03-27T05:39:42,63,0,180,0.35,0.0
2022-03-27T05:48:25,63,0,180,0.35,0.0
2022-03-27T05:57:00,63,0,180,0.35,0.0
2022-03-27T06:05:36,63,0,180,0.35,0.0
2022-03-27T06:14:11,63,0,180,0.35,0.0
2022-03-27T06:22:46,63,0,180,0.35,0.0
2022-03-27T06:31:21,63,0,180,0.35,0.0
2022-03-27T06:39:57,63,0,180,0.35,0.0
2022-03-27T06:48:32,63,0,180,0.35,0.0
2022-03-27T06:57:06,63,0,180,0.35,0.0
2022-03-27T07:05:41,63,0,180,0.35,0.0
2022-03-27T07:14:16,63,0,180,0.35,0.0
2022-03-27T07:22:51,63,0,180,0.35,0.0
2022-03-27T07:31:26,63,0,180,0.35,0.0
2022-03-27T07:40:09,63,0,180,0.35,0.0
2022-03-27T07:48:44,63,0,180,0.35,0.0
2022-03-27T07:57:19,63,0,180,0.35,0.0
2022-03-27T08:05:54,63,0,180,0.35,0.0
2022-03-27T08:14:28,63,0,180,0.35,0.0
2022-03-27T08:23:03,63,0,180,0.35,0.0
2022-03-27T08:31:38,63,0,180,0.35,0.0
2022-03-27T08:40:13,63,0,180,0.35,0.0
2022-03-27T08:48:48,63,0,180,0.35,0.0
2022-03-27T08:57:23,63,0,180,0.35,0.0
2022-03-27T09:05:58,63,0,180,0.35,0.0
2022-03-27T09:14:32,63,0,180,0.35,0.0
2022-03-27T09:23:07,63,0,180,0.35,0.0
2022-03-27T09:31:42,63,0,180,0.35,0.0
2022-03-27T09:40:16,63,0,180,0.35,0.0
2022-03-27T09:49:01,63,0,180,0.35,0.0
2022-03-27T09:57:36,63,0,180,0.35,0.0
2022-03-27T10:06:11,63,0,180,0.35,0.0
2022-03-27T10:14:46,63,0,180,0.35,0.0
2022-03-27T10:23:20,63,0,180,0.35,0.0
2022-03-27T10:31:55,63,0,180,0.35,0.0
2022-03-27T10:40:30,63,0,180,0.35,0.0
2022-03-27T10:49:14,63,0,180,0.35,0.0
2022-03-27T10:57:49,63,0,180,0.35,0.0
2022-03-27T11:06:24,63,0,180,0.35,0.0
2022-03-27T11:14:59,63,0,180,0.35,0.0
2022-03-27T11:23:34,63,0,180,0.35,0.0
2022-03-27T11:32:09,63,0,180,0.35,0.0
2022-03-27T11:40:50,63,0,180,0.35,0.0
2022-03-27T11:49:25,63,0,180,0.35,0.0
2022-03-27T11:57:59,63,0,180,0.35,0.0
2022-03-27T12:06:34,63,0,180,0.35,0.0
2022-03-27T12:15:09,63,0,180,0.35,0.0
2022-03-27T12:23:44,63,0,180,0.35,0.0
2022-03-27T12:32:18,63,0,180,0.35,0.0
2022-03-27T12:41:02,63,0,180,0.35,0.0
2022-03-27T12:49:37,63,0,180,0.35,0.0
2022-03-27T12:58:11,63,0,180,0.35,0.0
2022-03-27T13:06:46,63,0,180,0.35,0.0
2022-03-27T13:15:21,63,0,180,0.35,0.0
2022-03-27T13:23:58,63,0,180,0.35,0.0
2022-03-27T13:32:33,63,0,180,0.35,0.0
2022-03-27T13:41:18,63,0,180,0.35,0.0
2022-03-27T13:49:53,63,0,180,0.35,0.0
2022-03-27T13:58:28,63,0,180,0.35,0.0
2022-03-27T14:07:03,63,0,180,0.35,0.0
2022-03-27T14:15:38,63,0,180,0.35,0.0
2022-03-27T14:24:13,63,0,180,0.35,0.0
2022-03-27T14:32:55,63,0,180,0.35,0.0
2022-03-27T14:41:30,63,0,180,0.35,0.0
2022-03-27T14:50:05,63,0,180,0.35,0.0
2022-03-27T14:58:40,63,0,180,0.35,0.0
2022-03-27T15:07:15,63,0,180,0.35,0.0
2022-03-27T15:15:50,63,0,180,0.35,0.0
2022-03-27T15:24:34,63,0,180,0.35,0.0
2022-03-27T15:33:09,63,0,180,0.35,0.0
2022-03-27T15:41:44,63,0,180,0.35,0.0
2022-03-27T15:50:19,63,0,180,0.35,0.0
2022-03-27T15:59:04,63,0,180,0.35,0.0
2022-03-27T16:07:39,63,0,180,0.35,0.0
2022-03-27T16:16:14,63,0,180,0.35,0.0
2022-03-27T16:24:49,63,0,180,0.35,0.0
2022-03-27T16:33:23,63,0,180,0.35,0.0
2022-03-27T16:42:05,63,0,180,0.35,0.0
2022-03-27T16:50:40,63,0,180,0.35,0.0
2022-03-27T16:59:15,63,0,180,0.35,0.0
2022-03-27T17:07:50,63,0,180,0.35,0.0
2022-03-27T17:16:25,63,0,180,0.35,0.0
2022-03-27T17:25:09,63,0,180,0.35,0.0
2022-03-27T17:33:43,63,0,180,0.35,0.0
2022-03-27T17:42:18,63,0,180,0.35,0.0
2022-03-27T17:50:53,63,0,180,0.35,0.0
2022-03-27T17:59:35,63,0,180,0.35,0.0
2022-03-27T18:08:11,63,0,180,0.35,0.0
2022-03-27T18:16:46,63,0,180,0.35,0.0
2022-03-27T18:25:20,63,0,180,0.35,0.0
2022-03-27T18:34:03,63,0,180,0.35,0.0
2022-03-27T18:42:38,63,0,180,0.35,0.0
2022-03-27T18:51:13,63,0,180,0.35,0.0
2022-03-27T18:59:49,63,0,180,0.35,0.0
2022-03-27T19:08:33,63,0,180,0.35,0.0
2022-03-27T19:17:09,63,0,180,0.35,0.0
2022-03-27T19:25:44,63,0,180,0.35,0.0
2022-03-27T19:34:18,63,0,180,0.35,0.0
2022-03-27T19:43:04,63,0,180,0.35,0.0
2022-03-27T19:51:39,63,0,180,0.35,0.0
2022-03-27T20:00:13,63,0,180,0.35,0.0
2022-03-27T20:08:48,63,0,180,0.35,0.0
2022-03-27T20:17:23,63,0,180,0.35,0.0
2022-03-27T20:26:06,63,0,180,0.35,0.0
2022-03-27T20:34:41,63,0,180,0.35,0.0
2022-03-27T20:43:16,63,0,180,0.35,0.0
2022-03-27T20:51:51,63,0,180,0.35,0.0
2022-03-27T21:00:35,63,0,180,0.35,0.0
2022-03-27T21:09:09,63,0,180,0.35,0.0
2022-03-27T21:17:44,63,0,180,0.35,0.0
2022-03-27T21:26:19,63,0,180,0.35,0.0
2022-03-27T21:34:54,63,0,180,0.35,0.0
2022-03-27T21:43:38,63,0,180,0.35,0.0
2022-03-27T21:52:12,63,0,180,0.35,0.0
2022-03-27T22:00:47,63,0,180,0.35,0.0
2022-03-27T22:09:22,63,0,180,0.35,0.0
2022-03-27T22:18:07,63,0,180,0.35,0.0
2022-03-27T22:26:42,63,0,180,0.35,0.0
2022-03-27T22:35:17,63,0,180,0.35,0.0
2022-03-27T22:43:52,63,0,180,0.35,0.0
2022-03-27T22:52:36,63,0,180,0.35,0.0
2022-03-27T23:01:11,63,0,180,0.35,0.0
2022-03-27T23:09:46,63,0,180,0.35,0.0
2022-03-27T23:18:21,63,0,180,0.35,0.0
2022-03-27T23:27:04,63,0,180,0.35,0.0
2022-03-27T23:35:39,63,0,180,0.35,0.0
2022-03-27T23:44:14,63,0,180,0.35,0.0
2022-03-27T23:52:49,63,0,180,0.35,0.0
2022-03-28T00:01:36,63,0,180,0.35,0.0
2022-03-28T00:10:12,63,0,180,0.35,0.0
2022-03-28T00:18:49,63,0,180,0.35,0.0
2022-03-28T00:27:24,63,0,180,0.35,0.0
2022-03-28T00:36:10,63,0,180,0.35,0.0
2022-03-28T00:44:45,63,0,180,0.35,0.0
2022-03-28T00:53:20,63,0,180,0.35,0.0
2022-03-28T01:01:55,63,0,180,0.35,0.0
2022-03-28T01:10:30,63,0,180,0.35,0.0
2022-03-28T01:19:15,63,0,180,0.35,0.0
2022-03-28T01:27:50,63,0,180,0.35,0.0
2022-03-28T01:36:25,63,0,180,0.35,0.0
2022-03-28T01:45:00,63,0,180,0.35,0.0
2022-03-28T01:53:36,63,0,180,0.35,0.0
2022-03-28T02:02:11,63,0,180,0.35,0.0
2022-03-28T02:11:03,63,0,180,0.35,0.0
2022-03-28T02:19:38,63,0,180,0.35,0.0
2022-03-28T02:28:13,63,0,180,0.35,0.0
2022-03-28T02:36:48,63,0,180,0.35,0.0
2022-03-28T02:45:23,63,0,180,0.35,0.0
2022-03-28T02:53:58,63,0,180,0.35,0.0
2022-03-28T03:02:32,63,0,180,0.35,0.0
2022-03-28T03:11:07,63,0,180,0.35,0.0
2022-03-28T03:19:42,63,0,180,0.35,0.0
2022-03-28T03:28:17,63,0,180,0.35,0.0
2022-03-28T03:36:52,63,0,180,0.35,0.0
2022-03-28T03:45:27,63,0,180,0.35,0.0
2022-03-28T03:54:10,63,0,180,0.35,0.0
2022-03-28T04:02:45,63,0,180,0.35,0.0
2022-03-28T04:11:20,63,0,180,0.35,0.0
2022-03-28T04:24:51,63,0,180,0.35,0.0
2022-03-28T04:33:27,63,0,180,0.35,0.0
2022-03-28T04:42:24,63,0,180,0.35,0.0
2022-03-28T04:51:00,63,0,180,0.35,0.0
2022-03-28T04:59:35,63,0,180,0.35,0.0
2022-03-28T05:08:11,63,0,180,0.35,0.0
2022-03-28T05:16:47,63,0,180,0.35,0.0
2022-03-28T05:25:22,63,0,180,0.35,0.0
2022-03-28T05:33:57,63,0,180,0.35,0.0
2022-03-28T05:42:38,63,0,180,0.35,0.0
2022-03-28T05:51:14,63,0,180,0.35,0.0
2022-03-28T05:59:49,63,0,180,0.35,0.0
2022-03-28T06:08:24,63,0,180,0.35,0.0
2022-03-28T06:16:59,63,0,180,0.35,0.0
2022-03-28T06:25:42,63,0,180,0.35,0.0
2022-03-28T06:34:17,63,0,180,0.35,0.0
2022-03-28T06:42:52,63,0,180,0.35,0.0
2022-03-28T06:51:26,63,0,180,0.35,0.0
2022-03-28T07:00:01,63,0,180,0.35,0.0
2022-03-28T07:08:36,63,0,180,0.35,0.0
2022-03-28T07:17:11,63,0,180,0.35,0.0
2022-03-28T07:25:46,63,0,180,0.35,0.0
2022-03-28T07:34:21,63,0,180,0.35,0.0
2022-03-28T07:43:05,63,0,180,0.35,0.0
2022-03-28T07:51:40,63,0,180,0.35,0.0
2022-03-28T08:00:15,63,0,180,0.35,0.0
2022-03-28T08:08:52,60,0,180,0.3333333333333333,0.0
2022-03-28T08:17:27,59,0,180,0.3277777777777778,0.0
2022-03-28T08:26:11,60,0,180,0.3333333333333333,0.0
2022-03-28T08:34:47,60,0,180,0.3333333333333333,0.0
2022-03-28T08:43:22,58,0,180,0.32222222222222224,0.0
2022-03-28T08:51:58,58,0,180,0.32222222222222224,0.0
2022-03-28T09:00:42,58,0,180,0.32222222222222224,0.0
2022-03-28T09:09:18,57,0,180,0.31666666666666665,0.0
2022-03-28T09:18:02,56,0,180,0.3111111111111111,0.0
2022-03-28T09:26:37,56,0,180,0.3111111111111111,0.0
2022-03-28T09:35:14,56,0,180,0.3111111111111111,0.0
2022-03-28T09:43:59,56,0,180,0.3111111111111111,0.0
2022-03-28T09:52:35,56,0,180,0.3111111111111111,0.0
2022-03-28T10:01:21,56,0,180,0.3111111111111111,0.0
2022-03-28T10:09:58,56,0,180,0.3111111111111111,0.0
2022-03-28T10:18:44,55,0,180,0.3055555555555556,0.0
2022-03-28T10:27:20,55,0,180,0.3055555555555556,0.0
2022-03-28T10:36:08,55,0,180,0.3055555555555556,0.0
2022-03-28T10:44:44,55,0,180,0.3055555555555556,0.0
2022-03-28T10:53:29,55,0,180,0.3055555555555556,0.0
2022-03-28T11:02:05,55,0,180,0.3055555555555556,0.0
2022-03-28T11:10:41,55,0,180,0.3055555555555556,0.0
2022-03-28T11:19:25,55,0,180,0.3055555555555556,0.0
2022-03-28T11:28:11,55,0,180,0.3055555555555556,0.0
2022-03-28T11:36:47,55,0,180,0.3055555555555556,0.0
2022-03-28T11:45:23,55,0,180,0.3055555555555556,0.0
2022-03-28T11:54:07,55,0,180,0.3055555555555556,0.0
2022-03-28T12:02:42,55,0,180,0.3055555555555556,0.0
2022-03-28T12:11:26,55,0,180,0.3055555555555556,0.0
2022-03-28T12:20:02,55,0,180,0.3055555555555556,0.0
2022-03-28T12:28:37,55,0,180,0.3055555555555556,0.0
2022-03-28T12:37:23,55,0,180,0.3055555555555556,0.0
2022-03-28T12:45:59,55,0,180,0.3055555555555556,0.0
2022-03-28T12:54:39,55,0,180,0.3055555555555556,0.0
2022-03-28T13:03:15,55,0,180,0.3055555555555556,0.0
2022-03-28T13:12:01,55,0,180,0.3055555555555556,0.0
2022-03-28T13:20:36,54,0,180,0.3,0.0
2022-03-28T13:29:12,54,0,180,0.3,0.0
2022-03-28T13:37:57,54,0,180,0.3,0.0
2022-03-28T13:46:32,54,0,180,0.3,0.0
2022-03-28T13:55:08,54,0,180,0.3,0.0
2022-03-28T14:03:55,54,0,180,0.3,0.0
2022-03-28T14:12:30,54,0,180,0.3,0.0
2022-03-28T14:21:15,54,0,180,0.3,0.0
2022-03-28T14:29:50,54,0,180,0.3,0.0
2022-03-28T14:38:25,54,0,180,0.3,0.0
2022-03-28T14:47:10,54,0,180,0.3,0.0
2022-03-28T14:55:45,54,0,180,0.3,0.0
2022-03-28T15:04:21,54,0,180,0.3,0.0
2022-03-28T15:13:06,54,0,180,0.3,0.0
2022-03-28T15:21:41,54,0,180,0.3,0.0
2022-03-28T15:30:28,54,0,180,0.3,0.0
2022-03-28T15:39:03,53,0,180,0.29444444444444445,0.0
2022-03-28T15:47:38,53,0,180,0.29444444444444445,0.0
2022-03-28T15:56:26,53,0,180,0.29444444444444445,0.0
2022-03-28T16:05:01,53,0,180,0.29444444444444445,0.0
2022-03-28T16:13:36,53,0,180,0.29444444444444445,0.0
2022-03-28T16:22:23,53,0,180,0.29444444444444445,0.0
2022-03-28T16:30:59,53,0,180,0.29444444444444445,0.0
2022-03-28T16:39:34,53,0,180,0.29444444444444445,0.0
2022-03-28T16:48:18,53,0,180,0.29444444444444445,0.0
2022-03-28T16:56:53,53,0,180,0.29444444444444445,0.0
2022-03-28T17:05:29,53,0,180,0.29444444444444445,0.0
2022-03-28T17:14:04,53,0,180,0.29444444444444445,0.0
2022-03-28T17:22:49,53,0,180,0.29444444444444445,0.0
2022-03-28T17:31:24,53,0,180,0.29444444444444445,0.0
2022-03-28T17:39:59,53,0,180,0.29444444444444445,0.0
2022-03-28T17:48:45,53,0,180,0.29444444444444445,0.0
2022-03-28T17:57:20,53,0,180,0.29444444444444445,0.0
2022-03-28T18:05:55,53,0,180,0.29444444444444445,0.0
2022-03-28T18:14:30,53,0,180,0.29444444444444445,0.0
2022-03-28T18:23:15,53,0,180,0.29444444444444445,0.0
2022-03-28T18:31:49,53,0,180,0.29444444444444445,0.0
2022-03-28T18:40:24,53,0,180,0.29444444444444445,0.0
2022-03-28T18:48:59,53,0,180,0.29444444444444445,0.0
2022-03-28T18:57:34,53,0,180,0.29444444444444445,0.0
2022-03-28T19:06:20,53,0,180,0.29444444444444445,0.0
2022-03-28T19:14:55,53,0,180,0.29444444444444445,0.0
2022-03-28T19:23:30,53,0,180,0.29444444444444445,0.0
2022-03-28T19:32:05,53,0,180,0.29444444444444445,0.0
2022-03-28T19:40:51,53,0,180,0.29444444444444445,0.0
2022-03-28T19:49:26,53,0,180,0.29444444444444445,0.0
2022-03-28T19:58:01,53,0,180,0.29444444444444445,0.0
2022-03-28T20:06:37,53,0,180,0.29444444444444445,0.0
2022-03-28T20:15:12,53,0,180,0.29444444444444445,0.0
2022-03-28T20:23:56,53,0,180,0.29444444444444445,0.0
2022-03-28T20:32:31,53,0,180,0.29444444444444445,0.0
2022-03-28T20:41:06,53,0,180,0.29444444444444445,0.0
2022-03-28T20:49:41,53,0,180,0.29444444444444445,0.0
2022-03-28T20:58:16,53,0,180,0.29444444444444445,0.0
2022-03-28T21:06:59,53,0,180,0.29444444444444445,0.0
2022-03-28T21:15:34,53,0,180,0.29444444444444445,0.0
2022-03-28T21:24:09,53,0,180,0.29444444444444445,0.0
2022-03-28T21:32:44,53,0,180,0.29444444444444445,0.0
2022-03-28T21:41:28,53,0,180,0.29444444444444445,0.0
2022-03-28T21:50:03,53,0,180,0.29444444444444445,0.0
2022-03-28T21:58:38,53,0,180,0.29444444444444445,0.0
2022-03-28T22:07:13,53,0,180,0.29444444444444445,0.0
2022-03-28T22:15:57,53,0,180,0.29444444444444445,0.0
2022-03-28T22:24:32,53,0,180,0.29444444444444445,0.0
2022-03-28T22:33:07,53,0,180,0.29444444444444445,0.0
2022-03-28T22:41:42,53,0,180,0.29444444444444445,0.0
2022-03-28T22:50:17,53,0,180,0.29444444444444445,0.0
2022-03-28T22:59:03,53,0,180,0.29444444444444445,0.0
2022-03-28T23:07:38,53,0,180,0.29444444444444445,0.0
2022-03-28T23:16:13,53,0,180,0.29444444444444445,0.0
2022-03-28T23:24:48,53,0,180,0.29444444444444445,0.0
2022-03-28T23:33:33,53,0,180,0.29444444444444445,0.0
2022-03-28T23:42:08,53,0,180,0.29444444444444445,0.0
2022-03-28T23:50:43,53,0,180,0.29444444444444445,0.0
2022-03-28T23:59:18,53,0,180,0.29444444444444445,0.0
2022-03-29T00:07:53,53,0,180,0.29444444444444445,0.0
2022-03-29T00:16:42,53,0,180,0.29444444444444445,0.0
2022-03-29T00:25:17,53,0,180,0.29444444444444445,0.0
2022-03-29T00:33:52,53,0,180,0.29444444444444445,0.0
2022-03-29T00:42:27,53,0,180,0.29444444444444445,0.0
2022-03-29T00:51:02,53,0,180,0.29444444444444445,0.0
2022-03-29T00:59:48,53,0,180,0.29444444444444445,0.0
2022-03-29T01:08:24,53,0,180,0.29444444444444445,0.0
2022-03-29T01:16:59,54,0,180,0.3,0.0
2022-03-29T01:25:34,54,0,180,0.3,0.0
2022-03-29T01:34:10,54,0,180,0.3,0.0
2022-03-29T01:42:45,54,0,180,0.3,0.0
2022-03-29T01:51:20,54,0,180,0.3,0.0
2022-03-29T01:59:55,54,0,180,0.3,0.0
2022-03-29T02:08:30,54,0,180,0.3,0.0
2022-03-29T02:17:13,54,0,180,0.3,0.0
2022-03-29T02:25:48,54,0,180,0.3,0.0
2022-03-29T02:34:23,54,0,180,0.3,0.0
2022-03-29T02:42:58,54,0,180,0.3,0.0
2022-03-29T02:51:32,54,0,180,0.3,0.0
2022-03-29T03:00:07,54,0,180,0.3,0.0
2022-03-29T03:08:42,54,0,180,0.3,0.0
2022-03-29T03:17:17,54,0,180,0.3,0.0
2022-03-29T03:25:51,55,0,180,0.3055555555555556,0.0
2022-03-29T03:34:26,55,0,180,0.3055555555555556,0.0
2022-03-29T03:43:01,55,0,180,0.3055555555555556,0.0
2022-03-29T03:51:36,55,0,180,0.3055555555555556,0.0
2022-03-29T04:00:11,55,0,180,0.3055555555555556,0.0
2022-03-29T04:10:53,55,0,180,0.3055555555555556,0.0
2022-03-29T04:26:02,55,0,180,0.3055555555555556,0.0
2022-03-29T04:34:44,55,0,180,0.3055555555555556,0.0
2022-03-29T04:43:20,55,0,180,0.3055555555555556,0.0
2022-03-29T04:51:55,55,0,180,0.3055555555555556,0.0
2022-03-29T05:00:31,55,0,180,0.3055555555555556,0.0
2022-03-29T05:09:07,55,0,180,0.3055555555555556,0.0
2022-03-29T05:17:42,55,0,180,0.3055555555555556,0.0
2022-03-29T05:26:18,55,0,180,0.3055555555555556,0.0
2022-03-29T05:34:53,55,0,180,0.3055555555555556,0.0
2022-03-29T05:43:28,55,0,180,0.3055555555555556,0.0
2022-03-29T05:52:04,55,0,180,0.3055555555555556,0.0
2022-03-29T06:00:39,55,0,180,0.3055555555555556,0.0
2022-03-29T06:09:14,55,0,180,0.3055555555555556,0.0
2022-03-29T06:17:49,55,0,180,0.3055555555555556,0.0
2022-03-29T06:26:24,55,0,180,0.3055555555555556,0.0
2022-03-29T06:35:00,55,0,180,0.3055555555555556,0.0
2022-03-29T06:43:35,55,0,180,0.3055555555555556,0.0
2022-03-29T06:52:10,55,0,180,0.3055555555555556,0.0
2022-03-29T07:00:45,55,0,180,0.3055555555555556,0.0
2022-03-29T07:09:20,55,0,180,0.3055555555555556,0.0
2022-03-29T07:17:55,55,0,180,0.3055555555555556,0.0
2022-03-29T07:26:38,55,0,180,0.3055555555555556,0.0
2022-03-29T07:35:14,55,0,180,0.3055555555555556,0.0
2022-03-29T07:43:49,54,0,180,0.3,0.0
2022-03-29T07:52:25,54,0,180,0.3,0.0
2022-03-29T08:01:00,54,0,180,0.3,0.0
2022-03-29T08:09:35,53,0,180,0.29444444444444445,0.0
2022-03-29T08:18:10,53,0,180,0.29444444444444445,0.0
2022-03-29T08:26:53,53,0,180,0.29444444444444445,0.0
2022-03-29T08:35:28,53,0,180,0.29444444444444445,0.0
2022-03-29T08:44:04,53,0,180,0.29444444444444445,0.0
2022-03-29T08:52:41,53,0,180,0.29444444444444445,0.0
2022-03-29T09:01:17,53,0,180,0.29444444444444445,0.0
2022-03-29T09:10:02,53,0,180,0.29444444444444445,0.0
2022-03-29T09:18:38,53,0,180,0.29444444444444445,0.0
2022-03-29T09:27:14,53,0,180,0.29444444444444445,0.0
2022-03-29T09:35:50,53,0,180,0.29444444444444445,0.0
2022-03-29T09:44:34,53,0,180,0.29444444444444445,0.0
2022-03-29T09:53:10,53,0,180,0.29444444444444445,0.0
2022-03-29T10:01:46,53,0,180,0.29444444444444445,0.0
2022-03-29T10:10:31,52,0,180,0.28888888888888886,0.0
2022-03-29T10:19:06,52,0,180,0.28888888888888886,0.0
2022-03-29T10:27:42,52,0,180,0.28888888888888886,0.0
2022-03-29T10:36:17,52,0,180,0.28888888888888886,0.0
2022-03-29T10:45:03,52,0,180,0.28888888888888886,0.0
2022-03-29T10:53:39,52,0,180,0.28888888888888886,0.0
2022-03-29T11:02:24,52,0,180,0.28888888888888886,0.0
2022-03-29T11:10:59,52,0,180,0.28888888888888886,0.0
2022-03-29T11:19:35,52,0,180,0.28888888888888886,0.0
2022-03-29T11:28:21,52,0,180,0.28888888888888886,0.0
2022-03-29T11:36:56,52,0,180,0.28888888888888886,0.0
2022-03-29T11:45:32,52,0,180,0.28888888888888886,0.0
2022-03-29T11:54:16,52,0,180,0.28888888888888886,0.0
2022-03-29T12:02:52,52,0,180,0.28888888888888886,0.0
2022-03-29T12:11:28,51,0,180,0.2833333333333333,0.0
2022-03-29T12:20:12,51,0,180,0.2833333333333333,0.0
2022-03-29T12:28:47,51,0,180,0.2833333333333333,0.0
2022-03-29T12:37:22,51,0,180,0.2833333333333333,0.0
2022-03-29T12:46:08,51,0,180,0.2833333333333333,0.0
2022-03-29T12:54:43,51,0,180,0.2833333333333333,0.0
2022-03-29T13:03:28,51,0,180,0.2833333333333333,0.0
2022-03-29T13:12:03,51,0,180,0.2833333333333333,0.0
2022-03-29T13:20:39,51,0,180,0.2833333333333333,0.0
2022-03-29T13:29:26,51,0,180,0.2833333333333333,0.0
2022-03-29T13:38:01,51,0,180,0.2833333333333333,0.0
2022-03-29T13:46:50,51,0,180,0.2833333333333333,0.0
2022-03-29T13:55:36,51,0,180,0.2833333333333333,0.0
2022-03-29T14:04:11,51,0,180,0.2833333333333333,0.0
2022-03-29T14:12:47,51,0,180,0.2833333333333333,0.0
2022-03-29T14:21:32,51,0,180,0.2833333333333333,0.0
2022-03-29T14:30:08,51,0,180,0.2833333333333333,0.0
2022-03-29T14:38:43,51,0,180,0.2833333333333333,0.0
2022-03-29T14:47:30,51,0,180,0.2833333333333333,0.0
2022-03-29T14:56:05,51,0,180,0.2833333333333333,0.0
2022-03-29T15:04:41,51,0,180,0.2833333333333333,0.0
2022-03-29T15:13:25,51,0,180,0.2833333333333333,0.0
2022-03-29T15:22:01,51,0,180,0.2833333333333333,0.0
2022-03-29T15:30:36,51,0,180,0.2833333333333333,0.0
2022-03-29T15:39:12,51,0,180,0.2833333333333333,0.0
2022-03-29T15:47:47,51,0,180,0.2833333333333333,0.0
2022-03-29T15:56:34,51,0,180,0.2833333333333333,0.0
2022-03-29T16:05:09,51,0,180,0.2833333333333333,0.0
2022-03-29T16:13:44,51,0,180,0.2833333333333333,0.0
2022-03-29T16:22:43,51,0,180,0.2833333333333333,0.0
2022-03-29T16:31:18,51,0,180,0.2833333333333333,0.0
2022-03-29T16:39:53,51,0,180,0.2833333333333333,0.0
2022-03-29T16:48:29,51,0,180,0.2833333333333333,0.0
2022-03-29T16:57:14,51,0,180,0.2833333333333333,0.0
2022-03-29T17:05:49,51,0,180,0.2833333333333333,0.0
2022-03-29T17:14:24,51,0,180,0.2833333333333333,0.0
2022-03-29T17:23:10,51,0,180,0.2833333333333333,0.0
2022-03-29T17:31:45,51,0,180,0.2833333333333333,0.0
2022-03-29T17:40:20,51,0,180,0.2833333333333333,0.0
2022-03-29T17:48:55,51,0,180,0.2833333333333333,0.0
2022-03-29T17:57:40,49,0,180,0.2722222222222222,0.0
2022-03-29T18:06:16,49,0,180,0.2722222222222222,0.0
2022-03-29T18:14:50,49,0,180,0.2722222222222222,0.0
2022-03-29T18:23:25,49,0,180,0.2722222222222222,0.0
2022-03-29T18:32:12,49,0,180,0.2722222222222222,0.0
2022-03-29T18:40:47,49,0,180,0.2722222222222222,0.0
2022-03-29T18:49:22,49,0,180,0.2722222222222222,0.0
2022-03-29T18:57:57,49,0,180,0.2722222222222222,0.0
2022-03-29T19:06:43,49,0,180,0.2722222222222222,0.0
2022-03-29T19:15:17,49,0,180,0.2722222222222222,0.0
2022-03-29T19:23:52,49,0,180,0.2722222222222222,0.0
2022-03-29T19:32:27,49,0,180,0.2722222222222222,0.0
2022-03-29T19:41:02,49,0,180,0.2722222222222222,0.0
2022-03-29T19:49:45,49,0,180,0.2722222222222222,0.0
2022-03-29T19:58:20,49,0,180,0.2722222222222222,0.0
2022-03-29T20:06:55,49,0,180,0.2722222222222222,0.0
2022-03-29T20:15:30,49,0,180,0.2722222222222222,0.0
2022-03-29T20:24:05,49,0,180,0.2722222222222222,0.0
2022-03-29T20:32:50,49,0,180,0.2722222222222222,0.0
2022-03-29T20:41:25,49,0,180,0.2722222222222222,0.0
2022-03-29T20:50:00,49,0,180,0.2722222222222222,0.0
2022-03-29T20:58:35,49,0,180,0.2722222222222222,0.0
2022-03-29T21:07:10,49,0,180,0.2722222222222222,0.0
2022-03-29T21:15:45,49,0,180,0.2722222222222222,0.0
2022-03-29T21:24:28,49,0,180,0.2722222222222222,0.0
2022-03-29T21:33:02,49,0,180,0.2722222222222222,0.0
2022-03-29T21:41:38,49,0,180,0.2722222222222222,0.0
2022-03-29T21:50:12,49,0,180,0.2722222222222222,0.0
2022-03-29T21:58:47,49,0,180,0.2722222222222222,0.0
2022-03-29T22:07:22,49,0,180,0.2722222222222222,0.0
2022-03-29T22:16:08,49,0,180,0.2722222222222222,0.0
2022-03-29T22:24:43,49,0,180,0.2722222222222222,0.0
2022-03-29T22:33:18,49,0,180,0.2722222222222222,0.0
2022-03-29T22:41:53,49,0,180,0.2722222222222222,0.0
2022-03-29T22:50:28,49,0,180,0.2722222222222222,0.0
2022-03-29T22:59:03,49,0,180,0.2722222222222222,0.0
2022-03-29T23:07:49,49,0,180,0.2722222222222222,0.0
2022-03-29T23:16:24,49,0,180,0.2722222222222222,0.0
2022-03-29T23:24:59,49,0,180,0.2722222222222222,0.0
2022-03-29T23:33:34,49,0,180,0.2722222222222222,0.0
2022-03-29T23:42:09,49,0,180,0.2722222222222222,0.0
2022-03-29T23:50:43,49,0,180,0.2722222222222222,0.0
2022-03-29T23:59:18,49,0,180,0.2722222222222222,0.0
2022-03-30T00:08:03,49,0,180,0.2722222222222222,0.0
2022-03-30T00:16:38,49,0,180,0.2722222222222222,0.0
2022-03-30T00:25:13,49,0,180,0.2722222222222222,0.0
2022-03-30T00:33:48,49,0,180,0.2722222222222222,0.0
2022-03-30T00:42:23,49,0,180,0.2722222222222222,0.0
2022-03-30T00:50:59,49,0,180,0.2722222222222222,0.0
2022-03-30T00:59:34,49,0,180,0.2722222222222222,0.0
2022-03-30T01:08:22,49,0,180,0.2722222222222222,0.0
2022-03-30T01:16:57,49,0,180,0.2722222222222222,0.0
2022-03-30T01:25:32,49,0,180,0.2722222222222222,0.0
2022-03-30T01:34:07,49,0,180,0.2722222222222222,0.0
2022-03-30T01:42:42,49,0,180,0.2722222222222222,0.0
2022-03-30T01:51:16,49,0,180,0.2722222222222222,0.0
2022-03-30T01:59:52,49,0,180,0.2722222222222222,0.0
2022-03-30T02:08:27,49,0,180,0.2722222222222222,0.0
2022-03-30T02:17:02,49,0,180,0.2722222222222222,0.0
2022-03-30T02:25:37,49,0,180,0.2722222222222222,0.0
2022-03-30T02:34:12,49,0,180,0.2722222222222222,0.0
2022-03-30T02:42:47,49,0,180,0.2722222222222222,0.0
2022-03-30T02:51:21,49,0,180,0.2722222222222222,0.0
2022-03-30T03:00:06,49,0,180,0.2722222222222222,0.0
2022-03-30T03:08:41,49,0,180,0.2722222222222222,0.0
2022-03-30T03:17:16,49,0,180,0.2722222222222222,0.0
2022-03-30T03:25:50,49,0,180,0.2722222222222222,0.0
2022-03-30T03:34:25,49,0,180,0.2722222222222222,0.0
2022-03-30T03:43:01,49,0,180,0.2722222222222222,0.0
2022-03-30T03:51:36,49,0,180,0.2722222222222222,0.0
2022-03-30T04:00:11,49,0,180,0.2722222222222222,0.0
2022-03-30T04:08:47,49,0,180,0.2722222222222222,0.0
2022-03-30T04:17:22,49,0,180,0.2722222222222222,0.0
2022-03-30T04:33:52,49,0,180,0.2722222222222222,0.0
2022-03-30T04:42:28,49,0,180,0.2722222222222222,0.0
2022-03-30T04:51:04,49,0,180,0.2722222222222222,0.0
2022-03-30T04:59:39,49,0,180,0.2722222222222222,0.0
2022-03-30T05:08:15,49,0,180,0.2722222222222222,0.0
2022-03-30T05:18:24,49,0,180,0.2722222222222222,0.0
2022-03-30T05:26:59,49,0,180,0.2722222222222222,0.0
2022-03-30T05:35:35,49,0,180,0.2722222222222222,0.0
2022-03-30T05:44:10,49,0,180,0.2722222222222222,0.0
2022-03-30T05:52:46,49,0,180,0.2722222222222222,0.0
2022-03-30T06:01:21,49,0,180,0.2722222222222222,0.0
2022-03-30T06:09:57,49,0,180,0.2722222222222222,0.0
2022-03-30T06:18:32,49,0,180,0.2722222222222222,0.0
2022-03-30T06:27:07,49,0,180,0.2722222222222222,0.0
2022-03-30T06:35:42,49,0,180,0.2722222222222222,0.0
2022-03-30T06:44:18,49,0,180,0.2722222222222222,0.0
2022-03-30T06:52:53,49,0,180,0.2722222222222222,0.0
2022-03-30T07:01:28,49,0,180,0.2722222222222222,0.0
2022-03-30T07:10:04,49,0,180,0.2722222222222222,0.0
2022-03-30T07:18:39,49,0,180,0.2722222222222222,0.0
2022-03-30T07:27:15,49,0,180,0.2722222222222222,0.0
2022-03-30T07:35:49,49,0,180,0.2722222222222222,0.0
2022-03-30T07:44:24,49,0,180,0.2722222222222222,0.0
2022-03-30T07:53:06,49,0,180,0.2722222222222222,0.0
2022-03-30T08:01:41,49,0,180,0.2722222222222222,0.0
2022-03-30T08:10:16,49,0,180,0.2722222222222222,0.0
2022-03-30T08:18:51,49,0,180,0.2722222222222222,0.0
2022-03-30T08:27:26,49,0,180,0.2722222222222222,0.0
2022-03-30T08:36:01,49,0,180,0.2722222222222222,0.0
2022-03-30T08:44:37,49,0,180,0.2722222222222222,0.0
2022-03-30T08:53:12,49,0,180,0.2722222222222222,0.0
2022-03-30T09:01:47,49,0,180,0.2722222222222222,0.0
2022-03-30T09:10:23,49,0,180,0.2722222222222222,0.0
2022-03-30T09:18:58,49,0,180,0.2722222222222222,0.0
2022-03-30T09:27:47,49,0,180,0.2722222222222222,0.0
2022-03-30T09:36:22,49,0,180,0.2722222222222222,0.0
2022-03-30T09:44:58,49,0,180,0.2722222222222222,0.0
2022-03-30T09:53:33,49,0,180,0.2722222222222222,0.0
2022-03-30T10:02:09,49,0,180,0.2722222222222222,0.0
2022-03-30T10:10:56,49,0,180,0.2722222222222222,0.0
2022-03-30T10:19:31,49,0,180,0.2722222222222222,0.0
2022-03-30T10:28:07,49,0,180,0.2722222222222222,0.0
2022-03-30T10:36:42,49,0,180,0.2722222222222222,0.0
2022-03-30T10:45:29,49,0,180,0.2722222222222222,0.0
2022-03-30T10:54:04,49,0,180,0.2722222222222222,0.0
2022-03-30T11:02:40,49,0,180,0.2722222222222222,0.0
2022-03-30T11:11:29,49,0,180,0.2722222222222222,0.0
2022-03-30T11:20:04,49,0,180,0.2722222222222222,0.0
2022-03-30T11:28:40,49,0,180,0.2722222222222222,0.0
2022-03-30T11:37:15,49,0,180,0.2722222222222222,0.0
2022-03-30T11:45:50,49,0,180,0.2722222222222222,0.0
2022-03-30T11:54:37,49,0,180,0.2722222222222222,0.0
2022-03-30T12:03:12,49,0,180,0.2722222222222222,0.0
2022-03-30T12:11:47,49,0,180,0.2722222222222222,0.0
2022-03-30T12:20:34,49,0,180,0.2722222222222222,0.0
2022-03-30T12:29:09,49,0,180,0.2722222222222222,0.0
2022-03-30T12:37:44,49,0,180,0.2722222222222222,0.0
2022-03-30T12:46:19,49,0,180,0.2722222222222222,0.0
2022-03-30T12:55:03,49,0,180,0.2722222222222222,0.0
2022-03-30T13:03:38,49,0,180,0.2722222222222222,0.0
2022-03-30T13:12:13,49,0,180,0.2722222222222222,0.0
2022-03-30T13:20:48,49,0,180,0.2722222222222222,0.0
2022-03-30T13:29:33,49,0,180,0.2722222222222222,0.0
2022-03-30T13:38:08,49,0,180,0.2722222222222222,0.0
2022-03-30T13:46:45,49,0,180,0.2722222222222222,0.0
2022-03-30T13:55:20,49,0,180,0.2722222222222222,0.0
2022-03-30T14:04:05,49,0,180,0.2722222222222222,0.0
2022-03-30T14:12:41,49,0,180,0.2722222222222222,0.0
2022-03-30T14:21:16,49,0,180,0.2722222222222222,0.0
2022-03-30T14:29:51,48,0,180,0.26666666666666666,0.0
2022-03-30T14:38:37,48,0,180,0.26666666666666666,0.0
2022-03-30T14:47:12,48,0,180,0.26666666666666666,0.0
2022-03-30T14:55:48,48,0,180,0.26666666666666666,0.0
2022-03-30T15:04:23,48,0,180,0.26666666666666666,0.0
2022-03-30T15:13:09,48,0,180,0.26666666666666666,0.0
2022-03-30T15:21:44,48,0,180,0.26666666666666666,0.0
2022-03-30T15:30:20,48,0,180,0.26666666666666666,0.0
2022-03-30T15:38:55,48,0,180,0.26666666666666666,0.0
2022-03-30T15:47:41,48,0,180,0.26666666666666666,0.0
2022-03-30T15:56:16,48,0,180,0.26666666666666666,0.0
2022-03-30T16:04:51,48,0,180,0.26666666666666666,0.0
2022-03-30T16:13:26,48,0,180,0.26666666666666666,0.0
2022-03-30T16:22:01,48,0,180,0.26666666666666666,0.0
2022-03-30T16:30:44,48,0,180,0.26666666666666666,0.0
2022-03-30T16:39:19,48,0,180,0.26666666666666666,0.0
2022-03-30T16:47:54,48,0,180,0.26666666666666666,0.0
2022-03-30T16:56:29,48,0,180,0.26666666666666666,0.0
2022-03-30T17:05:14,48,0,180,0.26666666666666666,0.0
2022-03-30T17:13:49,48,0,180,0.26666666666666666,0.0
2022-03-30T17:22:24,48,0,180,0.26666666666666666,0.0
2022-03-30T17:30:59,48,0,180,0.26666666666666666,0.0
2022-03-30T17:39:45,48,0,180,0.26666666666666666,0.0
2022-03-30T17:48:20,48,0,180,0.26666666666666666,0.0
2022-03-30T17:56:55,48,0,180,0.26666666666666666,0.0
2022-03-30T18:05:30,48,0,180,0.26666666666666666,0.0
2022-03-30T18:14:05,48,0,180,0.26666666666666666,0.0
2022-03-30T18:22:50,48,0,180,0.26666666666666666,0.0
2022-03-30T18:31:25,48,0,180,0.26666666666666666,0.0
2022-03-30T18:40:00,48,0,180,0.26666666666666666,0.0
2022-03-30T18:48:34,48,0,180,0.26666666666666666,0.0
2022-03-30T18:57:09,48,0,180,0.26666666666666666,0.0
2022-03-30T19:05:55,48,0,180,0.26666666666666666,0.0
2022-03-30T19:14:30,48,0,180,0.26666666666666666,0.0
2022-03-30T19:23:05,48,0,180,0.26666666666666666,0.0
2022-03-30T19:31:39,48,0,180,0.26666666666666666,0.0
2022-03-30T19:40:14,48,0,180,0.26666666666666666,0.0
2022-03-30T19:48:54,48,0,180,0.26666666666666666,0.0
2022-03-30T19:57:29,49,0,180,0.2722222222222222,0.0
2022-03-30T20:06:14,49,0,180,0.2722222222222222,0.0
2022-03-30T20:14:48,49,0,180,0.2722222222222222,0.0
2022-03-30T20:23:23,49,0,180,0.2722222222222222,0.0
2022-03-30T20:31:58,49,0,180,0.2722222222222222,0.0
2022-03-30T20:40:33,49,0,180,0.2722222222222222,0.0
2022-03-30T20:49:19,49,0,180,0.2722222222222222,0.0
2022-03-30T20:57:54,49,0,180,0.2722222222222222,0.0
2022-03-30T21:06:28,49,0,180,0.2722222222222222,0.0
2022-03-30T21:15:03,49,0,180,0.2722222222222222,0.0
2022-03-30T21:23:38,49,0,180,0.2722222222222222,0.0
2022-03-30T21:32:13,49,0,180,0.2722222222222222,0.0
2022-03-30T21:41:00,49,0,180,0.2722222222222222,0.0
2022-03-30T21:49:35,49,0,180,0.2722222222222222,0.0
2022-03-30T21:58:10,49,0,180,0.2722222222222222,0.0
2022-03-30T22:06:44,49,0,180,0.2722222222222222,0.0
2022-03-30T22:15:19,49,0,180,0.2722222222222222,0.0
2022-03-30T22:23:54,49,0,180,0.2722222222222222,0.0
2022-03-30T22:32:29,49,0,180,0.2722222222222222,0.0
2022-03-30T22:41:04,49,0,180,0.2722222222222222,0.0
2022-03-30T22:49:53,49,0,180,0.2722222222222222,0.0
2022-03-30T22:58:28,49,0,180,0.2722222222222222,0.0
2022-03-30T23:07:03,49,0,180,0.2722222222222222,0.0
2022-03-30T23:15:38,49,0,180,0.2722222222222222,0.0
2022-03-30T23:24:13,49,0,180,0.2722222222222222,0.0
2022-03-30T23:32:48,49,0,180,0.2722222222222222,0.0
2022-03-30T23:41:23,49,0,180,0.2722222222222222,0.0
2022-03-30T23:50:10,49,0,180,0.2722222222222222,0.0
2022-03-30T23:58:44,49,0,180,0.2722222222222222,0.0
2022-03-31T00:07:19,49,0,180,0.2722222222222222,0.0
2022-03-31T00:15:54,49,0,180,0.2722222222222222,0.0
2022-03-31T00:24:30,49,0,180,0.2722222222222222,0.0
2022-03-31T00:33:05,49,0,180,0.2722222222222222,0.0
2022-03-31T00:41:40,49,0,180,0.2722222222222222,0.0
2022-03-31T00:50:29,49,0,180,0.2722222222222222,0.0
2022-03-31T00:59:05,49,0,180,0.2722222222222222,0.0
2022-03-31T01:07:40,49,0,180,0.2722222222222222,0.0
2022-03-31T01:16:15,49,0,180,0.2722222222222222,0.0
2022-03-31T01:24:50,49,0,180,0.2722222222222222,0.0
2022-03-31T01:33:25,49,0,180,0.2722222222222222,0.0
2022-03-31T01:42:00,49,0,180,0.2722222222222222,0.0
2022-03-31T01:50:35,49,0,180,0.2722222222222222,0.0
2022-03-31T01:59:10,49,0,180,0.2722222222222222,0.0
2022-03-31T02:07:45,49,0,180,0.2722222222222222,0.0
2022-03-31T02:16:20,49,0,180,0.2722222222222222,0.0
2022-03-31T02:24:55,49,0,180,0.2722222222222222,0.0
2022-03-31T02:33:30,49,0,180,0.2722222222222222,0.0
2022-03-31T02:42:04,49,0,180,0.2722222222222222,0.0
2022-03-31T02:50:51,49,0,180,0.2722222222222222,0.0
2022-03-31T02:59:26,49,0,180,0.2722222222222222,0.0
2022-03-31T03:08:02,49,0,180,0.2722222222222222,0.0
2022-03-31T03:16:36,49,0,180,0.2722222222222222,0.0
2022-03-31T03:25:12,49,0,180,0.2722222222222222,0.0
2022-03-31T03:33:47,49,0,180,0.2722222222222222,0.0
2022-03-31T03:42:22,49,0,180,0.2722222222222222,0.0
2022-03-31T03:50:57,49,0,180,0.2722222222222222,0.0
2022-03-31T03:59:32,49,0,180,0.2722222222222222,0.0
2022-03-31T04:08:08,49,0,180,0.2722222222222222,0.0
2022-03-31T04:16:43,49,0,180,0.2722222222222222,0.0
2022-03-31T04:32:06,49,0,180,0.2722222222222222,0.0
2022-03-31T04:40:53,49,0,180,0.2722222222222222,0.0
2022-03-31T04:49:29,49,0,180,0.2722222222222222,0.0
2022-03-31T04:58:05,49,0,180,0.2722222222222222,0.0
2022-03-31T05:06:41,49,0,180,0.2722222222222222,0.0
2022-03-31T05:15:17,49,0,180,0.2722222222222222,0.0
2022-03-31T05:23:53,49,0,180,0.2722222222222222,0.0
2022-03-31T05:32:29,49,0,180,0.2722222222222222,0.0
2022-03-31T05:41:04,49,0,180,0.2722222222222222,0.0
2022-03-31T05:49:40,49,0,180,0.2722222222222222,0.0
2022-03-31T05:58:15,49,0,180,0.2722222222222222,0.0
2022-03-31T06:06:51,49,0,180,0.2722222222222222,0.0
2022-03-31T06:15:27,49,0,180,0.2722222222222222,0.0
2022-03-31T06:24:02,49,0,180,0.2722222222222222,0.0
2022-03-31T06:32:38,49,0,180,0.2722222222222222,0.0
2022-03-31T06:41:13,49,0,180,0.2722222222222222,0.0
2022-03-31T06:49:48,49,0,180,0.2722222222222222,0.0
2022-03-31T06:58:23,49,0,180,0.2722222222222222,0.0
2022-03-31T07:06:58,49,0,180,0.2722222222222222,0.0
2022-03-31T07:15:33,49,0,180,0.2722222222222222,0.0
2022-03-31T07:24:08,49,0,180,0.2722222222222222,0.0
2022-03-31T07:32:43,49,0,180,0.2722222222222222,0.0
2022-03-31T07:41:18,49,0,180,0.2722222222222222,0.0
2022-03-31T07:49:53,49,0,180,0.2722222222222222,0.0
2022-03-31T07:58:35,49,0,180,0.2722222222222222,0.0
2022-03-31T08:07:10,49,0,180,0.2722222222222222,0.0
2022-03-31T08:15:45,49,0,180,0.2722222222222222,0.0
2022-03-31T08:24:20,49,0,180,0.2722222222222222,0.0
2022-03-31T08:32:55,49,0,180,0.2722222222222222,0.0
2022-03-31T08:41:30,49,0,180,0.2722222222222222,0.0
2022-03-31T08:50:05,49,0,180,0.2722222222222222,0.0
2022-03-31T08:58:40,49,0,180,0.2722222222222222,0.0
2022-03-31T09:07:23,49,0,180,0.2722222222222222,0.0
2022-03-31T09:15:58,49,0,180,0.2722222222222222,0.0
2022-03-31T09:24:33,49,0,180,0.2722222222222222,0.0
2022-03-31T09:33:09,49,0,180,0.2722222222222222,0.0
2022-03-31T09:41:44,49,0,180,0.2722222222222222,0.0
2022-03-31T09:50:19,49,0,180,0.2722222222222222,0.0
2022-03-31T09:59:06,49,0,180,0.2722222222222222,0.0
2022-03-31T10:07:41,49,0,180,0.2722222222222222,0.0
2022-03-31T10:16:16,49,0,180,0.2722222222222222,0.0
2022-03-31T10:24:52,49,0,180,0.2722222222222222,0.0
2022-03-31T10:33:27,49,0,180,0.2722222222222222,0.0
2022-03-31T10:42:12,49,0,180,0.2722222222222222,0.0
2022-03-31T10:50:47,49,0,180,0.2722222222222222,0.0
2022-03-31T10:59:23,49,0,180,0.2722222222222222,0.0
2022-03-31T11:08:00,50,0,180,0.2777777777777778,0.0
2022-03-31T11:16:37,50,0,180,0.2777777777777778,0.0
2022-03-31T11:25:14,50,0,180,0.2777777777777778,0.0
2022-03-31T11:34:01,50,0,180,0.2777777777777778,0.0
2022-03-31T11:42:39,50,0,180,0.2777777777777778,0.0
2022-03-31T11:51:16,49,0,180,0.2722222222222222,0.0
2022-03-31T11:59:53,49,0,180,0.2722222222222222,0.0
2022-03-31T12:08:30,49,0,180,0.2722222222222222,0.0
2022-03-31T12:17:16,49,0,180,0.2722222222222222,0.0
2022-03-31T12:25:52,49,0,180,0.2722222222222222,0.0
2022-03-31T12:34:28,49,0,180,0.2722222222222222,0.0
2022-03-31T12:43:05,49,0,180,0.2722222222222222,0.0
2022-03-31T12:51:41,49,0,180,0.2722222222222222,0.0
2022-03-31T13:00:27,49,0,180,0.2722222222222222,0.0
2022-03-31T13:09:03,49,0,180,0.2722222222222222,0.0
2022-03-31T13:17:39,49,0,180,0.2722222222222222,0.0
2022-03-31T13:26:15,49,0,180,0.2722222222222222,0.0
2022-03-31T13:34:51,49,0,180,0.2722222222222222,0.0
2022-03-31T13:43:36,49,0,180,0.2722222222222222,0.0
2022-03-31T13:52:12,49,0,180,0.2722222222222222,0.0
2022-03-31T14:00:48,49,0,180,0.2722222222222222,0.0
2022-03-31T14:09:23,49,0,180,0.2722222222222222,0.0
2022-03-31T14:17:59,49,0,180,0.2722222222222222,0.0
2022-03-31T14:26:44,49,0,180,0.2722222222222222,0.0
2022-03-31T14:35:19,49,0,180,0.2722222222222222,0.0
2022-03-31T14:43:54,49,0,180,0.2722222222222222,0.0
2022-03-31T14:52:29,50,0,180,0.2777777777777778,0.0
2022-03-31T15:01:05,50,0,180,0.2777777777777778,0.0
2022-03-31T15:09:50,50,0,180,0.2777777777777778,0.0
2022-03-31T15:18:25,50,0,180,0.2777777777777778,0.0
2022-03-31T15:27:01,50,0,180,0.2777777777777778,0.0
2022-03-31T15:35:37,50,0,180,0.2777777777777778,0.0
2022-03-31T15:44:12,50,0,180,0.2777777777777778,0.0
2022-03-31T15:52:47,50,0,180,0.2777777777777778,0.0
2022-03-31T16:01:34,50,0,180,0.2777777777777778,0.0
2022-03-31T16:10:09,50,0,180,0.2777777777777778,0.0
2022-03-31T16:18:44,50,0,180,0.2777777777777778,0.0
2022-03-31T16:27:19,50,0,180,0.2777777777777778,0.0
2022-03-31T16:35:54,50,0,180,0.2777777777777778,0.0
2022-03-31T16:44:40,50,0,180,0.2777777777777778,0.0
2022-03-31T16:53:15,50,0,180,0.2777777777777778,0.0
2022-03-31T17:01:50,50,0,180,0.2777777777777778,0.0
2022-03-31T17:10:25,50,0,180,0.2777777777777778,0.0
2022-03-31T17:19:00,50,0,180,0.2777777777777778,0.0
2022-03-31T17:27:44,50,0,180,0.2777777777777778,0.0
2022-03-31T17:36:19,50,0,180,0.2777777777777778,0.0
2022-03-31T17:44:53,50,0,180,0.2777777777777778,0.0
2022-03-31T17:53:28,50,0,180,0.2777777777777778,0.0
2022-03-31T18:02:03,50,0,180,0.2777777777777778,0.0
2022-03-31T18:10:47,50,0,180,0.2777777777777778,0.0
2022-03-31T18:19:22,50,0,180,0.2777777777777778,0.0
2022-03-31T18:27:57,50,0,180,0.2777777777777778,0.0
2022-03-31T18:36:32,50,0,180,0.2777777777777778,0.0
2022-03-31T18:45:07,50,0,180,0.2777777777777778,0.0
2022-03-31T18:53:42,50,0,180,0.2777777777777778,0.0
2022-03-31T19:02:16,50,0,180,0.2777777777777778,0.0
2022-03-31T19:10:51,50,0,180,0.2777777777777778,0.0
2022-03-31T19:19:36,50,0,180,0.2777777777777778,0.0
2022-03-31T19:28:11,50,0,180,0.2777777777777778,0.0
2022-03-31T19:36:46,50,0,180,0.2777777777777778,0.0
2022-03-31T19:45:21,50,0,180,0.2777777777777778,0.0
2022-03-31T19:53:56,50,0,180,0.2777777777777778,0.0
2022-03-31T20:02:31,50,0,180,0.2777777777777778,0.0
2022-03-31T20:11:15,50,0,180,0.2777777777777778,0.0
2022-03-31T20:19:50,50,0,180,0.2777777777777778,0.0
2022-03-31T20:28:25,50,0,180,0.2777777777777778,0.0
2022-03-31T20:36:59,50,0,180,0.2777777777777778,0.0
2022-03-31T20:45:34,50,0,180,0.2777777777777778,0.0
2022-03-31T20:54:09,50,0,180,0.2777777777777778,0.0
2022-03-31T21:02:44,50,0,180,0.2777777777777778,0.0
2022-03-31T21:11:18,50,0,180,0.2777777777777778,0.0
2022-03-31T21:20:02,50,0,180,0.2777777777777778,0.0
2022-03-31T21:28:37,50,0,180,0.2777777777777778,0.0
2022-03-31T21:37:12,50,0,180,0.2777777777777778,0.0
2022-03-31T21:45:47,50,0,180,0.2777777777777778,0.0
2022-03-31T21:54:22,50,0,180,0.2777777777777778,0.0
2022-03-31T22:02:56,50,0,180,0.2777777777777778,0.0
2022-03-31T22:11:31,50,0,180,0.2777777777777778,0.0
2022-03-31T22:20:06,50,0,180,0.2777777777777778,0.0
2022-03-31T22:28:41,50,0,180,0.2777777777777778,0.0
2022-03-31T22:37:26,50,0,180,0.2777777777777778,0.0
2022-03-31T22:46:01,50,0,180,0.2777777777777778,0.0
2022-03-31T22:54:35,50,0,180,0.2777777777777778,0.0
2022-03-31T23:03:10,50,0,180,0.2777777777777778,0.0
2022-03-31T23:11:45,50,0,180,0.2777777777777778,0.0
2022-03-31T23:20:20,50,0,180,0.2777777777777778,0.0
2022-03-31T23:28:55,50,0,180,0.2777777777777778,0.0
2022-03-31T23:37:30,50,0,180,0.2777777777777778,0.0
2022-03-31T23:46:05,50,0,180,0.2777777777777778,0.0
2022-03-31T23:54:51,50,0,180,0.2777777777777778,0.0
2022-04-01T00:03:25,50,0,180,0.2777777777777778,0.0
2022-04-01T00:12:00,50,0,180,0.2777777777777778,0.0
2022-04-01T00:20:36,50,0,180,0.2777777777777778,0.0
2022-04-01T00:29:11,50,0,180,0.2777777777777778,0.0
2022-04-01T00:37:46,50,0,180,0.2777777777777778,0.0
2022-04-01T00:46:21,50,0,180,0.2777777777777778,0.0
2022-04-01T00:54:56,50,0,180,0.2777777777777778,0.0
2022-04-01T01:03:31,50,0,180,0.2777777777777778,0.0
2022-04-01T01:12:06,50,0,180,0.2777777777777778,0.0
2022-04-01T01:20:50,50,0,180,0.2777777777777778,0.0
2022-04-01T01:29:25,50,0,180,0.2777777777777778,0.0
2022-04-01T01:38:00,50,0,180,0.2777777777777778,0.0
2022-04-01T01:46:35,50,0,180,0.2777777777777778,0.0
2022-04-01T01:55:10,50,0,180,0.2777777777777778,0.0
2022-04-01T02:03:45,50,0,180,0.2777777777777778,0.0
2022-04-01T02:12:19,50,0,180,0.2777777777777778,0.0
2022-04-01T02:20:54,50,0,180,0.2777777777777778,0.0
2022-04-01T02:29:29,50,0,180,0.2777777777777778,0.0
2022-04-01T02:38:03,50,0,180,0.2777777777777778,0.0
2022-04-01T02:46:38,50,0,180,0.2777777777777778,0.0
2022-04-01T02:55:14,50,0,180,0.2777777777777778,0.0
2022-04-01T03:03:49,50,0,180,0.2777777777777778,0.0
2022-04-01T03:12:24,50,0,180,0.2777777777777778,0.0
2022-04-01T03:20:59,50,0,180,0.2777777777777778,0.0
2022-04-01T03:29:34,50,0,180,0.2777777777777778,0.0
2022-04-01T03:38:09,50,0,180,0.2777777777777778,0.0
2022-04-01T03:46:44,50,0,180,0.2777777777777778,0.0
2022-04-01T03:55:19,50,0,180,0.2777777777777778,0.0
2022-04-01T04:03:54,50,0,180,0.2777777777777778,0.0
2022-04-01T04:12:29,50,0,180,0.2777777777777778,0.0
