time,available,waitlisted,total,normalized_available,normalized_waitlisted
2022-02-12T07:04:21,120,0,120,1.0,0.0
2022-02-12T07:12:29,120,0,120,1.0,0.0
2022-02-12T07:20:43,120,0,120,1.0,0.0
2022-02-12T07:28:50,120,0,120,1.0,0.0
2022-02-12T07:36:58,120,0,120,1.0,0.0
2022-02-12T07:45:05,120,0,120,1.0,0.0
2022-02-12T07:53:13,120,0,120,1.0,0.0
2022-02-12T08:01:21,120,0,120,1.0,0.0
2022-02-12T08:09:29,120,0,120,1.0,0.0
2022-02-12T08:17:36,120,0,120,1.0,0.0
2022-02-12T08:25:44,120,0,120,1.0,0.0
2022-02-12T08:33:51,120,0,120,1.0,0.0
2022-02-12T08:42:06,120,0,120,1.0,0.0
2022-02-12T08:50:14,120,0,120,1.0,0.0
2022-02-12T08:58:21,120,0,120,1.0,0.0
2022-02-12T09:06:29,120,0,120,1.0,0.0
2022-02-12T09:14:36,120,0,120,1.0,0.0
2022-02-12T09:22:43,120,0,120,1.0,0.0
2022-02-12T09:30:51,120,0,120,1.0,0.0
2022-02-12T09:38:58,120,0,120,1.0,0.0
2022-02-12T09:47:06,120,0,120,1.0,0.0
2022-02-12T09:55:13,120,0,120,1.0,0.0
2022-02-12T10:03:21,120,0,120,1.0,0.0
2022-02-12T10:11:28,120,0,120,1.0,0.0
2022-02-12T10:19:36,120,0,120,1.0,0.0
2022-02-12T10:27:43,119,0,120,0.9916666666666667,0.0
2022-02-12T10:35:59,119,0,120,0.9916666666666667,0.0
2022-02-12T10:44:06,119,0,120,0.9916666666666667,0.0
2022-02-12T10:52:14,119,0,120,0.9916666666666667,0.0
2022-02-12T11:00:21,119,0,120,0.9916666666666667,0.0
2022-02-12T11:08:29,119,0,120,0.9916666666666667,0.0
2022-02-12T11:16:36,119,0,120,0.9916666666666667,0.0
2022-02-12T11:24:44,119,0,120,0.9916666666666667,0.0
2022-02-12T11:32:52,119,0,120,0.9916666666666667,0.0
2022-02-12T11:40:59,119,0,120,0.9916666666666667,0.0
2022-02-12T11:49:07,119,0,120,0.9916666666666667,0.0
2022-02-12T11:57:23,119,0,120,0.9916666666666667,0.0
2022-02-12T12:05:31,119,0,120,0.9916666666666667,0.0
2022-02-12T12:13:38,119,0,120,0.9916666666666667,0.0
2022-02-12T12:21:46,119,0,120,0.9916666666666667,0.0
2022-02-12T12:29:53,119,0,120,0.9916666666666667,0.0
2022-02-12T12:38:00,119,0,120,0.9916666666666667,0.0
2022-02-12T12:46:15,119,0,120,0.9916666666666667,0.0
2022-02-12T12:54:22,119,0,120,0.9916666666666667,0.0
2022-02-12T13:02:30,119,0,120,0.9916666666666667,0.0
2022-02-12T13:10:37,119,0,120,0.9916666666666667,0.0
2022-02-12T13:18:45,119,0,120,0.9916666666666667,0.0
2022-02-12T13:26:52,119,0,120,0.9916666666666667,0.0
2022-02-12T13:35:00,119,0,120,0.9916666666666667,0.0
2022-02-12T13:43:07,119,0,120,0.9916666666666667,0.0
2022-02-12T13:51:14,119,0,120,0.9916666666666667,0.0
2022-02-12T13:59:22,119,0,120,0.9916666666666667,0.0
2022-02-12T14:07:29,119,0,120,0.9916666666666667,0.0
2022-02-12T14:15:37,119,0,120,0.9916666666666667,0.0
2022-02-12T14:23:44,119,0,120,0.9916666666666667,0.0
2022-02-12T14:32:02,119,0,120,0.9916666666666667,0.0
2022-02-12T14:40:10,119,0,120,0.9916666666666667,0.0
2022-02-12T14:48:17,119,0,120,0.9916666666666667,0.0
2022-02-12T14:56:25,119,0,120,0.9916666666666667,0.0
2022-02-12T15:04:32,119,0,120,0.9916666666666667,0.0
2022-02-12T15:12:40,119,0,120,0.9916666666666667,0.0
2022-02-12T15:20:48,119,0,120,0.9916666666666667,0.0
2022-02-12T15:28:56,119,0,120,0.9916666666666667,0.0
2022-02-12T15:37:04,119,0,120,0.9916666666666667,0.0
2022-02-12T15:45:12,119,0,120,0.9916666666666667,0.0
2022-02-12T15:53:27,119,0,120,0.9916666666666667,0.0
2022-02-12T16:01:34,119,0,120,0.9916666666666667,0.0
2022-02-12T16:09:41,119,0,120,0.9916666666666667,0.0
2022-02-12T16:17:49,119,0,120,0.9916666666666667,0.0
2022-02-12T16:25:56,119,0,120,0.9916666666666667,0.0
2022-02-12T16:34:04,119,0,120,0.9916666666666667,0.0
2022-02-12T16:42:11,119,0,120,0.9916666666666667,0.0
2022-02-12T16:50:19,119,0,120,0.9916666666666667,0.0
2022-02-12T16:58:26,119,0,120,0.9916666666666667,0.0
2022-02-12T17:06:43,119,0,120,0.9916666666666667,0.0
2022-02-12T17:14:51,118,0,120,0.9833333333333333,0.0
2022-02-12T17:22:58,118,0,120,0.9833333333333333,0.0
2022-02-12T17:31:06,118,0,120,0.9833333333333333,0.0
2022-02-12T17:39:13,118,0,120,0.9833333333333333,0.0
2022-02-12T17:47:21,118,0,120,0.9833333333333333,0.0
2022-02-12T17:55:28,118,0,120,0.9833333333333333,0.0
2022-02-12T18:03:36,118,0,120,0.9833333333333333,0.0
2022-02-12T18:11:43,118,0,120,0.9833333333333333,0.0
2022-02-12T18:19:58,118,0,120,0.9833333333333333,0.0
2022-02-12T18:28:05,118,0,120,0.9833333333333333,0.0
2022-02-12T18:36:13,117,0,120,0.975,0.0
2022-02-12T18:44:20,117,0,120,0.975,0.0
2022-02-12T18:52:27,116,0,120,0.9666666666666667,0.0
2022-02-12T19:00:35,116,0,120,0.9666666666666667,0.0
2022-02-12T19:08:42,116,0,120,0.9666666666666667,0.0
2022-02-12T19:16:50,116,0,120,0.9666666666666667,0.0
2022-02-12T19:24:57,116,0,120,0.9666666666666667,0.0
2022-02-12T19:33:05,115,0,120,0.9583333333333334,0.0
2022-02-12T19:41:12,115,0,120,0.9583333333333334,0.0
2022-02-12T19:49:28,115,0,120,0.9583333333333334,0.0
2022-02-12T19:57:35,115,0,120,0.9583333333333334,0.0
2022-02-12T20:05:43,115,0,120,0.9583333333333334,0.0
2022-02-12T20:13:50,115,0,120,0.9583333333333334,0.0
2022-02-12T20:21:58,115,0,120,0.9583333333333334,0.0
2022-02-12T20:30:05,115,0,120,0.9583333333333334,0.0
2022-02-12T20:38:13,114,0,120,0.95,0.0
2022-02-12T20:46:20,114,0,120,0.95,0.0
2022-02-12T20:54:27,114,0,120,0.95,0.0
2022-02-12T21:02:35,114,0,120,0.95,0.0
2022-02-12T21:10:43,114,0,120,0.95,0.0
2022-02-12T21:18:50,114,0,120,0.95,0.0
2022-02-12T21:27:07,114,0,120,0.95,0.0
2022-02-12T21:35:14,114,0,120,0.95,0.0
2022-02-12T21:43:21,114,0,120,0.95,0.0
2022-02-12T21:51:29,114,0,120,0.95,0.0
2022-02-12T21:59:36,114,0,120,0.95,0.0
2022-02-12T22:07:44,114,0,120,0.95,0.0
2022-02-12T22:15:51,114,0,120,0.95,0.0
2022-02-12T22:23:58,114,0,120,0.95,0.0
2022-02-12T22:32:06,114,0,120,0.95,0.0
2022-02-12T22:40:13,114,0,120,0.95,0.0
2022-02-12T22:48:21,114,0,120,0.95,0.0
2022-02-12T22:56:28,114,0,120,0.95,0.0
2022-02-12T23:04:46,114,0,120,0.95,0.0
2022-02-12T23:12:54,114,0,120,0.95,0.0
2022-02-12T23:21:01,114,0,120,0.95,0.0
2022-02-12T23:29:09,114,0,120,0.95,0.0
2022-02-12T23:37:16,114,0,120,0.95,0.0
2022-02-13T00:37:49,114,0,120,0.95,0.0
2022-02-13T00:45:56,114,0,120,0.95,0.0
2022-02-13T00:54:04,114,0,120,0.95,0.0
2022-02-13T01:02:11,114,0,120,0.95,0.0
2022-02-13T01:10:19,114,0,120,0.95,0.0
2022-02-13T01:18:34,114,0,120,0.95,0.0
2022-02-13T01:26:42,114,0,120,0.95,0.0
2022-02-13T01:34:49,114,0,120,0.95,0.0
2022-02-13T01:42:57,114,0,120,0.95,0.0
2022-02-13T01:51:04,114,0,120,0.95,0.0
2022-02-13T01:59:11,114,0,120,0.95,0.0
2022-02-13T02:07:19,114,0,120,0.95,0.0
2022-02-13T02:15:26,114,0,120,0.95,0.0
2022-02-13T02:23:34,114,0,120,0.95,0.0
2022-02-13T02:31:43,114,0,120,0.95,0.0
2022-02-13T02:39:51,113,0,120,0.9416666666666667,0.0
2022-02-13T02:47:59,113,0,120,0.9416666666666667,0.0
2022-02-13T02:56:07,113,0,120,0.9416666666666667,0.0
2022-02-13T03:04:15,113,0,120,0.9416666666666667,0.0
2022-02-13T03:12:23,113,0,120,0.9416666666666667,0.0
2022-02-13T03:20:31,113,0,120,0.9416666666666667,0.0
2022-02-13T03:28:39,113,0,120,0.9416666666666667,0.0
2022-02-13T03:36:46,113,0,120,0.9416666666666667,0.0
2022-02-13T03:44:54,113,0,120,0.9416666666666667,0.0
2022-02-13T03:53:02,113,0,120,0.9416666666666667,0.0
2022-02-13T04:01:10,113,0,120,0.9416666666666667,0.0
2022-02-13T04:21:22,113,0,120,0.9416666666666667,0.0
2022-02-13T04:30:36,113,0,120,0.9416666666666667,0.0
2022-02-13T04:39:03,113,0,120,0.9416666666666667,0.0
2022-02-13T04:47:11,113,0,120,0.9416666666666667,0.0
2022-02-13T04:55:19,113,0,120,0.9416666666666667,0.0
2022-02-13T05:03:27,113,0,120,0.9416666666666667,0.0
2022-02-13T05:11:35,113,0,120,0.9416666666666667,0.0
2022-02-13T05:19:43,113,0,120,0.9416666666666667,0.0
2022-02-13T05:27:51,113,0,120,0.9416666666666667,0.0
2022-02-13T05:35:59,113,0,120,0.9416666666666667,0.0
2022-02-13T05:44:07,113,0,120,0.9416666666666667,0.0
2022-02-13T05:52:15,113,0,120,0.9416666666666667,0.0
2022-02-13T06:00:23,113,0,120,0.9416666666666667,0.0
2022-02-13T06:08:31,113,0,120,0.9416666666666667,0.0
2022-02-13T06:16:38,113,0,120,0.9416666666666667,0.0
2022-02-13T06:24:46,113,0,120,0.9416666666666667,0.0
2022-02-13T06:32:54,113,0,120,0.9416666666666667,0.0
2022-02-13T06:41:02,113,0,120,0.9416666666666667,0.0
2022-02-13T06:49:10,113,0,120,0.9416666666666667,0.0
2022-02-13T06:57:17,113,0,120,0.9416666666666667,0.0
2022-02-13T07:05:25,113,0,120,0.9416666666666667,0.0
2022-02-13T07:13:32,113,0,120,0.9416666666666667,0.0
2022-02-13T07:21:40,113,0,120,0.9416666666666667,0.0
2022-02-13T07:29:47,113,0,120,0.9416666666666667,0.0
2022-02-13T07:37:55,113,0,120,0.9416666666666667,0.0
2022-02-13T07:46:02,113,0,120,0.9416666666666667,0.0
2022-02-13T07:54:10,113,0,120,0.9416666666666667,0.0
2022-02-13T08:02:17,113,0,120,0.9416666666666667,0.0
2022-02-13T08:10:25,113,0,120,0.9416666666666667,0.0
2022-02-13T08:18:32,113,0,120,0.9416666666666667,0.0
2022-02-13T08:26:40,113,0,120,0.9416666666666667,0.0
2022-02-13T08:34:47,113,0,120,0.9416666666666667,0.0
2022-02-13T08:42:56,113,0,120,0.9416666666666667,0.0
2022-02-13T08:51:03,113,0,120,0.9416666666666667,0.0
2022-02-13T08:59:11,113,0,120,0.9416666666666667,0.0
2022-02-13T09:07:18,113,0,120,0.9416666666666667,0.0
2022-02-13T09:15:25,113,0,120,0.9416666666666667,0.0
2022-02-13T09:23:33,113,0,120,0.9416666666666667,0.0
2022-02-13T09:32:01,113,0,120,0.9416666666666667,0.0
2022-02-13T09:40:08,113,0,120,0.9416666666666667,0.0
2022-02-13T09:48:16,113,0,120,0.9416666666666667,0.0
2022-02-13T09:56:23,113,0,120,0.9416666666666667,0.0
2022-02-13T10:04:30,113,0,120,0.9416666666666667,0.0
2022-02-13T10:12:38,113,0,120,0.9416666666666667,0.0
2022-02-13T10:20:45,113,0,120,0.9416666666666667,0.0
2022-02-13T10:28:53,113,0,120,0.9416666666666667,0.0
2022-02-13T10:37:00,113,0,120,0.9416666666666667,0.0
2022-02-13T10:45:08,113,0,120,0.9416666666666667,0.0
2022-02-13T10:53:15,113,0,120,0.9416666666666667,0.0
2022-02-13T11:01:23,113,0,120,0.9416666666666667,0.0
2022-02-13T11:09:30,113,0,120,0.9416666666666667,0.0
2022-02-13T11:17:37,113,0,120,0.9416666666666667,0.0
2022-02-13T11:25:45,113,0,120,0.9416666666666667,0.0
2022-02-13T11:33:53,113,0,120,0.9416666666666667,0.0
2022-02-13T11:42:09,113,0,120,0.9416666666666667,0.0
2022-02-13T11:50:17,113,0,120,0.9416666666666667,0.0
2022-02-13T11:58:24,113,0,120,0.9416666666666667,0.0
2022-02-13T12:06:32,113,0,120,0.9416666666666667,0.0
2022-02-13T12:14:39,113,0,120,0.9416666666666667,0.0
2022-02-13T12:22:47,113,0,120,0.9416666666666667,0.0
2022-02-13T12:30:54,112,0,120,0.9333333333333333,0.0
2022-02-13T12:39:02,112,0,120,0.9333333333333333,0.0
2022-02-13T12:47:09,112,0,120,0.9333333333333333,0.0
2022-02-13T12:55:17,112,0,120,0.9333333333333333,0.0
2022-02-13T13:03:24,112,0,120,0.9333333333333333,0.0
2022-02-13T13:11:31,112,0,120,0.9333333333333333,0.0
2022-02-13T13:19:39,112,0,120,0.9333333333333333,0.0
2022-02-13T13:27:46,112,0,120,0.9333333333333333,0.0
2022-02-13T13:35:54,112,0,120,0.9333333333333333,0.0
2022-02-13T13:44:10,112,0,120,0.9333333333333333,0.0
2022-02-13T13:52:18,112,0,120,0.9333333333333333,0.0
2022-02-13T14:00:25,112,0,120,0.9333333333333333,0.0
2022-02-13T14:08:32,112,0,120,0.9333333333333333,0.0
2022-02-13T14:16:40,112,0,120,0.9333333333333333,0.0
2022-02-13T14:24:47,112,0,120,0.9333333333333333,0.0
2022-02-13T14:32:55,112,0,120,0.9333333333333333,0.0
2022-02-13T14:41:02,112,0,120,0.9333333333333333,0.0
2022-02-13T14:49:09,112,0,120,0.9333333333333333,0.0
2022-02-13T14:57:17,112,0,120,0.9333333333333333,0.0
2022-02-13T15:05:24,112,0,120,0.9333333333333333,0.0
2022-02-13T15:13:47,112,0,120,0.9333333333333333,0.0
2022-02-13T15:21:54,112,0,120,0.9333333333333333,0.0
2022-02-13T15:30:02,112,0,120,0.9333333333333333,0.0
2022-02-13T15:38:09,112,0,120,0.9333333333333333,0.0
2022-02-13T15:46:17,112,0,120,0.9333333333333333,0.0
2022-02-13T15:54:24,112,0,120,0.9333333333333333,0.0
2022-02-13T16:02:31,112,0,120,0.9333333333333333,0.0
2022-02-13T16:10:39,112,0,120,0.9333333333333333,0.0
2022-02-13T16:18:47,112,0,120,0.9333333333333333,0.0
2022-02-13T16:26:54,112,0,120,0.9333333333333333,0.0
2022-02-13T16:35:02,112,0,120,0.9333333333333333,0.0
2022-02-13T16:43:09,112,0,120,0.9333333333333333,0.0
2022-02-13T16:51:17,112,0,120,0.9333333333333333,0.0
2022-02-13T16:59:24,112,0,120,0.9333333333333333,0.0
2022-02-13T17:07:32,112,0,120,0.9333333333333333,0.0
2022-02-13T17:15:49,112,0,120,0.9333333333333333,0.0
2022-02-13T17:23:56,112,0,120,0.9333333333333333,0.0
2022-02-13T17:32:04,112,0,120,0.9333333333333333,0.0
2022-02-13T17:40:11,112,0,120,0.9333333333333333,0.0
2022-02-13T17:48:19,112,0,120,0.9333333333333333,0.0
2022-02-13T17:56:26,112,0,120,0.9333333333333333,0.0
2022-02-13T18:04:34,112,0,120,0.9333333333333333,0.0
2022-02-13T18:12:58,112,0,120,0.9333333333333333,0.0
2022-02-13T18:21:06,112,0,120,0.9333333333333333,0.0
2022-02-13T18:29:13,112,0,120,0.9333333333333333,0.0
2022-02-13T18:37:20,112,0,120,0.9333333333333333,0.0
2022-02-13T18:45:28,111,0,120,0.925,0.0
2022-02-13T18:53:35,111,0,120,0.925,0.0
2022-02-13T19:01:43,111,0,120,0.925,0.0
2022-02-13T19:09:50,111,0,120,0.925,0.0
2022-02-13T19:17:57,111,0,120,0.925,0.0
2022-02-13T19:26:05,111,0,120,0.925,0.0
2022-02-13T19:34:12,111,0,120,0.925,0.0
2022-02-13T19:42:20,111,0,120,0.925,0.0
2022-02-13T19:50:27,111,0,120,0.925,0.0
2022-02-13T19:58:35,111,0,120,0.925,0.0
2022-02-13T20:06:51,111,0,120,0.925,0.0
2022-02-13T20:14:58,111,0,120,0.925,0.0
2022-02-13T20:23:06,111,0,120,0.925,0.0
2022-02-13T20:31:13,111,0,120,0.925,0.0
2022-02-13T20:39:20,111,0,120,0.925,0.0
2022-02-13T20:47:28,111,0,120,0.925,0.0
2022-02-13T20:55:35,111,0,120,0.925,0.0
2022-02-13T21:03:43,111,0,120,0.925,0.0
2022-02-13T21:11:50,111,0,120,0.925,0.0
2022-02-13T21:20:09,111,0,120,0.925,0.0
2022-02-13T21:28:16,111,0,120,0.925,0.0
2022-02-13T21:36:24,111,0,120,0.925,0.0
2022-02-13T21:44:31,111,0,120,0.925,0.0
2022-02-13T21:52:39,111,0,120,0.925,0.0
2022-02-13T22:00:46,111,0,120,0.925,0.0
2022-02-13T22:08:54,111,0,120,0.925,0.0
2022-02-13T22:17:01,111,0,120,0.925,0.0
2022-02-13T22:25:09,111,0,120,0.925,0.0
2022-02-13T22:33:35,111,0,120,0.925,0.0
2022-02-13T22:41:42,111,0,120,0.925,0.0
2022-02-13T22:49:49,111,0,120,0.925,0.0
2022-02-13T22:57:57,111,0,120,0.925,0.0
2022-02-13T23:06:04,111,0,120,0.925,0.0
2022-02-13T23:14:12,111,0,120,0.925,0.0
2022-02-13T23:22:20,111,0,120,0.925,0.0
2022-02-13T23:30:27,111,0,120,0.925,0.0
2022-02-13T23:38:35,111,0,120,0.925,0.0
2022-02-13T23:46:42,111,0,120,0.925,0.0
2022-02-13T23:55:00,111,0,120,0.925,0.0
2022-02-14T00:03:07,111,0,120,0.925,0.0
2022-02-14T00:11:15,111,0,120,0.925,0.0
2022-02-14T00:19:23,111,0,120,0.925,0.0
2022-02-14T00:27:31,111,0,120,0.925,0.0
2022-02-14T00:35:38,111,0,120,0.925,0.0
2022-02-14T00:43:46,111,0,120,0.925,0.0
2022-02-14T00:51:54,111,0,120,0.925,0.0
2022-02-14T01:00:02,111,0,120,0.925,0.0
2022-02-14T01:08:09,111,0,120,0.925,0.0
2022-02-14T01:16:17,111,0,120,0.925,0.0
2022-02-14T01:24:25,111,0,120,0.925,0.0
2022-02-14T01:32:33,111,0,120,0.925,0.0
2022-02-14T01:40:41,111,0,120,0.925,0.0
2022-02-14T01:49:05,111,0,120,0.925,0.0
2022-02-14T01:57:13,111,0,120,0.925,0.0
2022-02-14T02:05:21,111,0,120,0.925,0.0
2022-02-14T02:09:57,111,0,120,0.925,0.0
2022-02-14T02:18:05,111,0,120,0.925,0.0
2022-02-14T02:26:13,111,0,120,0.925,0.0
2022-02-14T02:34:20,111,0,120,0.925,0.0
2022-02-14T02:42:28,111,0,120,0.925,0.0
2022-02-14T02:50:35,111,0,120,0.925,0.0
2022-02-14T02:58:43,111,0,120,0.925,0.0
2022-02-14T03:06:50,111,0,120,0.925,0.0
2022-02-14T03:14:58,111,0,120,0.925,0.0
2022-02-14T03:23:06,111,0,120,0.925,0.0
2022-02-14T03:31:13,111,0,120,0.925,0.0
2022-02-14T03:39:21,111,0,120,0.925,0.0
2022-02-14T03:47:29,111,0,120,0.925,0.0
2022-02-14T03:55:36,111,0,120,0.925,0.0
2022-02-14T04:03:44,111,0,120,0.925,0.0
2022-02-14T04:16:06,111,0,120,0.925,0.0
2022-02-14T04:24:15,111,0,120,0.925,0.0
2022-02-14T04:28:28,111,0,120,0.925,0.0
2022-02-14T04:36:38,111,0,120,0.925,0.0
2022-02-14T04:45:56,111,0,120,0.925,0.0
2022-02-14T04:54:24,111,0,120,0.925,0.0
2022-02-14T05:02:32,111,0,120,0.925,0.0
2022-02-14T05:10:41,111,0,120,0.925,0.0
2022-02-14T05:18:49,111,0,120,0.925,0.0
2022-02-14T05:26:57,111,0,120,0.925,0.0
2022-02-14T05:35:05,111,0,120,0.925,0.0
2022-02-14T05:43:12,111,0,120,0.925,0.0
2022-02-14T05:51:20,111,0,120,0.925,0.0
2022-02-14T05:59:28,111,0,120,0.925,0.0
2022-02-14T06:07:35,111,0,120,0.925,0.0
2022-02-14T06:15:43,111,0,120,0.925,0.0
2022-02-14T06:23:51,111,0,120,0.925,0.0
2022-02-14T06:31:59,111,0,120,0.925,0.0
2022-02-14T06:40:08,111,0,120,0.925,0.0
2022-02-14T06:48:15,111,0,120,0.925,0.0
2022-02-14T06:56:23,111,0,120,0.925,0.0
2022-02-14T07:04:31,111,0,120,0.925,0.0
2022-02-14T07:12:39,111,0,120,0.925,0.0
2022-02-14T07:20:46,111,0,120,0.925,0.0
2022-02-14T07:28:54,111,0,120,0.925,0.0
2022-02-14T07:37:01,111,0,120,0.925,0.0
2022-02-14T07:45:09,111,0,120,0.925,0.0
2022-02-14T07:53:17,111,0,120,0.925,0.0
2022-02-14T08:01:24,111,0,120,0.925,0.0
2022-02-14T08:09:32,111,0,120,0.925,0.0
2022-02-14T08:17:39,111,0,120,0.925,0.0
2022-02-14T08:25:47,111,0,120,0.925,0.0
2022-02-14T08:34:03,111,0,120,0.925,0.0
2022-02-14T08:42:11,111,0,120,0.925,0.0
2022-02-14T08:50:19,111,0,120,0.925,0.0
2022-02-14T08:58:26,111,0,120,0.925,0.0
2022-02-14T09:06:34,111,0,120,0.925,0.0
2022-02-14T09:14:42,110,0,120,0.9166666666666666,0.0
2022-02-14T09:22:49,110,0,120,0.9166666666666666,0.0
2022-02-14T09:30:57,110,0,120,0.9166666666666666,0.0
2022-02-14T09:39:05,110,0,120,0.9166666666666666,0.0
2022-02-14T09:47:13,110,0,120,0.9166666666666666,0.0
2022-02-14T09:55:20,110,0,120,0.9166666666666666,0.0
2022-02-14T10:03:28,110,0,120,0.9166666666666666,0.0
2022-02-14T10:11:49,110,0,120,0.9166666666666666,0.0
2022-02-14T10:19:57,110,0,120,0.9166666666666666,0.0
2022-02-14T10:28:05,110,0,120,0.9166666666666666,0.0
2022-02-14T10:36:13,110,0,120,0.9166666666666666,0.0
2022-02-14T10:44:21,110,0,120,0.9166666666666666,0.0
2022-02-14T10:52:30,110,0,120,0.9166666666666666,0.0
2022-02-14T11:00:38,110,0,120,0.9166666666666666,0.0
2022-02-14T11:08:54,110,0,120,0.9166666666666666,0.0
2022-02-14T11:17:02,110,0,120,0.9166666666666666,0.0
2022-02-14T11:25:11,110,0,120,0.9166666666666666,0.0
2022-02-14T11:33:19,110,0,120,0.9166666666666666,0.0
2022-02-14T11:41:27,110,0,120,0.9166666666666666,0.0
2022-02-14T11:49:35,110,0,120,0.9166666666666666,0.0
2022-02-14T11:57:52,110,0,120,0.9166666666666666,0.0
2022-02-14T12:06:00,109,0,120,0.9083333333333333,0.0
2022-02-14T12:14:08,109,0,120,0.9083333333333333,0.0
2022-02-14T12:22:16,109,0,120,0.9083333333333333,0.0
2022-02-14T12:30:24,109,0,120,0.9083333333333333,0.0
2022-02-14T12:38:31,109,0,120,0.9083333333333333,0.0
2022-02-14T12:46:39,109,0,120,0.9083333333333333,0.0
2022-02-14T12:54:56,109,0,120,0.9083333333333333,0.0
2022-02-14T13:03:04,108,0,120,0.9,0.0
2022-02-14T13:11:12,108,0,120,0.9,0.0
2022-02-14T13:19:20,108,0,120,0.9,0.0
2022-02-14T13:27:38,107,0,120,0.8916666666666667,0.0
2022-02-14T13:35:45,107,0,120,0.8916666666666667,0.0
2022-02-14T13:43:54,107,0,120,0.8916666666666667,0.0
2022-02-14T13:52:02,106,0,120,0.8833333333333333,0.0
2022-02-14T14:00:10,106,0,120,0.8833333333333333,0.0
2022-02-14T14:08:27,106,0,120,0.8833333333333333,0.0
2022-02-14T14:16:35,106,0,120,0.8833333333333333,0.0
2022-02-14T14:24:43,105,0,120,0.875,0.0
2022-02-14T14:32:50,103,0,120,0.8583333333333333,0.0
2022-02-14T14:40:59,103,0,120,0.8583333333333333,0.0
2022-02-14T14:49:07,103,0,120,0.8583333333333333,0.0
2022-02-14T14:57:24,103,0,120,0.8583333333333333,0.0
2022-02-14T15:05:32,101,0,120,0.8416666666666667,0.0
2022-02-14T15:13:40,101,0,120,0.8416666666666667,0.0
2022-02-14T15:21:48,99,0,120,0.825,0.0
2022-02-14T15:29:56,99,0,120,0.825,0.0
2022-02-14T15:38:04,99,0,120,0.825,0.0
2022-02-14T15:46:22,99,0,120,0.825,0.0
2022-02-14T15:54:30,99,0,120,0.825,0.0
2022-02-14T16:02:38,98,0,120,0.8166666666666667,0.0
2022-02-14T16:10:46,98,0,120,0.8166666666666667,0.0
2022-02-14T16:18:54,97,0,120,0.8083333333333333,0.0
2022-02-14T16:27:13,97,0,120,0.8083333333333333,0.0
2022-02-14T16:35:20,97,0,120,0.8083333333333333,0.0
2022-02-14T16:43:28,97,0,120,0.8083333333333333,0.0
2022-02-14T16:51:35,97,0,120,0.8083333333333333,0.0
2022-02-14T16:59:43,96,0,120,0.8,0.0
2022-02-14T17:08:01,96,0,120,0.8,0.0
2022-02-14T17:16:08,96,0,120,0.8,0.0
2022-02-14T17:24:16,95,0,120,0.7916666666666666,0.0
2022-02-14T17:32:24,95,0,120,0.7916666666666666,0.0
2022-02-14T17:40:31,95,0,120,0.7916666666666666,0.0
2022-02-14T17:48:51,95,0,120,0.7916666666666666,0.0
2022-02-14T17:56:59,95,0,120,0.7916666666666666,0.0
2022-02-14T18:05:07,95,0,120,0.7916666666666666,0.0
2022-02-14T18:13:14,95,0,120,0.7916666666666666,0.0
2022-02-14T18:21:22,95,0,120,0.7916666666666666,0.0
2022-02-14T18:29:40,95,0,120,0.7916666666666666,0.0
2022-02-14T18:37:48,95,0,120,0.7916666666666666,0.0
2022-02-14T18:45:55,94,0,120,0.7833333333333333,0.0
2022-02-14T18:54:03,94,0,120,0.7833333333333333,0.0
2022-02-14T19:02:10,94,0,120,0.7833333333333333,0.0
2022-02-14T19:10:19,94,0,120,0.7833333333333333,0.0
2022-02-14T19:18:35,94,0,120,0.7833333333333333,0.0
2022-02-14T19:26:42,94,0,120,0.7833333333333333,0.0
2022-02-14T19:34:50,93,0,120,0.775,0.0
2022-02-14T19:42:57,92,0,120,0.7666666666666667,0.0
2022-02-14T19:51:05,93,0,120,0.775,0.0
2022-02-14T19:59:22,93,0,120,0.775,0.0
2022-02-14T20:07:29,93,0,120,0.775,0.0
2022-02-14T20:15:37,93,0,120,0.775,0.0
2022-02-14T20:23:44,93,0,120,0.775,0.0
2022-02-14T20:32:03,93,0,120,0.775,0.0
2022-02-14T20:40:11,92,0,120,0.7666666666666667,0.0
2022-02-14T20:48:18,92,0,120,0.7666666666666667,0.0
2022-02-14T20:56:26,92,0,120,0.7666666666666667,0.0
2022-02-14T21:04:33,91,0,120,0.7583333333333333,0.0
2022-02-14T21:12:41,91,0,120,0.7583333333333333,0.0
2022-02-14T21:21:00,91,0,120,0.7583333333333333,0.0
2022-02-14T21:29:08,91,0,120,0.7583333333333333,0.0
2022-02-14T21:37:16,91,0,120,0.7583333333333333,0.0
2022-02-14T21:45:24,91,0,120,0.7583333333333333,0.0
2022-02-14T21:53:32,91,0,120,0.7583333333333333,0.0
2022-02-14T22:01:39,91,0,120,0.7583333333333333,0.0
2022-02-14T22:09:47,91,0,120,0.7583333333333333,0.0
2022-02-14T22:18:05,91,0,120,0.7583333333333333,0.0
2022-02-14T22:26:13,91,0,120,0.7583333333333333,0.0
2022-02-14T22:34:21,91,0,120,0.7583333333333333,0.0
2022-02-14T22:42:28,91,0,120,0.7583333333333333,0.0
2022-02-14T22:50:36,90,0,120,0.75,0.0
2022-02-14T22:58:43,90,0,120,0.75,0.0
2022-02-14T23:07:00,90,0,120,0.75,0.0
2022-02-14T23:15:08,90,0,120,0.75,0.0
2022-02-14T23:23:16,90,0,120,0.75,0.0
2022-02-14T23:31:23,89,0,120,0.7416666666666667,0.0
2022-02-14T23:39:31,88,0,120,0.7333333333333333,0.0
2022-02-14T23:47:39,88,0,120,0.7333333333333333,0.0
2022-02-14T23:55:46,88,0,120,0.7333333333333333,0.0
2022-02-15T00:03:54,88,0,120,0.7333333333333333,0.0
2022-02-15T00:12:02,88,0,120,0.7333333333333333,0.0
2022-02-15T00:20:10,88,0,120,0.7333333333333333,0.0
2022-02-15T00:28:26,88,0,120,0.7333333333333333,0.0
2022-02-15T00:36:34,88,0,120,0.7333333333333333,0.0
2022-02-15T00:44:41,88,0,120,0.7333333333333333,0.0
2022-02-15T00:52:49,88,0,120,0.7333333333333333,0.0
2022-02-15T01:00:57,88,0,120,0.7333333333333333,0.0
2022-02-15T01:09:05,88,0,120,0.7333333333333333,0.0
2022-02-15T01:17:13,88,0,120,0.7333333333333333,0.0
2022-02-15T01:25:20,88,0,120,0.7333333333333333,0.0
2022-02-15T01:33:28,87,0,120,0.725,0.0
2022-02-15T01:41:35,87,0,120,0.725,0.0
2022-02-15T01:49:51,87,0,120,0.725,0.0
2022-02-15T01:57:59,87,0,120,0.725,0.0
2022-02-15T02:06:07,87,0,120,0.725,0.0
2022-02-15T02:15:29,87,0,120,0.725,0.0
2022-02-15T02:23:37,87,0,120,0.725,0.0
2022-02-15T02:31:44,87,0,120,0.725,0.0
2022-02-15T02:39:51,87,0,120,0.725,0.0
2022-02-15T02:47:59,87,0,120,0.725,0.0
2022-02-15T02:56:06,87,0,120,0.725,0.0
2022-02-15T03:04:14,87,0,120,0.725,0.0
2022-02-15T03:12:22,87,0,120,0.725,0.0
2022-02-15T03:20:29,87,0,120,0.725,0.0
2022-02-15T03:28:37,87,0,120,0.725,0.0
2022-02-15T03:36:45,87,0,120,0.725,0.0
2022-02-15T03:44:53,87,0,120,0.725,0.0
2022-02-15T03:53:00,87,0,120,0.725,0.0
2022-02-15T04:01:08,87,0,120,0.725,0.0
2022-02-15T04:09:16,87,0,120,0.725,0.0
2022-02-15T04:37:14,87,0,120,0.725,0.0
2022-02-15T04:45:40,87,0,120,0.725,0.0
2022-02-15T04:53:48,87,0,120,0.725,0.0
2022-02-15T05:01:56,87,0,120,0.725,0.0
2022-02-15T05:10:05,87,0,120,0.725,0.0
2022-02-15T05:18:13,87,0,120,0.725,0.0
2022-02-15T05:26:21,87,0,120,0.725,0.0
2022-02-15T05:34:29,87,0,120,0.725,0.0
2022-02-15T05:42:37,87,0,120,0.725,0.0
2022-02-15T05:50:46,87,0,120,0.725,0.0
2022-02-15T05:58:54,87,0,120,0.725,0.0
2022-02-15T06:07:02,87,0,120,0.725,0.0
2022-02-15T06:15:10,87,0,120,0.725,0.0
2022-02-15T06:23:18,87,0,120,0.725,0.0
2022-02-15T06:31:27,87,0,120,0.725,0.0
2022-02-15T06:39:35,87,0,120,0.725,0.0
2022-02-15T06:47:43,87,0,120,0.725,0.0
2022-02-15T06:55:51,87,0,120,0.725,0.0
2022-02-15T07:03:58,87,0,120,0.725,0.0
2022-02-15T07:12:06,87,0,120,0.725,0.0
2022-02-15T07:20:14,87,0,120,0.725,0.0
2022-02-15T07:28:21,87,0,120,0.725,0.0
2022-02-15T07:36:29,87,0,120,0.725,0.0
2022-02-15T07:44:37,87,0,120,0.725,0.0
2022-02-15T07:52:45,87,0,120,0.725,0.0
2022-02-15T08:00:54,87,0,120,0.725,0.0
2022-02-15T08:09:01,87,0,120,0.725,0.0
2022-02-15T08:17:09,87,0,120,0.725,0.0
2022-02-15T08:25:26,86,0,120,0.7166666666666667,0.0
2022-02-15T08:33:34,84,0,120,0.7,0.0
2022-02-15T08:41:42,84,0,120,0.7,0.0
2022-02-15T08:49:50,84,0,120,0.7,0.0
2022-02-15T08:57:57,84,0,120,0.7,0.0
2022-02-15T09:06:05,84,0,120,0.7,0.0
2022-02-15T09:14:13,83,0,120,0.6916666666666667,0.0
2022-02-15T09:22:21,82,0,120,0.6833333333333333,0.0
2022-02-15T09:30:29,82,0,120,0.6833333333333333,0.0
2022-02-15T09:38:45,81,0,120,0.675,0.0
2022-02-15T09:46:52,81,0,120,0.675,0.0
2022-02-15T09:55:00,81,0,120,0.675,0.0
2022-02-15T10:03:08,81,0,120,0.675,0.0
2022-02-15T10:11:15,80,0,120,0.6666666666666666,0.0
2022-02-15T10:19:23,80,0,120,0.6666666666666666,0.0
2022-02-15T10:27:32,80,0,120,0.6666666666666666,0.0
2022-02-15T10:35:40,79,0,120,0.6583333333333333,0.0
2022-02-15T10:43:48,78,0,120,0.65,0.0
2022-02-15T10:52:04,78,0,120,0.65,0.0
2022-02-15T11:00:12,78,0,120,0.65,0.0
2022-02-15T11:08:21,78,0,120,0.65,0.0
2022-02-15T11:16:29,78,0,120,0.65,0.0
2022-02-15T11:24:37,78,0,120,0.65,0.0
2022-02-15T11:32:45,78,0,120,0.65,0.0
2022-02-15T11:40:53,78,0,120,0.65,0.0
2022-02-15T11:49:01,77,0,120,0.6416666666666667,0.0
2022-02-15T11:57:19,75,0,120,0.625,0.0
2022-02-15T12:05:26,75,0,120,0.625,0.0
2022-02-15T12:13:34,75,0,120,0.625,0.0
2022-02-15T12:21:42,76,0,120,0.6333333333333333,0.0
2022-02-15T12:29:50,76,0,120,0.6333333333333333,0.0
2022-02-15T12:37:57,76,0,120,0.6333333333333333,0.0
2022-02-15T12:46:05,76,0,120,0.6333333333333333,0.0
2022-02-15T12:54:21,76,0,120,0.6333333333333333,0.0
2022-02-15T13:02:29,76,0,120,0.6333333333333333,0.0
2022-02-15T13:10:37,76,0,120,0.6333333333333333,0.0
2022-02-15T13:18:44,76,0,120,0.6333333333333333,0.0
2022-02-15T13:26:52,75,0,120,0.625,0.0
2022-02-15T13:35:00,74,0,120,0.6166666666666667,0.0
2022-02-15T13:43:17,74,0,120,0.6166666666666667,0.0
2022-02-15T13:51:25,74,0,120,0.6166666666666667,0.0
2022-02-15T13:59:33,74,0,120,0.6166666666666667,0.0
2022-02-15T14:07:42,72,0,120,0.6,0.0
2022-02-15T14:15:50,72,0,120,0.6,0.0
2022-02-15T14:23:58,72,0,120,0.6,0.0
2022-02-15T14:32:06,72,0,120,0.6,0.0
2022-02-15T14:40:23,72,0,120,0.6,0.0
2022-02-15T14:48:31,71,0,120,0.5916666666666667,0.0
2022-02-15T14:56:39,69,0,120,0.575,0.0
2022-02-15T15:04:46,69,0,120,0.575,0.0
2022-02-15T15:12:54,68,0,120,0.5666666666666667,0.0
2022-02-15T15:21:02,68,0,120,0.5666666666666667,0.0
2022-02-15T15:29:10,68,0,120,0.5666666666666667,0.0
2022-02-15T15:37:30,68,0,120,0.5666666666666667,0.0
2022-02-15T15:45:39,69,0,120,0.575,0.0
2022-02-15T15:53:47,68,0,120,0.5666666666666667,0.0
2022-02-15T16:01:55,67,0,120,0.5583333333333333,0.0
2022-02-15T16:10:03,67,0,120,0.5583333333333333,0.0
2022-02-15T16:18:11,67,0,120,0.5583333333333333,0.0
2022-02-15T16:26:18,67,0,120,0.5583333333333333,0.0
2022-02-15T16:34:35,67,0,120,0.5583333333333333,0.0
2022-02-15T16:42:43,67,0,120,0.5583333333333333,0.0
2022-02-15T16:50:50,67,0,120,0.5583333333333333,0.0
2022-02-15T16:58:58,66,0,120,0.55,0.0
2022-02-15T17:07:06,65,0,120,0.5416666666666666,0.0
2022-02-15T17:15:14,65,0,120,0.5416666666666666,0.0
2022-02-15T17:23:22,65,0,120,0.5416666666666666,0.0
2022-02-15T17:31:39,65,0,120,0.5416666666666666,0.0
2022-02-15T17:39:46,65,0,120,0.5416666666666666,0.0
2022-02-15T17:47:54,65,0,120,0.5416666666666666,0.0
2022-02-15T17:56:02,64,0,120,0.5333333333333333,0.0
2022-02-15T18:04:12,64,0,120,0.5333333333333333,0.0
2022-02-15T18:12:20,65,0,120,0.5416666666666666,0.0
2022-02-15T18:20:28,65,0,120,0.5416666666666666,0.0
2022-02-15T18:28:45,65,0,120,0.5416666666666666,0.0
2022-02-15T18:36:54,65,0,120,0.5416666666666666,0.0
2022-02-15T18:45:02,65,0,120,0.5416666666666666,0.0
2022-02-15T18:53:09,65,0,120,0.5416666666666666,0.0
2022-02-15T19:01:17,65,0,120,0.5416666666666666,0.0
2022-02-15T19:09:25,65,0,120,0.5416666666666666,0.0
2022-02-15T19:17:42,65,0,120,0.5416666666666666,0.0
2022-02-15T19:25:49,65,0,120,0.5416666666666666,0.0
2022-02-15T19:33:57,65,0,120,0.5416666666666666,0.0
2022-02-15T19:42:05,65,0,120,0.5416666666666666,0.0
2022-02-15T19:50:13,65,0,120,0.5416666666666666,0.0
2022-02-15T19:58:20,65,0,120,0.5416666666666666,0.0
2022-02-15T20:06:28,65,0,120,0.5416666666666666,0.0
2022-02-15T20:14:45,65,0,120,0.5416666666666666,0.0
2022-02-15T20:22:53,65,0,120,0.5416666666666666,0.0
2022-02-15T20:31:01,65,0,120,0.5416666666666666,0.0
2022-02-15T20:39:09,65,0,120,0.5416666666666666,0.0
2022-02-15T20:47:17,65,0,120,0.5416666666666666,0.0
2022-02-15T20:55:36,65,0,120,0.5416666666666666,0.0
2022-02-15T21:03:44,65,0,120,0.5416666666666666,0.0
2022-02-15T21:11:52,65,0,120,0.5416666666666666,0.0
2022-02-15T21:19:59,65,0,120,0.5416666666666666,0.0
2022-02-15T21:28:07,65,0,120,0.5416666666666666,0.0
2022-02-15T21:36:25,65,0,120,0.5416666666666666,0.0
2022-02-15T21:44:32,65,0,120,0.5416666666666666,0.0
2022-02-15T21:52:40,65,0,120,0.5416666666666666,0.0
2022-02-15T22:00:48,65,0,120,0.5416666666666666,0.0
2022-02-15T22:08:55,65,0,120,0.5416666666666666,0.0
2022-02-15T22:17:03,65,0,120,0.5416666666666666,0.0
2022-02-15T22:25:10,65,0,120,0.5416666666666666,0.0
2022-02-15T22:33:18,65,0,120,0.5416666666666666,0.0
2022-02-15T22:41:34,65,0,120,0.5416666666666666,0.0
2022-02-15T22:49:42,65,0,120,0.5416666666666666,0.0
2022-02-15T22:57:49,65,0,120,0.5416666666666666,0.0
2022-02-15T23:05:57,65,0,120,0.5416666666666666,0.0
2022-02-15T23:14:04,65,0,120,0.5416666666666666,0.0
2022-02-15T23:22:12,65,0,120,0.5416666666666666,0.0
2022-02-15T23:30:20,65,0,120,0.5416666666666666,0.0
2022-02-15T23:41:55,65,0,120,0.5416666666666666,0.0
2022-02-16T00:06:55,64,0,120,0.5333333333333333,0.0
2022-02-16T00:15:06,64,0,120,0.5333333333333333,0.0
2022-02-16T00:33:48,64,0,120,0.5333333333333333,0.0
2022-02-16T00:41:56,64,0,120,0.5333333333333333,0.0
2022-02-16T00:50:04,64,0,120,0.5333333333333333,0.0
2022-02-16T00:58:12,64,0,120,0.5333333333333333,0.0
2022-02-16T01:06:20,64,0,120,0.5333333333333333,0.0
2022-02-16T01:14:27,64,0,120,0.5333333333333333,0.0
2022-02-16T01:22:35,64,0,120,0.5333333333333333,0.0
2022-02-16T01:30:42,64,0,120,0.5333333333333333,0.0
2022-02-16T01:38:59,64,0,120,0.5333333333333333,0.0
2022-02-16T01:47:07,64,0,120,0.5333333333333333,0.0
2022-02-16T01:55:14,64,0,120,0.5333333333333333,0.0
2022-02-16T02:03:22,64,0,120,0.5333333333333333,0.0
2022-02-16T02:11:30,64,0,120,0.5333333333333333,0.0
2022-02-16T02:19:38,64,0,120,0.5333333333333333,0.0
2022-02-16T02:27:45,64,0,120,0.5333333333333333,0.0
2022-02-16T02:35:53,64,0,120,0.5333333333333333,0.0
2022-02-16T02:44:01,64,0,120,0.5333333333333333,0.0
2022-02-16T02:52:09,64,0,120,0.5333333333333333,0.0
2022-02-16T03:00:27,64,0,120,0.5333333333333333,0.0
2022-02-16T03:08:34,64,0,120,0.5333333333333333,0.0
2022-02-16T03:16:42,64,0,120,0.5333333333333333,0.0
2022-02-16T03:24:49,64,0,120,0.5333333333333333,0.0
2022-02-16T03:32:57,64,0,120,0.5333333333333333,0.0
2022-02-16T03:41:04,64,0,120,0.5333333333333333,0.0
2022-02-16T03:49:12,64,0,120,0.5333333333333333,0.0
2022-02-16T03:57:20,64,0,120,0.5333333333333333,0.0
2022-02-16T04:05:27,64,0,120,0.5333333333333333,0.0
2022-02-16T04:13:35,64,0,120,0.5333333333333333,0.0
2022-02-16T04:38:15,64,0,120,0.5333333333333333,0.0
2022-02-16T04:46:23,64,0,120,0.5333333333333333,0.0
2022-02-16T04:54:31,64,0,120,0.5333333333333333,0.0
2022-02-16T05:03:53,64,0,120,0.5333333333333333,0.0
2022-02-16T05:12:27,64,0,120,0.5333333333333333,0.0
2022-02-16T05:20:35,64,0,120,0.5333333333333333,0.0
2022-02-16T05:28:43,64,0,120,0.5333333333333333,0.0
2022-02-16T05:36:52,64,0,120,0.5333333333333333,0.0
2022-02-16T05:45:00,64,0,120,0.5333333333333333,0.0
2022-02-16T05:53:07,64,0,120,0.5333333333333333,0.0
2022-02-16T06:01:15,64,0,120,0.5333333333333333,0.0
2022-02-16T06:09:23,64,0,120,0.5333333333333333,0.0
2022-02-16T06:17:31,64,0,120,0.5333333333333333,0.0
2022-02-16T06:25:38,64,0,120,0.5333333333333333,0.0
2022-02-16T06:33:46,64,0,120,0.5333333333333333,0.0
2022-02-16T06:41:54,64,0,120,0.5333333333333333,0.0
2022-02-16T06:50:01,64,0,120,0.5333333333333333,0.0
2022-02-16T06:58:09,64,0,120,0.5333333333333333,0.0
2022-02-16T07:06:17,64,0,120,0.5333333333333333,0.0
2022-02-16T07:14:24,64,0,120,0.5333333333333333,0.0
2022-02-16T07:22:32,64,0,120,0.5333333333333333,0.0
2022-02-16T07:30:46,64,0,120,0.5333333333333333,0.0
2022-02-16T07:38:54,64,0,120,0.5333333333333333,0.0
2022-02-16T07:47:02,64,0,120,0.5333333333333333,0.0
2022-02-16T07:55:09,64,0,120,0.5333333333333333,0.0
2022-02-16T08:03:17,64,0,120,0.5333333333333333,0.0
2022-02-16T08:11:24,64,0,120,0.5333333333333333,0.0
2022-02-16T08:19:32,64,0,120,0.5333333333333333,0.0
2022-02-16T08:27:40,64,0,120,0.5333333333333333,0.0
2022-02-16T08:35:47,62,0,120,0.5166666666666667,0.0
2022-02-16T08:43:55,62,0,120,0.5166666666666667,0.0
2022-02-16T08:52:02,62,0,120,0.5166666666666667,0.0
2022-02-16T09:00:11,62,0,120,0.5166666666666667,0.0
2022-02-16T09:08:19,62,0,120,0.5166666666666667,0.0
2022-02-16T09:16:27,62,0,120,0.5166666666666667,0.0
2022-02-16T09:24:35,62,0,120,0.5166666666666667,0.0
2022-02-16T09:32:52,62,0,120,0.5166666666666667,0.0
2022-02-16T09:41:00,62,0,120,0.5166666666666667,0.0
2022-02-16T09:49:08,62,0,120,0.5166666666666667,0.0
2022-02-16T09:57:16,61,0,120,0.5083333333333333,0.0
2022-02-16T10:05:24,61,0,120,0.5083333333333333,0.0
2022-02-16T10:13:32,61,0,120,0.5083333333333333,0.0
2022-02-16T10:21:39,61,0,120,0.5083333333333333,0.0
2022-02-16T10:29:47,61,0,120,0.5083333333333333,0.0
2022-02-16T10:38:04,61,0,120,0.5083333333333333,0.0
2022-02-16T10:46:12,61,0,120,0.5083333333333333,0.0
2022-02-16T10:54:20,60,0,120,0.5,0.0
2022-02-16T11:02:27,60,0,120,0.5,0.0
2022-02-16T11:10:35,60,0,120,0.5,0.0
2022-02-16T11:18:43,60,0,120,0.5,0.0
2022-02-16T11:27:04,60,0,120,0.5,0.0
2022-02-16T11:35:13,60,0,120,0.5,0.0
2022-02-16T11:43:21,60,0,120,0.5,0.0
2022-02-16T11:51:28,60,0,120,0.5,0.0
2022-02-16T11:59:36,60,0,120,0.5,0.0
2022-02-16T12:07:44,60,0,120,0.5,0.0
2022-02-16T12:16:03,60,0,120,0.5,0.0
2022-02-16T12:24:11,60,0,120,0.5,0.0
2022-02-16T12:32:19,60,0,120,0.5,0.0
2022-02-16T12:40:28,60,0,120,0.5,0.0
2022-02-16T12:48:37,60,0,120,0.5,0.0
2022-02-16T12:56:53,60,0,120,0.5,0.0
2022-02-16T13:05:01,60,0,120,0.5,0.0
2022-02-16T13:13:09,60,0,120,0.5,0.0
2022-02-16T13:21:17,60,0,120,0.5,0.0
2022-02-16T13:29:25,60,0,120,0.5,0.0
2022-02-16T13:37:46,60,0,120,0.5,0.0
2022-02-16T13:45:54,60,0,120,0.5,0.0
2022-02-16T13:54:02,60,0,120,0.5,0.0
2022-02-16T14:02:11,60,0,120,0.5,0.0
2022-02-16T14:10:19,60,0,120,0.5,0.0
2022-02-16T14:18:37,60,0,120,0.5,0.0
2022-02-16T14:26:45,60,0,120,0.5,0.0
2022-02-16T14:34:53,60,0,120,0.5,0.0
2022-02-16T14:43:01,60,0,120,0.5,0.0
2022-02-16T14:51:08,60,0,120,0.5,0.0
2022-02-16T14:59:27,60,0,120,0.5,0.0
2022-02-16T15:07:35,60,0,120,0.5,0.0
2022-02-16T15:15:43,60,0,120,0.5,0.0
2022-02-16T15:23:51,60,0,120,0.5,0.0
2022-02-16T15:31:59,60,0,120,0.5,0.0
2022-02-16T15:40:07,60,0,120,0.5,0.0
2022-02-16T15:48:25,60,0,120,0.5,0.0
2022-02-16T15:56:33,60,0,120,0.5,0.0
2022-02-16T16:04:41,60,0,120,0.5,0.0
2022-02-16T16:12:49,60,0,120,0.5,0.0
2022-02-16T16:20:56,60,0,120,0.5,0.0
2022-02-16T16:29:05,60,0,120,0.5,0.0
2022-02-16T16:37:24,60,0,120,0.5,0.0
2022-02-16T16:45:32,60,0,120,0.5,0.0
2022-02-16T16:53:40,59,0,120,0.49166666666666664,0.0
2022-02-16T17:01:48,59,0,120,0.49166666666666664,0.0
2022-02-16T17:10:06,59,0,120,0.49166666666666664,0.0
2022-02-16T17:18:14,59,0,120,0.49166666666666664,0.0
2022-02-16T17:26:22,59,0,120,0.49166666666666664,0.0
2022-02-16T17:34:29,59,0,120,0.49166666666666664,0.0
2022-02-16T17:42:37,59,0,120,0.49166666666666664,0.0
2022-02-16T17:50:55,59,0,120,0.49166666666666664,0.0
2022-02-16T17:59:03,59,0,120,0.49166666666666664,0.0
2022-02-16T18:07:11,59,0,120,0.49166666666666664,0.0
2022-02-16T18:15:19,59,0,120,0.49166666666666664,0.0
2022-02-16T18:23:27,59,0,120,0.49166666666666664,0.0
2022-02-16T18:31:44,59,0,120,0.49166666666666664,0.0
2022-02-16T18:39:52,59,0,120,0.49166666666666664,0.0
2022-02-16T18:48:00,59,0,120,0.49166666666666664,0.0
2022-02-16T18:56:08,59,0,120,0.49166666666666664,0.0
2022-02-16T19:04:16,58,0,120,0.48333333333333334,0.0
2022-02-16T19:12:32,58,0,120,0.48333333333333334,0.0
2022-02-16T19:20:41,58,0,120,0.48333333333333334,0.0
2022-02-16T19:28:49,58,0,120,0.48333333333333334,0.0
2022-02-16T19:36:58,58,0,120,0.48333333333333334,0.0
2022-02-16T19:45:08,58,0,120,0.48333333333333334,0.0
2022-02-16T19:53:16,58,0,120,0.48333333333333334,0.0
2022-02-16T20:01:24,58,0,120,0.48333333333333334,0.0
2022-02-16T20:09:43,58,0,120,0.48333333333333334,0.0
2022-02-16T20:17:51,58,0,120,0.48333333333333334,0.0
2022-02-16T20:26:00,58,0,120,0.48333333333333334,0.0
2022-02-16T20:34:09,58,0,120,0.48333333333333334,0.0
2022-02-16T20:42:17,58,0,120,0.48333333333333334,0.0
2022-02-16T20:50:25,58,0,120,0.48333333333333334,0.0
2022-02-16T20:58:33,58,0,120,0.48333333333333334,0.0
2022-02-16T21:06:51,58,0,120,0.48333333333333334,0.0
2022-02-16T21:14:59,58,0,120,0.48333333333333334,0.0
2022-02-16T21:23:06,58,0,120,0.48333333333333334,0.0
2022-02-16T21:31:14,58,0,120,0.48333333333333334,0.0
2022-02-16T21:39:21,58,0,120,0.48333333333333334,0.0
2022-02-16T21:47:29,58,0,120,0.48333333333333334,0.0
2022-02-16T21:55:37,58,0,120,0.48333333333333334,0.0
2022-02-16T22:03:45,58,0,120,0.48333333333333334,0.0
2022-02-16T22:12:03,58,0,120,0.48333333333333334,0.0
2022-02-16T22:20:11,58,0,120,0.48333333333333334,0.0
2022-02-16T22:28:18,58,0,120,0.48333333333333334,0.0
2022-02-16T22:36:26,58,0,120,0.48333333333333334,0.0
2022-02-16T22:44:33,58,0,120,0.48333333333333334,0.0
2022-02-16T22:52:41,58,0,120,0.48333333333333334,0.0
2022-02-16T23:00:48,58,0,120,0.48333333333333334,0.0
2022-02-16T23:08:56,58,0,120,0.48333333333333334,0.0
2022-02-16T23:17:13,58,0,120,0.48333333333333334,0.0
2022-02-16T23:25:20,58,0,120,0.48333333333333334,0.0
2022-02-16T23:33:28,58,0,120,0.48333333333333334,0.0
2022-02-16T23:41:35,58,0,120,0.48333333333333334,0.0
2022-02-16T23:49:43,58,0,120,0.48333333333333334,0.0
2022-02-16T23:57:50,58,0,120,0.48333333333333334,0.0
2022-02-17T00:05:58,58,0,120,0.48333333333333334,0.0
2022-02-17T00:14:18,58,0,120,0.48333333333333334,0.0
2022-02-17T00:22:25,58,0,120,0.48333333333333334,0.0
2022-02-17T00:30:43,58,0,120,0.48333333333333334,0.0
2022-02-17T00:38:50,58,0,120,0.48333333333333334,0.0
2022-02-17T00:46:58,58,0,120,0.48333333333333334,0.0
2022-02-17T00:55:06,58,0,120,0.48333333333333334,0.0
2022-02-17T01:03:14,58,0,120,0.48333333333333334,0.0
2022-02-17T01:11:21,58,0,120,0.48333333333333334,0.0
2022-02-17T01:19:29,58,0,120,0.48333333333333334,0.0
2022-02-17T01:27:36,58,0,120,0.48333333333333334,0.0
2022-02-17T01:35:44,58,0,120,0.48333333333333334,0.0
2022-02-17T01:44:00,58,0,120,0.48333333333333334,0.0
2022-02-17T01:52:07,58,0,120,0.48333333333333334,0.0
2022-02-17T02:00:15,58,0,120,0.48333333333333334,0.0
2022-02-17T02:08:23,58,0,120,0.48333333333333334,0.0
2022-02-17T02:16:30,58,0,120,0.48333333333333334,0.0
2022-02-17T02:24:37,58,0,120,0.48333333333333334,0.0
2022-02-17T02:32:45,58,0,120,0.48333333333333334,0.0
2022-02-17T02:40:52,58,0,120,0.48333333333333334,0.0
2022-02-17T02:48:59,58,0,120,0.48333333333333334,0.0
2022-02-17T02:54:26,58,0,120,0.48333333333333334,0.0
2022-02-17T03:02:36,58,0,120,0.48333333333333334,0.0
2022-02-17T03:14:05,58,0,120,0.48333333333333334,0.0
2022-02-17T03:22:12,58,0,120,0.48333333333333334,0.0
2022-02-17T03:30:19,58,0,120,0.48333333333333334,0.0
2022-02-17T03:38:27,58,0,120,0.48333333333333334,0.0
2022-02-17T03:46:42,58,0,120,0.48333333333333334,0.0
2022-02-17T03:54:51,58,0,120,0.48333333333333334,0.0
2022-02-17T04:02:59,58,0,120,0.48333333333333334,0.0
2022-02-17T04:11:07,58,0,120,0.48333333333333334,0.0
2022-02-17T04:33:34,58,0,120,0.48333333333333334,0.0
2022-02-17T04:41:42,58,0,120,0.48333333333333334,0.0
2022-02-17T04:49:50,58,0,120,0.48333333333333334,0.0
2022-02-17T04:57:58,58,0,120,0.48333333333333334,0.0
2022-02-17T05:06:06,58,0,120,0.48333333333333334,0.0
2022-02-17T05:14:14,58,0,120,0.48333333333333334,0.0
2022-02-17T05:22:22,58,0,120,0.48333333333333334,0.0
2022-02-17T05:30:30,58,0,120,0.48333333333333334,0.0
2022-02-17T05:38:38,58,0,120,0.48333333333333334,0.0
2022-02-17T05:48:27,58,0,120,0.48333333333333334,0.0
2022-02-17T05:56:35,58,0,120,0.48333333333333334,0.0
2022-02-17T06:04:51,58,0,120,0.48333333333333334,0.0
2022-02-17T06:12:59,58,0,120,0.48333333333333334,0.0
2022-02-17T06:21:07,58,0,120,0.48333333333333334,0.0
2022-02-17T06:29:15,58,0,120,0.48333333333333334,0.0
2022-02-17T06:37:23,58,0,120,0.48333333333333334,0.0
2022-02-17T06:45:31,58,0,120,0.48333333333333334,0.0
2022-02-17T06:53:39,58,0,120,0.48333333333333334,0.0
2022-02-17T07:01:46,58,0,120,0.48333333333333334,0.0
2022-02-17T07:09:54,58,0,120,0.48333333333333334,0.0
2022-02-17T07:18:01,58,0,120,0.48333333333333334,0.0
2022-02-17T07:26:09,58,0,120,0.48333333333333334,0.0
2022-02-17T07:34:17,58,0,120,0.48333333333333334,0.0
2022-02-17T07:42:33,58,0,120,0.48333333333333334,0.0
2022-02-17T07:50:41,58,0,120,0.48333333333333334,0.0
2022-02-17T07:58:49,58,0,120,0.48333333333333334,0.0
2022-02-17T08:06:56,58,0,120,0.48333333333333334,0.0
2022-02-17T08:15:04,58,0,120,0.48333333333333334,0.0
2022-02-17T08:23:12,58,0,120,0.48333333333333334,0.0
2022-02-17T08:31:20,58,0,120,0.48333333333333334,0.0
2022-02-17T08:39:27,58,0,120,0.48333333333333334,0.0
2022-02-17T08:47:44,58,0,120,0.48333333333333334,0.0
2022-02-17T08:55:53,58,0,120,0.48333333333333334,0.0
2022-02-17T09:04:01,58,0,120,0.48333333333333334,0.0
2022-02-17T09:12:09,58,0,120,0.48333333333333334,0.0
2022-02-17T09:20:16,58,0,120,0.48333333333333334,0.0
2022-02-17T09:28:24,58,0,120,0.48333333333333334,0.0
2022-02-17T09:36:40,58,0,120,0.48333333333333334,0.0
2022-02-17T09:44:48,58,0,120,0.48333333333333334,0.0
2022-02-17T09:52:57,58,0,120,0.48333333333333334,0.0
2022-02-17T10:01:05,58,0,120,0.48333333333333334,0.0
2022-02-17T10:09:14,58,0,120,0.48333333333333334,0.0
2022-02-17T10:17:31,59,0,120,0.49166666666666664,0.0
2022-02-17T10:25:40,59,0,120,0.49166666666666664,0.0
2022-02-17T10:33:49,59,0,120,0.49166666666666664,0.0
2022-02-17T10:41:58,59,0,120,0.49166666666666664,0.0
2022-02-17T10:50:08,59,0,120,0.49166666666666664,0.0
2022-02-17T10:58:26,59,0,120,0.49166666666666664,0.0
2022-02-17T11:06:38,59,0,120,0.49166666666666664,0.0
2022-02-17T11:14:49,59,0,120,0.49166666666666664,0.0
2022-02-17T11:23:00,59,0,120,0.49166666666666664,0.0
2022-02-17T11:31:20,58,0,120,0.48333333333333334,0.0
2022-02-17T11:39:30,58,0,120,0.48333333333333334,0.0
2022-02-17T11:47:41,58,0,120,0.48333333333333334,0.0
2022-02-17T11:55:51,58,0,120,0.48333333333333334,0.0
2022-02-17T12:04:11,58,0,120,0.48333333333333334,0.0
2022-02-17T12:12:20,58,0,120,0.48333333333333334,0.0
2022-02-17T12:20:29,58,0,120,0.48333333333333334,0.0
2022-02-17T12:28:38,58,0,120,0.48333333333333334,0.0
2022-02-17T12:36:58,58,0,120,0.48333333333333334,0.0
2022-02-17T12:45:07,58,0,120,0.48333333333333334,0.0
2022-02-17T12:53:16,58,0,120,0.48333333333333334,0.0
2022-02-17T13:01:25,58,0,120,0.48333333333333334,0.0
2022-02-17T13:09:35,58,0,120,0.48333333333333334,0.0
2022-02-17T13:17:54,58,0,120,0.48333333333333334,0.0
2022-02-17T13:26:03,58,0,120,0.48333333333333334,0.0
2022-02-17T13:34:12,58,0,120,0.48333333333333334,0.0
2022-02-17T13:42:20,58,0,120,0.48333333333333334,0.0
2022-02-17T13:50:37,58,0,120,0.48333333333333334,0.0
2022-02-17T13:58:45,58,0,120,0.48333333333333334,0.0
2022-02-17T14:06:54,58,0,120,0.48333333333333334,0.0
2022-02-17T14:15:02,58,0,120,0.48333333333333334,0.0
2022-02-17T14:23:10,58,0,120,0.48333333333333334,0.0
2022-02-17T14:31:30,58,0,120,0.48333333333333334,0.0
2022-02-17T14:39:38,58,0,120,0.48333333333333334,0.0
2022-02-17T14:47:46,58,0,120,0.48333333333333334,0.0
2022-02-17T14:55:54,58,0,120,0.48333333333333334,0.0
2022-02-17T15:04:03,58,0,120,0.48333333333333334,0.0
2022-02-17T15:12:21,58,0,120,0.48333333333333334,0.0
2022-02-17T15:20:29,58,0,120,0.48333333333333334,0.0
2022-02-17T15:28:37,58,0,120,0.48333333333333334,0.0
2022-02-17T15:36:45,58,0,120,0.48333333333333334,0.0
2022-02-17T15:45:03,58,0,120,0.48333333333333334,0.0
2022-02-17T15:53:11,58,0,120,0.48333333333333334,0.0
2022-02-17T16:01:19,58,0,120,0.48333333333333334,0.0
2022-02-17T16:09:27,58,0,120,0.48333333333333334,0.0
2022-02-17T16:17:35,58,0,120,0.48333333333333334,0.0
2022-02-17T16:25:43,58,0,120,0.48333333333333334,0.0
2022-02-17T16:34:01,58,0,120,0.48333333333333334,0.0
2022-02-17T16:42:09,58,0,120,0.48333333333333334,0.0
2022-02-17T16:50:16,58,0,120,0.48333333333333334,0.0
2022-02-17T16:58:25,58,0,120,0.48333333333333334,0.0
2022-02-17T17:06:33,58,0,120,0.48333333333333334,0.0
2022-02-17T17:14:50,58,0,120,0.48333333333333334,0.0
2022-02-17T17:22:57,58,0,120,0.48333333333333334,0.0
2022-02-17T17:31:05,58,0,120,0.48333333333333334,0.0
2022-02-17T17:39:13,58,0,120,0.48333333333333334,0.0
2022-02-17T17:47:21,58,0,120,0.48333333333333334,0.0
2022-02-17T17:55:40,58,0,120,0.48333333333333334,0.0
2022-02-17T18:03:48,58,0,120,0.48333333333333334,0.0
2022-02-17T18:11:56,58,0,120,0.48333333333333334,0.0
2022-02-17T18:20:04,58,0,120,0.48333333333333334,0.0
2022-02-17T18:28:21,58,0,120,0.48333333333333334,0.0
2022-02-17T18:36:28,58,0,120,0.48333333333333334,0.0
2022-02-17T18:44:36,58,0,120,0.48333333333333334,0.0
2022-02-17T18:52:43,57,0,120,0.475,0.0
2022-02-17T19:00:51,57,0,120,0.475,0.0
2022-02-17T19:09:08,57,0,120,0.475,0.0
2022-02-17T19:17:16,57,0,120,0.475,0.0
2022-02-17T19:25:23,57,0,120,0.475,0.0
2022-02-17T19:33:31,57,0,120,0.475,0.0
2022-02-17T19:41:38,57,0,120,0.475,0.0
2022-02-17T19:49:46,57,0,120,0.475,0.0
2022-02-17T19:57:53,57,0,120,0.475,0.0
2022-02-17T20:06:01,57,0,120,0.475,0.0
2022-02-17T20:14:19,57,0,120,0.475,0.0
2022-02-17T20:22:26,57,0,120,0.475,0.0
2022-02-17T20:30:34,57,0,120,0.475,0.0
2022-02-17T20:38:41,57,0,120,0.475,0.0
2022-02-17T20:46:48,57,0,120,0.475,0.0
2022-02-17T20:54:56,57,0,120,0.475,0.0
2022-02-17T21:03:03,57,0,120,0.475,0.0
2022-02-17T21:11:11,57,0,120,0.475,0.0
2022-02-17T21:19:18,57,0,120,0.475,0.0
2022-02-17T21:27:35,57,0,120,0.475,0.0
2022-02-17T21:35:42,57,0,120,0.475,0.0
2022-02-17T21:43:50,57,0,120,0.475,0.0
2022-02-17T21:51:57,57,0,120,0.475,0.0
2022-02-17T22:00:05,57,0,120,0.475,0.0
2022-02-17T22:08:12,57,0,120,0.475,0.0
2022-02-17T22:16:20,57,0,120,0.475,0.0
2022-02-17T22:24:28,57,0,120,0.475,0.0
2022-02-17T22:32:35,57,0,120,0.475,0.0
2022-02-17T22:40:53,57,0,120,0.475,0.0
2022-02-17T22:49:01,57,0,120,0.475,0.0
2022-02-17T22:57:08,57,0,120,0.475,0.0
2022-02-17T23:05:16,57,0,120,0.475,0.0
2022-02-17T23:13:23,57,0,120,0.475,0.0
2022-02-17T23:21:31,56,0,120,0.4666666666666667,0.0
2022-02-17T23:29:38,56,0,120,0.4666666666666667,0.0
2022-02-17T23:37:46,56,0,120,0.4666666666666667,0.0
2022-02-17T23:45:53,56,0,120,0.4666666666666667,0.0
2022-02-17T23:54:01,56,0,120,0.4666666666666667,0.0
2022-02-18T00:02:19,56,0,120,0.4666666666666667,0.0
2022-02-18T00:10:27,56,0,120,0.4666666666666667,0.0
2022-02-18T00:18:36,56,0,120,0.4666666666666667,0.0
2022-02-18T00:26:43,56,0,120,0.4666666666666667,0.0
2022-02-18T00:34:51,56,0,120,0.4666666666666667,0.0
2022-02-18T00:42:59,56,0,120,0.4666666666666667,0.0
2022-02-18T00:51:07,56,0,120,0.4666666666666667,0.0
2022-02-18T00:59:15,56,0,120,0.4666666666666667,0.0
2022-02-18T01:07:22,56,0,120,0.4666666666666667,0.0
2022-02-18T01:15:30,56,0,120,0.4666666666666667,0.0
2022-02-18T01:23:38,56,0,120,0.4666666666666667,0.0
2022-02-18T01:31:46,56,0,120,0.4666666666666667,0.0
2022-02-18T01:39:53,56,0,120,0.4666666666666667,0.0
2022-02-18T01:48:01,56,0,120,0.4666666666666667,0.0
2022-02-18T01:56:09,56,0,120,0.4666666666666667,0.0
2022-02-18T02:04:25,56,0,120,0.4666666666666667,0.0
2022-02-18T02:12:33,56,0,120,0.4666666666666667,0.0
2022-02-18T02:20:41,56,0,120,0.4666666666666667,0.0
2022-02-18T02:28:49,56,0,120,0.4666666666666667,0.0
2022-02-18T02:36:57,56,0,120,0.4666666666666667,0.0
2022-02-18T02:45:05,56,0,120,0.4666666666666667,0.0
2022-02-18T02:53:13,56,0,120,0.4666666666666667,0.0
2022-02-18T03:01:21,56,0,120,0.4666666666666667,0.0
2022-02-18T03:09:28,56,0,120,0.4666666666666667,0.0
2022-02-18T03:17:36,56,0,120,0.4666666666666667,0.0
2022-02-18T03:25:43,56,0,120,0.4666666666666667,0.0
2022-02-18T03:33:51,56,0,120,0.4666666666666667,0.0
2022-02-18T03:41:58,56,0,120,0.4666666666666667,0.0
2022-02-18T03:50:06,56,0,120,0.4666666666666667,0.0
2022-02-18T03:58:14,56,0,120,0.4666666666666667,0.0
2022-02-18T04:06:21,56,0,120,0.4666666666666667,0.0
2022-02-18T04:14:29,56,0,120,0.4666666666666667,0.0
2022-02-18T04:25:04,56,0,120,0.4666666666666667,0.0
2022-02-18T04:34:03,56,0,120,0.4666666666666667,0.0
2022-02-18T04:42:20,56,0,120,0.4666666666666667,0.0
2022-02-18T04:50:28,56,0,120,0.4666666666666667,0.0
2022-02-18T04:58:36,56,0,120,0.4666666666666667,0.0
2022-02-18T05:06:44,56,0,120,0.4666666666666667,0.0
2022-02-18T05:14:52,56,0,120,0.4666666666666667,0.0
2022-02-18T05:23:00,56,0,120,0.4666666666666667,0.0
2022-02-18T05:31:10,56,0,120,0.4666666666666667,0.0
2022-02-18T05:39:18,56,0,120,0.4666666666666667,0.0
2022-02-18T05:47:26,56,0,120,0.4666666666666667,0.0
2022-02-18T05:55:34,56,0,120,0.4666666666666667,0.0
2022-02-18T06:03:41,56,0,120,0.4666666666666667,0.0
2022-02-18T06:11:49,56,0,120,0.4666666666666667,0.0
2022-02-18T06:19:57,56,0,120,0.4666666666666667,0.0
2022-02-18T06:28:05,56,0,120,0.4666666666666667,0.0
2022-02-18T06:36:13,56,0,120,0.4666666666666667,0.0
2022-02-18T06:44:20,56,0,120,0.4666666666666667,0.0
2022-02-18T06:52:28,56,0,120,0.4666666666666667,0.0
2022-02-18T07:00:35,56,0,120,0.4666666666666667,0.0
2022-02-18T07:08:43,56,0,120,0.4666666666666667,0.0
2022-02-18T07:16:59,56,0,120,0.4666666666666667,0.0
2022-02-18T07:25:06,56,0,120,0.4666666666666667,0.0
2022-02-18T07:33:14,56,0,120,0.4666666666666667,0.0
2022-02-18T07:41:21,56,0,120,0.4666666666666667,0.0
2022-02-18T07:49:29,56,0,120,0.4666666666666667,0.0
2022-02-18T07:57:36,56,0,120,0.4666666666666667,0.0
2022-02-18T08:05:44,56,0,120,0.4666666666666667,0.0
2022-02-18T08:13:51,56,0,120,0.4666666666666667,0.0
2022-02-18T08:21:59,56,0,120,0.4666666666666667,0.0
2022-02-18T08:30:09,56,0,120,0.4666666666666667,0.0
2022-02-18T08:38:20,56,0,120,0.4666666666666667,0.0
2022-02-18T08:46:31,56,0,120,0.4666666666666667,0.0
2022-02-18T08:54:41,56,0,120,0.4666666666666667,0.0
2022-02-18T09:02:52,56,0,120,0.4666666666666667,0.0
2022-02-18T09:11:03,56,0,120,0.4666666666666667,0.0
2022-02-18T09:19:13,56,0,120,0.4666666666666667,0.0
2022-02-18T09:27:24,56,0,120,0.4666666666666667,0.0
2022-02-18T09:35:47,56,0,120,0.4666666666666667,0.0
2022-02-18T09:43:57,56,0,120,0.4666666666666667,0.0
2022-02-18T09:52:08,56,0,120,0.4666666666666667,0.0
2022-02-18T10:00:19,56,0,120,0.4666666666666667,0.0
2022-02-18T10:08:29,56,0,120,0.4666666666666667,0.0
2022-02-18T10:16:40,56,0,120,0.4666666666666667,0.0
2022-02-18T10:24:51,56,0,120,0.4666666666666667,0.0
2022-02-18T10:33:01,56,0,120,0.4666666666666667,0.0
2022-02-18T10:41:12,56,0,120,0.4666666666666667,0.0
2022-02-18T10:49:23,56,0,120,0.4666666666666667,0.0
2022-02-18T10:57:33,56,0,120,0.4666666666666667,0.0
2022-02-18T11:05:44,56,0,120,0.4666666666666667,0.0
2022-02-18T11:13:55,56,0,120,0.4666666666666667,0.0
2022-02-18T11:22:06,56,0,120,0.4666666666666667,0.0
2022-02-18T11:30:16,56,0,120,0.4666666666666667,0.0
2022-02-18T11:38:39,56,0,120,0.4666666666666667,0.0
2022-02-18T11:46:49,56,0,120,0.4666666666666667,0.0
2022-02-18T11:55:00,56,0,120,0.4666666666666667,0.0
2022-02-18T12:03:11,56,0,120,0.4666666666666667,0.0
2022-02-18T12:11:21,56,0,120,0.4666666666666667,0.0
2022-02-18T12:19:32,56,0,120,0.4666666666666667,0.0
2022-02-18T12:27:43,56,0,120,0.4666666666666667,0.0
2022-02-18T12:35:53,56,0,120,0.4666666666666667,0.0
2022-02-18T12:44:04,56,0,120,0.4666666666666667,0.0
2022-02-18T12:52:15,56,0,120,0.4666666666666667,0.0
2022-02-18T13:00:26,56,0,120,0.4666666666666667,0.0
2022-02-18T13:08:46,56,0,120,0.4666666666666667,0.0
2022-02-18T13:16:56,56,0,120,0.4666666666666667,0.0
2022-02-18T13:25:07,56,0,120,0.4666666666666667,0.0
2022-02-18T13:33:18,56,0,120,0.4666666666666667,0.0
2022-02-18T13:41:29,56,0,120,0.4666666666666667,0.0
2022-02-18T13:49:39,56,0,120,0.4666666666666667,0.0
2022-02-18T13:57:50,56,0,120,0.4666666666666667,0.0
2022-02-18T14:06:01,56,0,120,0.4666666666666667,0.0
2022-02-18T14:14:11,56,0,120,0.4666666666666667,0.0
2022-02-18T14:22:22,56,0,120,0.4666666666666667,0.0
2022-02-18T14:30:33,56,0,120,0.4666666666666667,0.0
2022-02-18T14:38:43,56,0,120,0.4666666666666667,0.0
2022-02-18T14:47:04,56,0,120,0.4666666666666667,0.0
2022-02-18T14:55:14,56,0,120,0.4666666666666667,0.0
2022-02-18T15:03:25,56,0,120,0.4666666666666667,0.0
2022-02-18T15:11:36,56,0,120,0.4666666666666667,0.0
2022-02-18T15:19:46,56,0,120,0.4666666666666667,0.0
2022-02-18T15:27:57,56,0,120,0.4666666666666667,0.0
2022-02-18T15:36:08,56,0,120,0.4666666666666667,0.0
2022-02-18T15:44:19,56,0,120,0.4666666666666667,0.0
2022-02-18T15:52:30,56,0,120,0.4666666666666667,0.0
2022-02-18T16:00:40,56,0,120,0.4666666666666667,0.0
2022-02-18T16:09:01,56,0,120,0.4666666666666667,0.0
2022-02-18T16:17:12,56,0,120,0.4666666666666667,0.0
2022-02-18T16:25:23,56,0,120,0.4666666666666667,0.0
2022-02-18T16:33:33,56,0,120,0.4666666666666667,0.0
2022-02-18T16:41:44,56,0,120,0.4666666666666667,0.0
2022-02-18T16:49:54,56,0,120,0.4666666666666667,0.0
2022-02-18T16:58:05,56,0,120,0.4666666666666667,0.0
2022-02-18T17:06:15,56,0,120,0.4666666666666667,0.0
2022-02-18T17:14:26,56,0,120,0.4666666666666667,0.0
2022-02-18T17:22:37,56,0,120,0.4666666666666667,0.0
2022-02-18T17:30:47,56,0,120,0.4666666666666667,0.0
2022-02-18T17:38:59,56,0,120,0.4666666666666667,0.0
2022-02-18T17:47:10,56,0,120,0.4666666666666667,0.0
2022-02-18T17:55:20,56,0,120,0.4666666666666667,0.0
2022-02-18T18:03:38,56,0,120,0.4666666666666667,0.0
2022-02-18T18:11:49,56,0,120,0.4666666666666667,0.0
2022-02-18T18:19:59,56,0,120,0.4666666666666667,0.0
2022-02-18T18:28:10,56,0,120,0.4666666666666667,0.0
2022-02-18T18:36:20,56,0,120,0.4666666666666667,0.0
2022-02-18T18:44:31,56,0,120,0.4666666666666667,0.0
2022-02-18T18:52:41,56,0,120,0.4666666666666667,0.0
2022-02-18T19:00:52,56,0,120,0.4666666666666667,0.0
2022-02-18T19:09:10,56,0,120,0.4666666666666667,0.0
2022-02-18T19:17:21,56,0,120,0.4666666666666667,0.0
2022-02-18T19:25:31,56,0,120,0.4666666666666667,0.0
2022-02-18T19:33:42,56,0,120,0.4666666666666667,0.0
2022-02-18T19:41:52,56,0,120,0.4666666666666667,0.0
2022-02-18T19:50:03,56,0,120,0.4666666666666667,0.0
2022-02-18T19:58:13,56,0,120,0.4666666666666667,0.0
2022-02-18T20:06:24,56,0,120,0.4666666666666667,0.0
2022-02-18T20:14:34,56,0,120,0.4666666666666667,0.0
2022-02-18T20:22:45,56,0,120,0.4666666666666667,0.0
2022-02-18T20:30:55,56,0,120,0.4666666666666667,0.0
2022-02-18T20:39:05,56,0,120,0.4666666666666667,0.0
2022-02-18T20:47:16,56,0,120,0.4666666666666667,0.0
2022-02-18T20:55:26,56,0,120,0.4666666666666667,0.0
2022-02-18T21:03:37,56,0,120,0.4666666666666667,0.0
2022-02-18T21:11:57,56,0,120,0.4666666666666667,0.0
2022-02-18T21:20:07,56,0,120,0.4666666666666667,0.0
2022-02-18T21:28:18,56,0,120,0.4666666666666667,0.0
2022-02-18T21:36:28,56,0,120,0.4666666666666667,0.0
2022-02-18T21:44:39,56,0,120,0.4666666666666667,0.0
2022-02-18T21:52:49,56,0,120,0.4666666666666667,0.0
2022-02-18T22:00:59,56,0,120,0.4666666666666667,0.0
2022-02-18T22:09:10,56,0,120,0.4666666666666667,0.0
2022-02-18T22:17:21,56,0,120,0.4666666666666667,0.0
2022-02-18T22:25:31,56,0,120,0.4666666666666667,0.0
2022-02-18T22:33:42,56,0,120,0.4666666666666667,0.0
2022-02-18T22:41:52,56,0,120,0.4666666666666667,0.0
2022-02-18T22:50:02,56,0,120,0.4666666666666667,0.0
2022-02-18T22:58:22,56,0,120,0.4666666666666667,0.0
2022-02-18T23:06:33,56,0,120,0.4666666666666667,0.0
2022-02-18T23:14:43,56,0,120,0.4666666666666667,0.0
2022-02-18T23:22:54,56,0,120,0.4666666666666667,0.0
2022-02-18T23:31:04,56,0,120,0.4666666666666667,0.0
2022-02-18T23:39:15,56,0,120,0.4666666666666667,0.0
2022-02-18T23:47:25,56,0,120,0.4666666666666667,0.0
2022-02-18T23:55:35,56,0,120,0.4666666666666667,0.0
2022-02-19T00:03:46,56,0,120,0.4666666666666667,0.0
2022-02-19T00:11:57,56,0,120,0.4666666666666667,0.0
2022-02-19T00:20:10,56,0,120,0.4666666666666667,0.0
2022-02-19T00:28:20,56,0,120,0.4666666666666667,0.0
2022-02-19T00:36:31,56,0,120,0.4666666666666667,0.0
2022-02-19T00:44:42,56,0,120,0.4666666666666667,0.0
2022-02-19T00:52:53,56,0,120,0.4666666666666667,0.0
2022-02-19T01:01:14,56,0,120,0.4666666666666667,0.0
2022-02-19T01:09:24,56,0,120,0.4666666666666667,0.0
2022-02-19T01:17:35,56,0,120,0.4666666666666667,0.0
2022-02-19T01:25:46,56,0,120,0.4666666666666667,0.0
2022-02-19T01:33:57,56,0,120,0.4666666666666667,0.0
2022-02-19T01:42:08,56,0,120,0.4666666666666667,0.0
2022-02-19T01:50:18,56,0,120,0.4666666666666667,0.0
2022-02-19T01:58:29,56,0,120,0.4666666666666667,0.0
2022-02-19T02:06:39,56,0,120,0.4666666666666667,0.0
2022-02-19T02:14:50,56,0,120,0.4666666666666667,0.0
2022-02-19T02:23:00,56,0,120,0.4666666666666667,0.0
2022-02-19T02:31:11,56,0,120,0.4666666666666667,0.0
2022-02-19T02:39:21,56,0,120,0.4666666666666667,0.0
2022-02-19T02:47:31,56,0,120,0.4666666666666667,0.0
2022-02-19T02:55:42,56,0,120,0.4666666666666667,0.0
2022-02-19T03:03:52,56,0,120,0.4666666666666667,0.0
2022-02-19T03:12:03,56,0,120,0.4666666666666667,0.0
2022-02-19T03:20:14,56,0,120,0.4666666666666667,0.0
2022-02-19T03:28:25,56,0,120,0.4666666666666667,0.0
2022-02-19T03:36:36,56,0,120,0.4666666666666667,0.0
2022-02-19T03:44:47,56,0,120,0.4666666666666667,0.0
2022-02-19T03:52:57,56,0,120,0.4666666666666667,0.0
2022-02-19T04:01:08,56,0,120,0.4666666666666667,0.0
2022-02-19T04:09:19,56,0,120,0.4666666666666667,0.0
2022-02-19T04:20:34,56,0,120,0.4666666666666667,0.0
2022-02-19T04:29:05,56,0,120,0.4666666666666667,0.0
2022-02-19T04:37:16,56,0,120,0.4666666666666667,0.0
2022-02-19T04:45:27,56,0,120,0.4666666666666667,0.0
2022-02-19T04:53:38,56,0,120,0.4666666666666667,0.0
2022-02-19T05:01:49,56,0,120,0.4666666666666667,0.0
2022-02-19T05:10:00,56,0,120,0.4666666666666667,0.0
2022-02-19T05:18:11,56,0,120,0.4666666666666667,0.0
2022-02-19T05:26:22,56,0,120,0.4666666666666667,0.0
2022-02-19T05:34:34,56,0,120,0.4666666666666667,0.0
2022-02-19T05:42:45,56,0,120,0.4666666666666667,0.0
2022-02-19T05:50:56,56,0,120,0.4666666666666667,0.0
2022-02-19T05:59:09,56,0,120,0.4666666666666667,0.0
2022-02-19T06:07:20,56,0,120,0.4666666666666667,0.0
2022-02-19T06:15:31,56,0,120,0.4666666666666667,0.0
2022-02-19T06:23:42,56,0,120,0.4666666666666667,0.0
2022-02-19T06:31:53,56,0,120,0.4666666666666667,0.0
2022-02-19T06:40:12,56,0,120,0.4666666666666667,0.0
2022-02-19T06:48:23,56,0,120,0.4666666666666667,0.0
2022-02-19T06:56:34,56,0,120,0.4666666666666667,0.0
2022-02-19T07:04:45,56,0,120,0.4666666666666667,0.0
2022-02-19T07:12:56,56,0,120,0.4666666666666667,0.0
2022-02-19T07:21:07,56,0,120,0.4666666666666667,0.0
2022-02-19T07:29:18,56,0,120,0.4666666666666667,0.0
2022-02-19T07:37:28,56,0,120,0.4666666666666667,0.0
2022-02-19T07:45:39,56,0,120,0.4666666666666667,0.0
2022-02-19T07:53:50,56,0,120,0.4666666666666667,0.0
2022-02-19T08:02:00,56,0,120,0.4666666666666667,0.0
2022-02-19T08:10:11,56,0,120,0.4666666666666667,0.0
2022-02-19T08:18:30,56,0,120,0.4666666666666667,0.0
2022-02-19T08:26:41,56,0,120,0.4666666666666667,0.0
2022-02-19T08:34:52,56,0,120,0.4666666666666667,0.0
2022-02-19T08:43:02,56,0,120,0.4666666666666667,0.0
2022-02-19T08:51:13,56,0,120,0.4666666666666667,0.0
2022-02-19T08:59:23,56,0,120,0.4666666666666667,0.0
2022-02-19T09:07:34,56,0,120,0.4666666666666667,0.0
2022-02-19T09:15:44,56,0,120,0.4666666666666667,0.0
2022-02-19T09:23:55,56,0,120,0.4666666666666667,0.0
2022-02-19T09:32:05,56,0,120,0.4666666666666667,0.0
2022-02-19T09:40:15,56,0,120,0.4666666666666667,0.0
2022-02-19T09:48:26,56,0,120,0.4666666666666667,0.0
2022-02-19T09:56:36,56,0,120,0.4666666666666667,0.0
2022-02-19T10:04:47,56,0,120,0.4666666666666667,0.0
2022-02-19T10:13:06,56,0,120,0.4666666666666667,0.0
2022-02-19T10:21:17,56,0,120,0.4666666666666667,0.0
2022-02-19T10:29:27,56,0,120,0.4666666666666667,0.0
2022-02-19T10:37:38,56,0,120,0.4666666666666667,0.0
2022-02-19T10:45:48,56,0,120,0.4666666666666667,0.0
2022-02-19T10:53:58,56,0,120,0.4666666666666667,0.0
2022-02-19T11:02:09,56,0,120,0.4666666666666667,0.0
2022-02-19T11:10:19,56,0,120,0.4666666666666667,0.0
2022-02-19T11:18:30,56,0,120,0.4666666666666667,0.0
2022-02-19T11:26:40,56,0,120,0.4666666666666667,0.0
2022-02-19T11:34:51,56,0,120,0.4666666666666667,0.0
2022-02-19T11:43:01,56,0,120,0.4666666666666667,0.0
2022-02-19T11:51:12,56,0,120,0.4666666666666667,0.0
2022-02-19T11:59:22,56,0,120,0.4666666666666667,0.0
2022-02-19T12:07:33,56,0,120,0.4666666666666667,0.0
2022-02-19T12:15:43,56,0,120,0.4666666666666667,0.0
2022-02-19T12:23:54,56,0,120,0.4666666666666667,0.0
2022-02-19T12:32:13,56,0,120,0.4666666666666667,0.0
2022-02-19T12:40:23,56,0,120,0.4666666666666667,0.0
2022-02-19T12:48:34,56,0,120,0.4666666666666667,0.0
2022-02-19T12:56:44,56,0,120,0.4666666666666667,0.0
2022-02-19T13:04:55,56,0,120,0.4666666666666667,0.0
2022-02-19T13:13:05,56,0,120,0.4666666666666667,0.0
2022-02-19T13:21:16,56,0,120,0.4666666666666667,0.0
2022-02-19T13:29:26,56,0,120,0.4666666666666667,0.0
2022-02-19T13:37:36,56,0,120,0.4666666666666667,0.0
2022-02-19T13:45:49,56,0,120,0.4666666666666667,0.0
2022-02-19T13:53:59,56,0,120,0.4666666666666667,0.0
2022-02-19T14:02:20,56,0,120,0.4666666666666667,0.0
2022-02-19T14:10:31,56,0,120,0.4666666666666667,0.0
2022-02-19T14:18:41,56,0,120,0.4666666666666667,0.0
2022-02-19T14:26:52,56,0,120,0.4666666666666667,0.0
2022-02-19T14:35:02,56,0,120,0.4666666666666667,0.0
2022-02-19T14:43:12,56,0,120,0.4666666666666667,0.0
2022-02-19T14:51:23,56,0,120,0.4666666666666667,0.0
2022-02-19T14:59:33,56,0,120,0.4666666666666667,0.0
2022-02-19T15:07:43,56,0,120,0.4666666666666667,0.0
2022-02-19T15:15:54,56,0,120,0.4666666666666667,0.0
2022-02-19T15:24:04,56,0,120,0.4666666666666667,0.0
2022-02-19T15:32:15,56,0,120,0.4666666666666667,0.0
2022-02-19T15:40:25,56,0,120,0.4666666666666667,0.0
2022-02-19T15:48:36,56,0,120,0.4666666666666667,0.0
2022-02-19T15:56:46,56,0,120,0.4666666666666667,0.0
2022-02-19T16:04:57,56,0,120,0.4666666666666667,0.0
2022-02-19T16:13:17,56,0,120,0.4666666666666667,0.0
2022-02-19T16:21:27,56,0,120,0.4666666666666667,0.0
2022-02-19T16:29:38,56,0,120,0.4666666666666667,0.0
2022-02-19T16:37:48,56,0,120,0.4666666666666667,0.0
2022-02-19T16:45:59,56,0,120,0.4666666666666667,0.0
2022-02-19T16:54:09,56,0,120,0.4666666666666667,0.0
2022-02-19T17:02:19,56,0,120,0.4666666666666667,0.0
2022-02-19T17:10:30,56,0,120,0.4666666666666667,0.0
2022-02-19T17:18:40,56,0,120,0.4666666666666667,0.0
2022-02-19T17:26:51,56,0,120,0.4666666666666667,0.0
2022-02-19T17:35:01,56,0,120,0.4666666666666667,0.0
2022-02-19T17:43:12,56,0,120,0.4666666666666667,0.0
2022-02-19T17:51:22,56,0,120,0.4666666666666667,0.0
2022-02-19T17:59:33,56,0,120,0.4666666666666667,0.0
2022-02-19T18:07:43,56,0,120,0.4666666666666667,0.0
2022-02-19T18:15:54,56,0,120,0.4666666666666667,0.0
2022-02-19T18:24:04,56,0,120,0.4666666666666667,0.0
2022-02-19T18:32:24,56,0,120,0.4666666666666667,0.0
2022-02-19T18:40:34,56,0,120,0.4666666666666667,0.0
2022-02-19T18:48:44,56,0,120,0.4666666666666667,0.0
2022-02-19T18:56:55,56,0,120,0.4666666666666667,0.0
2022-02-19T19:05:05,56,0,120,0.4666666666666667,0.0
2022-02-19T19:13:16,56,0,120,0.4666666666666667,0.0
2022-02-19T19:21:34,56,0,120,0.4666666666666667,0.0
2022-02-19T19:29:44,56,0,120,0.4666666666666667,0.0
2022-02-19T19:37:54,56,0,120,0.4666666666666667,0.0
2022-02-19T19:46:05,56,0,120,0.4666666666666667,0.0
2022-02-19T19:54:15,56,0,120,0.4666666666666667,0.0
2022-02-19T20:02:26,56,0,120,0.4666666666666667,0.0
2022-02-19T20:10:36,56,0,120,0.4666666666666667,0.0
2022-02-19T20:18:47,56,0,120,0.4666666666666667,0.0
2022-02-19T20:26:57,56,0,120,0.4666666666666667,0.0
2022-02-19T20:35:08,56,0,120,0.4666666666666667,0.0
2022-02-19T20:43:18,56,0,120,0.4666666666666667,0.0
2022-02-19T20:51:29,56,0,120,0.4666666666666667,0.0
2022-02-19T20:59:39,56,0,120,0.4666666666666667,0.0
2022-02-19T21:07:58,56,0,120,0.4666666666666667,0.0
2022-02-19T21:16:09,56,0,120,0.4666666666666667,0.0
2022-02-19T21:24:19,56,0,120,0.4666666666666667,0.0
2022-02-19T21:32:30,56,0,120,0.4666666666666667,0.0
2022-02-19T21:40:40,56,0,120,0.4666666666666667,0.0
2022-02-19T21:48:51,56,0,120,0.4666666666666667,0.0
2022-02-19T21:57:01,56,0,120,0.4666666666666667,0.0
2022-02-19T22:05:12,56,0,120,0.4666666666666667,0.0
2022-02-19T22:13:22,56,0,120,0.4666666666666667,0.0
2022-02-19T22:21:33,56,0,120,0.4666666666666667,0.0
2022-02-19T22:29:43,56,0,120,0.4666666666666667,0.0
2022-02-19T22:37:54,56,0,120,0.4666666666666667,0.0
2022-02-19T22:46:04,56,0,120,0.4666666666666667,0.0
2022-02-19T22:54:14,56,0,120,0.4666666666666667,0.0
2022-02-19T23:02:25,56,0,120,0.4666666666666667,0.0
2022-02-19T23:10:36,56,0,120,0.4666666666666667,0.0
2022-02-19T23:18:55,56,0,120,0.4666666666666667,0.0
2022-02-19T23:27:06,56,0,120,0.4666666666666667,0.0
2022-02-19T23:35:16,56,0,120,0.4666666666666667,0.0
2022-02-19T23:43:27,56,0,120,0.4666666666666667,0.0
2022-02-19T23:51:37,56,0,120,0.4666666666666667,0.0
2022-02-19T23:59:48,56,0,120,0.4666666666666667,0.0
2022-02-20T00:07:58,56,0,120,0.4666666666666667,0.0
2022-02-20T00:16:09,56,0,120,0.4666666666666667,0.0
2022-02-20T00:24:20,56,0,120,0.4666666666666667,0.0
2022-02-20T00:32:30,56,0,120,0.4666666666666667,0.0
2022-02-20T00:40:41,56,0,120,0.4666666666666667,0.0
2022-02-20T01:05:08,56,0,120,0.4666666666666667,0.0
2022-02-20T01:13:19,56,0,120,0.4666666666666667,0.0
2022-02-20T01:21:29,56,0,120,0.4666666666666667,0.0
2022-02-20T01:29:40,56,0,120,0.4666666666666667,0.0
2022-02-20T01:37:50,56,0,120,0.4666666666666667,0.0
2022-02-20T01:46:01,56,0,120,0.4666666666666667,0.0
2022-02-20T01:54:12,56,0,120,0.4666666666666667,0.0
2022-02-20T02:02:23,56,0,120,0.4666666666666667,0.0
2022-02-20T02:10:50,56,0,120,0.4666666666666667,0.0
2022-02-20T02:19:00,56,0,120,0.4666666666666667,0.0
2022-02-20T02:27:11,56,0,120,0.4666666666666667,0.0
2022-02-20T02:35:29,56,0,120,0.4666666666666667,0.0
2022-02-20T02:43:40,56,0,120,0.4666666666666667,0.0
2022-02-20T02:51:51,56,0,120,0.4666666666666667,0.0
2022-02-20T03:00:01,56,0,120,0.4666666666666667,0.0
2022-02-20T03:08:12,56,0,120,0.4666666666666667,0.0
2022-02-20T03:16:22,56,0,120,0.4666666666666667,0.0
2022-02-20T03:24:33,56,0,120,0.4666666666666667,0.0
2022-02-20T03:32:44,56,0,120,0.4666666666666667,0.0
2022-02-20T03:40:54,56,0,120,0.4666666666666667,0.0
2022-02-20T03:49:05,56,0,120,0.4666666666666667,0.0
2022-02-20T03:57:15,56,0,120,0.4666666666666667,0.0
2022-02-20T04:05:27,56,0,120,0.4666666666666667,0.0
2022-02-20T04:13:38,56,0,120,0.4666666666666667,0.0
2022-02-20T04:31:58,56,0,120,0.4666666666666667,0.0
2022-02-20T04:41:03,56,0,120,0.4666666666666667,0.0
2022-02-20T04:49:14,56,0,120,0.4666666666666667,0.0
2022-02-20T04:57:25,56,0,120,0.4666666666666667,0.0
2022-02-20T05:05:36,56,0,120,0.4666666666666667,0.0
2022-02-20T05:13:47,56,0,120,0.4666666666666667,0.0
2022-02-20T05:21:58,56,0,120,0.4666666666666667,0.0
2022-02-20T05:30:09,56,0,120,0.4666666666666667,0.0
2022-02-20T05:38:20,56,0,120,0.4666666666666667,0.0
2022-02-20T05:46:31,56,0,120,0.4666666666666667,0.0
2022-02-20T05:54:42,56,0,120,0.4666666666666667,0.0
2022-02-20T06:02:53,56,0,120,0.4666666666666667,0.0
2022-02-20T06:11:03,56,0,120,0.4666666666666667,0.0
2022-02-20T06:19:14,56,0,120,0.4666666666666667,0.0
2022-02-20T06:27:25,56,0,120,0.4666666666666667,0.0
2022-02-20T06:35:36,56,0,120,0.4666666666666667,0.0
2022-02-20T06:43:46,56,0,120,0.4666666666666667,0.0
2022-02-20T06:52:03,56,0,120,0.4666666666666667,0.0
2022-02-20T07:00:14,56,0,120,0.4666666666666667,0.0
2022-02-20T07:08:24,56,0,120,0.4666666666666667,0.0
2022-02-20T07:16:35,56,0,120,0.4666666666666667,0.0
2022-02-20T07:24:45,56,0,120,0.4666666666666667,0.0
2022-02-20T07:32:56,56,0,120,0.4666666666666667,0.0
2022-02-20T07:41:08,56,0,120,0.4666666666666667,0.0
2022-02-20T07:49:19,56,0,120,0.4666666666666667,0.0
2022-02-20T07:57:31,56,0,120,0.4666666666666667,0.0
2022-02-20T08:05:42,56,0,120,0.4666666666666667,0.0
2022-02-20T08:13:53,56,0,120,0.4666666666666667,0.0
2022-02-20T08:22:05,56,0,120,0.4666666666666667,0.0
2022-02-20T08:30:17,56,0,120,0.4666666666666667,0.0
2022-02-20T08:38:28,56,0,120,0.4666666666666667,0.0
2022-02-20T08:46:40,56,0,120,0.4666666666666667,0.0
2022-02-20T08:54:51,56,0,120,0.4666666666666667,0.0
2022-02-20T09:03:02,56,0,120,0.4666666666666667,0.0
2022-02-20T09:11:13,56,0,120,0.4666666666666667,0.0
2022-02-20T09:19:24,56,0,120,0.4666666666666667,0.0
2022-02-20T09:27:35,56,0,120,0.4666666666666667,0.0
2022-02-20T09:35:45,56,0,120,0.4666666666666667,0.0
2022-02-20T09:44:05,56,0,120,0.4666666666666667,0.0
2022-02-20T09:52:16,56,0,120,0.4666666666666667,0.0
2022-02-20T10:00:26,56,0,120,0.4666666666666667,0.0
2022-02-20T10:08:36,56,0,120,0.4666666666666667,0.0
2022-02-20T10:16:47,56,0,120,0.4666666666666667,0.0
2022-02-20T10:24:57,56,0,120,0.4666666666666667,0.0
2022-02-20T10:33:07,56,0,120,0.4666666666666667,0.0
2022-02-20T10:41:18,56,0,120,0.4666666666666667,0.0
2022-02-20T10:49:28,56,0,120,0.4666666666666667,0.0
2022-02-20T10:57:39,56,0,120,0.4666666666666667,0.0
2022-02-20T11:05:49,56,0,120,0.4666666666666667,0.0
2022-02-20T11:14:00,56,0,120,0.4666666666666667,0.0
2022-02-20T11:22:10,56,0,120,0.4666666666666667,0.0
2022-02-20T11:30:21,56,0,120,0.4666666666666667,0.0
2022-02-20T11:38:40,56,0,120,0.4666666666666667,0.0
2022-02-20T11:46:50,56,0,120,0.4666666666666667,0.0
2022-02-20T11:55:01,56,0,120,0.4666666666666667,0.0
2022-02-20T12:03:11,56,0,120,0.4666666666666667,0.0
2022-02-20T12:11:22,56,0,120,0.4666666666666667,0.0
2022-02-20T12:19:33,56,0,120,0.4666666666666667,0.0
2022-02-20T12:27:43,56,0,120,0.4666666666666667,0.0
2022-02-20T12:35:54,56,0,120,0.4666666666666667,0.0
2022-02-20T12:44:04,56,0,120,0.4666666666666667,0.0
2022-02-20T12:52:15,56,0,120,0.4666666666666667,0.0
2022-02-20T13:00:25,56,0,120,0.4666666666666667,0.0
2022-02-20T13:08:36,56,0,120,0.4666666666666667,0.0
2022-02-20T13:16:57,56,0,120,0.4666666666666667,0.0
2022-02-20T13:25:08,56,0,120,0.4666666666666667,0.0
2022-02-20T13:33:18,56,0,120,0.4666666666666667,0.0
2022-02-20T13:41:29,56,0,120,0.4666666666666667,0.0
2022-02-20T13:49:39,56,0,120,0.4666666666666667,0.0
2022-02-20T13:57:50,56,0,120,0.4666666666666667,0.0
2022-02-20T14:06:00,56,0,120,0.4666666666666667,0.0
2022-02-20T14:14:11,56,0,120,0.4666666666666667,0.0
2022-02-20T14:22:21,56,0,120,0.4666666666666667,0.0
2022-02-20T14:30:32,56,0,120,0.4666666666666667,0.0
2022-02-20T14:38:42,56,0,120,0.4666666666666667,0.0
2022-02-20T14:46:54,56,0,120,0.4666666666666667,0.0
2022-02-20T14:55:04,56,0,120,0.4666666666666667,0.0
2022-02-20T15:03:15,56,0,120,0.4666666666666667,0.0
2022-02-20T15:11:35,56,0,120,0.4666666666666667,0.0
2022-02-20T15:19:46,56,0,120,0.4666666666666667,0.0
2022-02-20T15:27:56,56,0,120,0.4666666666666667,0.0
2022-02-20T15:36:06,56,0,120,0.4666666666666667,0.0
2022-02-20T15:44:17,56,0,120,0.4666666666666667,0.0
2022-02-20T15:52:27,56,0,120,0.4666666666666667,0.0
2022-02-20T16:00:38,56,0,120,0.4666666666666667,0.0
2022-02-20T16:08:48,56,0,120,0.4666666666666667,0.0
2022-02-20T16:16:59,56,0,120,0.4666666666666667,0.0
2022-02-20T16:25:09,56,0,120,0.4666666666666667,0.0
2022-02-20T16:33:29,56,0,120,0.4666666666666667,0.0
2022-02-20T16:41:40,56,0,120,0.4666666666666667,0.0
2022-02-20T16:49:50,56,0,120,0.4666666666666667,0.0
2022-02-20T16:58:00,56,0,120,0.4666666666666667,0.0
2022-02-20T17:06:11,56,0,120,0.4666666666666667,0.0
2022-02-20T17:14:21,56,0,120,0.4666666666666667,0.0
2022-02-20T17:22:32,56,0,120,0.4666666666666667,0.0
2022-02-20T17:30:42,56,0,120,0.4666666666666667,0.0
2022-02-20T17:38:53,56,0,120,0.4666666666666667,0.0
2022-02-20T17:47:03,56,0,120,0.4666666666666667,0.0
2022-02-20T17:55:23,56,0,120,0.4666666666666667,0.0
2022-02-20T18:03:33,56,0,120,0.4666666666666667,0.0
2022-02-20T18:11:44,56,0,120,0.4666666666666667,0.0
2022-02-20T18:19:55,56,0,120,0.4666666666666667,0.0
2022-02-20T18:28:05,56,0,120,0.4666666666666667,0.0
2022-02-20T18:36:16,56,0,120,0.4666666666666667,0.0
2022-02-20T18:44:26,56,0,120,0.4666666666666667,0.0
2022-02-20T18:52:37,56,0,120,0.4666666666666667,0.0
2022-02-20T19:00:47,56,0,120,0.4666666666666667,0.0
2022-02-20T19:08:58,56,0,120,0.4666666666666667,0.0
2022-02-20T19:17:08,56,0,120,0.4666666666666667,0.0
2022-02-20T19:25:19,56,0,120,0.4666666666666667,0.0
2022-02-20T19:33:39,56,0,120,0.4666666666666667,0.0
2022-02-20T19:41:50,56,0,120,0.4666666666666667,0.0
2022-02-20T19:50:00,56,0,120,0.4666666666666667,0.0
2022-02-20T19:58:11,56,0,120,0.4666666666666667,0.0
2022-02-20T20:06:21,56,0,120,0.4666666666666667,0.0
2022-02-20T20:14:32,56,0,120,0.4666666666666667,0.0
2022-02-20T20:22:42,56,0,120,0.4666666666666667,0.0
2022-02-20T20:30:53,56,0,120,0.4666666666666667,0.0
2022-02-20T20:39:03,56,0,120,0.4666666666666667,0.0
2022-02-20T20:47:14,56,0,120,0.4666666666666667,0.0
2022-02-20T20:55:24,56,0,120,0.4666666666666667,0.0
2022-02-20T21:03:42,56,0,120,0.4666666666666667,0.0
2022-02-20T21:11:53,56,0,120,0.4666666666666667,0.0
2022-02-20T21:20:04,56,0,120,0.4666666666666667,0.0
2022-02-20T21:28:14,56,0,120,0.4666666666666667,0.0
2022-02-20T21:36:25,56,0,120,0.4666666666666667,0.0
2022-02-20T21:44:36,56,0,120,0.4666666666666667,0.0
2022-02-20T21:52:46,56,0,120,0.4666666666666667,0.0
2022-02-20T22:00:56,56,0,120,0.4666666666666667,0.0
2022-02-20T22:09:07,56,0,120,0.4666666666666667,0.0
2022-02-20T22:17:17,56,0,120,0.4666666666666667,0.0
2022-02-20T22:25:28,56,0,120,0.4666666666666667,0.0
2022-02-20T22:33:39,56,0,120,0.4666666666666667,0.0
2022-02-20T22:41:49,56,0,120,0.4666666666666667,0.0
2022-02-20T22:50:09,56,0,120,0.4666666666666667,0.0
2022-02-20T22:58:20,56,0,120,0.4666666666666667,0.0
2022-02-20T23:06:30,56,0,120,0.4666666666666667,0.0
2022-02-20T23:14:41,56,0,120,0.4666666666666667,0.0
2022-02-20T23:22:51,56,0,120,0.4666666666666667,0.0
2022-02-20T23:31:02,56,0,120,0.4666666666666667,0.0
2022-02-20T23:39:12,56,0,120,0.4666666666666667,0.0
2022-02-20T23:47:23,56,0,120,0.4666666666666667,0.0
2022-02-20T23:55:33,56,0,120,0.4666666666666667,0.0
2022-02-21T00:03:53,56,0,120,0.4666666666666667,0.0
2022-02-21T00:12:04,56,0,120,0.4666666666666667,0.0
2022-02-21T00:20:24,56,0,120,0.4666666666666667,0.0
2022-02-21T00:28:34,56,0,120,0.4666666666666667,0.0
2022-02-21T00:36:45,56,0,120,0.4666666666666667,0.0
2022-02-21T00:44:55,56,0,120,0.4666666666666667,0.0
2022-02-21T00:53:06,56,0,120,0.4666666666666667,0.0
2022-02-21T01:01:16,56,0,120,0.4666666666666667,0.0
2022-02-21T01:09:28,56,0,120,0.4666666666666667,0.0
2022-02-21T01:17:39,56,0,120,0.4666666666666667,0.0
2022-02-21T01:25:50,56,0,120,0.4666666666666667,0.0
2022-02-21T01:34:01,56,0,120,0.4666666666666667,0.0
2022-02-21T01:42:12,56,0,120,0.4666666666666667,0.0
2022-02-21T01:50:22,56,0,120,0.4666666666666667,0.0
2022-02-21T01:58:33,56,0,120,0.4666666666666667,0.0
2022-02-21T02:06:43,56,0,120,0.4666666666666667,0.0
2022-02-21T02:15:03,56,0,120,0.4666666666666667,0.0
2022-02-21T02:23:14,56,0,120,0.4666666666666667,0.0
2022-02-21T02:31:24,56,0,120,0.4666666666666667,0.0
2022-02-21T02:39:35,56,0,120,0.4666666666666667,0.0
2022-02-21T02:47:45,56,0,120,0.4666666666666667,0.0
2022-02-21T02:55:56,56,0,120,0.4666666666666667,0.0
2022-02-21T03:04:06,56,0,120,0.4666666666666667,0.0
2022-02-21T03:12:17,56,0,120,0.4666666666666667,0.0
2022-02-21T03:20:27,56,0,120,0.4666666666666667,0.0
2022-02-21T03:28:38,56,0,120,0.4666666666666667,0.0
2022-02-21T03:36:49,56,0,120,0.4666666666666667,0.0
2022-02-21T03:44:59,56,0,120,0.4666666666666667,0.0
2022-02-21T03:53:10,56,0,120,0.4666666666666667,0.0
2022-02-21T04:01:21,56,0,120,0.4666666666666667,0.0
2022-02-21T04:09:32,56,0,120,0.4666666666666667,0.0
2022-02-21T04:23:02,56,0,120,0.4666666666666667,0.0
2022-02-21T04:32:20,56,0,120,0.4666666666666667,0.0
2022-02-21T04:40:48,56,0,120,0.4666666666666667,0.0
2022-02-21T04:48:59,56,0,120,0.4666666666666667,0.0
2022-02-21T04:57:10,56,0,120,0.4666666666666667,0.0
2022-02-21T05:05:22,56,0,120,0.4666666666666667,0.0
2022-02-21T05:13:33,56,0,120,0.4666666666666667,0.0
2022-02-21T05:21:44,56,0,120,0.4666666666666667,0.0
2022-02-21T05:29:55,56,0,120,0.4666666666666667,0.0
2022-02-21T05:38:06,56,0,120,0.4666666666666667,0.0
2022-02-21T05:46:16,56,0,120,0.4666666666666667,0.0
2022-02-21T05:54:27,56,0,120,0.4666666666666667,0.0
2022-02-21T06:02:38,56,0,120,0.4666666666666667,0.0
2022-02-21T06:10:49,56,0,120,0.4666666666666667,0.0
2022-02-21T06:19:00,56,0,120,0.4666666666666667,0.0
2022-02-21T06:27:11,56,0,120,0.4666666666666667,0.0
2022-02-21T06:35:21,56,0,120,0.4666666666666667,0.0
2022-02-21T06:43:32,56,0,120,0.4666666666666667,0.0
2022-02-21T06:51:42,56,0,120,0.4666666666666667,0.0
2022-02-21T06:59:53,56,0,120,0.4666666666666667,0.0
2022-02-21T07:08:03,56,0,120,0.4666666666666667,0.0
2022-02-21T07:16:14,56,0,120,0.4666666666666667,0.0
2022-02-21T07:24:24,56,0,120,0.4666666666666667,0.0
2022-02-21T07:32:35,56,0,120,0.4666666666666667,0.0
2022-02-21T07:40:45,56,0,120,0.4666666666666667,0.0
2022-02-21T07:48:56,56,0,120,0.4666666666666667,0.0
2022-02-21T07:57:06,56,0,120,0.4666666666666667,0.0
2022-02-21T08:05:27,56,0,120,0.4666666666666667,0.0
2022-02-21T08:13:37,56,0,120,0.4666666666666667,0.0
2022-02-21T08:21:48,56,0,120,0.4666666666666667,0.0
2022-02-21T08:29:58,56,0,120,0.4666666666666667,0.0
2022-02-21T08:38:09,56,0,120,0.4666666666666667,0.0
2022-02-21T08:46:19,56,0,120,0.4666666666666667,0.0
2022-02-21T08:54:30,56,0,120,0.4666666666666667,0.0
2022-02-21T09:02:40,56,0,120,0.4666666666666667,0.0
2022-02-21T09:10:51,56,0,120,0.4666666666666667,0.0
2022-02-21T09:19:01,56,0,120,0.4666666666666667,0.0
2022-02-21T09:27:11,55,0,120,0.4583333333333333,0.0
2022-02-21T09:35:22,55,0,120,0.4583333333333333,0.0
2022-02-21T09:43:33,55,0,120,0.4583333333333333,0.0
2022-02-21T09:51:43,55,0,120,0.4583333333333333,0.0
2022-02-21T09:59:53,55,0,120,0.4583333333333333,0.0
2022-02-21T10:08:04,55,0,120,0.4583333333333333,0.0
2022-02-21T10:16:24,55,0,120,0.4583333333333333,0.0
2022-02-21T10:24:34,55,0,120,0.4583333333333333,0.0
2022-02-21T10:32:45,55,0,120,0.4583333333333333,0.0
2022-02-21T10:40:55,55,0,120,0.4583333333333333,0.0
2022-02-21T10:49:06,55,0,120,0.4583333333333333,0.0
2022-02-21T10:57:16,55,0,120,0.4583333333333333,0.0
2022-02-21T11:05:27,55,0,120,0.4583333333333333,0.0
2022-02-21T11:13:37,55,0,120,0.4583333333333333,0.0
2022-02-21T11:21:48,55,0,120,0.4583333333333333,0.0
2022-02-21T11:29:58,55,0,120,0.4583333333333333,0.0
2022-02-21T11:38:09,55,0,120,0.4583333333333333,0.0
2022-02-21T11:46:20,55,0,120,0.4583333333333333,0.0
2022-02-21T11:54:52,55,0,120,0.4583333333333333,0.0
2022-02-21T12:03:02,55,0,120,0.4583333333333333,0.0
2022-02-21T12:11:13,55,0,120,0.4583333333333333,0.0
2022-02-21T12:19:23,55,0,120,0.4583333333333333,0.0
2022-02-21T12:27:34,55,0,120,0.4583333333333333,0.0
2022-02-21T12:35:44,55,0,120,0.4583333333333333,0.0
2022-02-21T12:43:55,55,0,120,0.4583333333333333,0.0
2022-02-21T12:52:05,55,0,120,0.4583333333333333,0.0
2022-02-21T13:00:16,55,0,120,0.4583333333333333,0.0
2022-02-21T13:08:35,55,0,120,0.4583333333333333,0.0
2022-02-21T13:16:46,55,0,120,0.4583333333333333,0.0
2022-02-21T13:24:57,55,0,120,0.4583333333333333,0.0
2022-02-21T13:33:07,55,0,120,0.4583333333333333,0.0
2022-02-21T13:41:18,55,0,120,0.4583333333333333,0.0
2022-02-21T13:49:28,55,0,120,0.4583333333333333,0.0
2022-02-21T13:57:39,55,0,120,0.4583333333333333,0.0
2022-02-21T14:05:50,55,0,120,0.4583333333333333,0.0
2022-02-21T14:14:09,55,0,120,0.4583333333333333,0.0
2022-02-21T14:22:20,55,0,120,0.4583333333333333,0.0
2022-02-21T14:30:30,55,0,120,0.4583333333333333,0.0
2022-02-21T14:38:41,55,0,120,0.4583333333333333,0.0
2022-02-21T14:46:51,55,0,120,0.4583333333333333,0.0
2022-02-21T14:55:01,55,0,120,0.4583333333333333,0.0
2022-02-21T15:03:12,55,0,120,0.4583333333333333,0.0
2022-02-21T15:11:40,55,0,120,0.4583333333333333,0.0
2022-02-21T15:19:50,55,0,120,0.4583333333333333,0.0
2022-02-21T15:28:01,55,0,120,0.4583333333333333,0.0
2022-02-21T15:36:11,55,0,120,0.4583333333333333,0.0
2022-02-21T15:44:22,55,0,120,0.4583333333333333,0.0
2022-02-21T15:52:32,55,0,120,0.4583333333333333,0.0
2022-02-21T16:00:42,54,0,120,0.45,0.0
2022-02-21T16:09:01,54,0,120,0.45,0.0
2022-02-21T16:17:12,54,0,120,0.45,0.0
2022-02-21T16:25:22,54,0,120,0.45,0.0
2022-02-21T16:33:33,54,0,120,0.45,0.0
2022-02-21T16:41:43,54,0,120,0.45,0.0
2022-02-21T16:49:54,54,0,120,0.45,0.0
2022-02-21T16:58:04,54,0,120,0.45,0.0
2022-02-21T17:06:32,54,0,120,0.45,0.0
2022-02-21T17:14:42,54,0,120,0.45,0.0
2022-02-21T17:22:53,54,0,120,0.45,0.0
2022-02-21T17:31:04,54,0,120,0.45,0.0
2022-02-21T17:39:14,54,0,120,0.45,0.0
2022-02-21T17:47:25,54,0,120,0.45,0.0
2022-02-21T17:55:35,54,0,120,0.45,0.0
2022-02-21T18:03:46,54,0,120,0.45,0.0
2022-02-21T18:12:06,54,0,120,0.45,0.0
2022-02-21T18:20:16,54,0,120,0.45,0.0
2022-02-21T18:28:27,54,0,120,0.45,0.0
2022-02-21T18:36:37,54,0,120,0.45,0.0
2022-02-21T18:44:48,54,0,120,0.45,0.0
2022-02-21T18:52:58,54,0,120,0.45,0.0
2022-02-21T19:01:27,54,0,120,0.45,0.0
2022-02-21T19:09:37,54,0,120,0.45,0.0
2022-02-21T19:17:48,54,0,120,0.45,0.0
2022-02-21T19:25:58,54,0,120,0.45,0.0
2022-02-21T19:34:09,54,0,120,0.45,0.0
2022-02-21T19:42:19,54,0,120,0.45,0.0
2022-02-21T19:50:38,54,0,120,0.45,0.0
2022-02-21T19:58:49,54,0,120,0.45,0.0
2022-02-21T20:06:59,54,0,120,0.45,0.0
2022-02-21T20:15:10,54,0,120,0.45,0.0
2022-02-21T20:23:20,54,0,120,0.45,0.0
2022-02-21T20:31:31,54,0,120,0.45,0.0
2022-02-21T20:39:41,54,0,120,0.45,0.0
2022-02-21T20:48:10,54,0,120,0.45,0.0
2022-02-21T20:56:21,54,0,120,0.45,0.0
2022-02-21T21:04:31,54,0,120,0.45,0.0
2022-02-21T21:12:42,54,0,120,0.45,0.0
2022-02-21T21:20:52,54,0,120,0.45,0.0
2022-02-21T21:29:03,54,0,120,0.45,0.0
2022-02-21T21:37:13,54,0,120,0.45,0.0
2022-02-21T21:45:24,54,0,120,0.45,0.0
2022-02-21T21:53:34,54,0,120,0.45,0.0
2022-02-21T22:01:45,54,0,120,0.45,0.0
2022-02-21T22:10:05,54,0,120,0.45,0.0
2022-02-21T22:18:15,54,0,120,0.45,0.0
2022-02-21T22:26:26,54,0,120,0.45,0.0
2022-02-21T22:34:36,54,0,120,0.45,0.0
2022-02-21T22:42:47,54,0,120,0.45,0.0
2022-02-21T22:50:57,54,0,120,0.45,0.0
2022-02-21T22:59:08,54,0,120,0.45,0.0
2022-02-21T23:07:18,54,0,120,0.45,0.0
2022-02-21T23:15:29,54,0,120,0.45,0.0
2022-02-21T23:23:49,54,0,120,0.45,0.0
2022-02-21T23:32:00,54,0,120,0.45,0.0
2022-02-21T23:40:11,54,0,120,0.45,0.0
2022-02-21T23:48:21,54,0,120,0.45,0.0
2022-02-21T23:56:31,54,0,120,0.45,0.0
2022-02-22T00:04:42,54,0,120,0.45,0.0
2022-02-22T00:12:53,54,0,120,0.45,0.0
2022-02-22T00:21:04,54,0,120,0.45,0.0
2022-02-22T00:29:14,54,0,120,0.45,0.0
2022-02-22T00:37:25,54,0,120,0.45,0.0
2022-02-22T00:45:35,54,0,120,0.45,0.0
2022-02-22T00:53:56,54,0,120,0.45,0.0
2022-02-22T01:02:07,54,0,120,0.45,0.0
2022-02-22T01:10:17,54,0,120,0.45,0.0
2022-02-22T01:18:28,54,0,120,0.45,0.0
2022-02-22T01:26:39,54,0,120,0.45,0.0
2022-02-22T01:34:49,54,0,120,0.45,0.0
2022-02-22T01:43:00,54,0,120,0.45,0.0
2022-02-22T01:51:11,54,0,120,0.45,0.0
2022-02-22T01:59:21,54,0,120,0.45,0.0
2022-02-22T02:07:32,54,0,120,0.45,0.0
2022-02-22T02:15:43,54,0,120,0.45,0.0
2022-02-22T02:23:54,54,0,120,0.45,0.0
2022-02-22T02:32:04,54,0,120,0.45,0.0
2022-02-22T02:40:15,54,0,120,0.45,0.0
2022-02-22T02:48:25,54,0,120,0.45,0.0
2022-02-22T02:56:36,54,0,120,0.45,0.0
2022-02-22T03:04:46,54,0,120,0.45,0.0
2022-02-22T03:12:57,54,0,120,0.45,0.0
2022-02-22T03:21:07,54,0,120,0.45,0.0
2022-02-22T03:29:18,54,0,120,0.45,0.0
2022-02-22T03:37:28,54,0,120,0.45,0.0
2022-02-22T03:45:39,54,0,120,0.45,0.0
2022-02-22T03:53:58,54,0,120,0.45,0.0
2022-02-22T04:02:09,54,0,120,0.45,0.0
2022-02-22T04:10:20,54,0,120,0.45,0.0
2022-02-22T04:23:02,54,0,120,0.45,0.0
2022-02-22T04:31:13,54,0,120,0.45,0.0
2022-02-22T04:39:24,54,0,120,0.45,0.0
2022-02-22T04:48:51,54,0,120,0.45,0.0
2022-02-22T04:57:21,54,0,120,0.45,0.0
2022-02-22T05:05:32,54,0,120,0.45,0.0
2022-02-22T05:13:45,54,0,120,0.45,0.0
2022-02-22T05:21:56,54,0,120,0.45,0.0
2022-02-22T05:30:07,54,0,120,0.45,0.0
2022-02-22T05:38:17,54,0,120,0.45,0.0
2022-02-22T05:46:28,54,0,120,0.45,0.0
2022-02-22T05:54:39,54,0,120,0.45,0.0
2022-02-22T06:02:50,54,0,120,0.45,0.0
2022-02-22T06:11:01,54,0,120,0.45,0.0
2022-02-22T06:19:12,54,0,120,0.45,0.0
2022-02-22T06:27:22,54,0,120,0.45,0.0
2022-02-22T06:35:33,54,0,120,0.45,0.0
2022-02-22T06:43:43,54,0,120,0.45,0.0
2022-02-22T06:51:54,54,0,120,0.45,0.0
2022-02-22T07:00:04,54,0,120,0.45,0.0
2022-02-22T07:08:15,54,0,120,0.45,0.0
2022-02-22T07:16:32,54,0,120,0.45,0.0
2022-02-22T07:24:42,54,0,120,0.45,0.0
2022-02-22T07:32:53,54,0,120,0.45,0.0
2022-02-22T07:41:03,54,0,120,0.45,0.0
2022-02-22T07:49:14,54,0,120,0.45,0.0
2022-02-22T07:57:25,54,0,120,0.45,0.0
2022-02-22T08:05:35,54,0,120,0.45,0.0
2022-02-22T08:13:46,54,0,120,0.45,0.0
2022-02-22T08:21:57,53,0,120,0.44166666666666665,0.0
2022-02-22T08:30:08,53,0,120,0.44166666666666665,0.0
2022-02-22T08:38:19,53,0,120,0.44166666666666665,0.0
2022-02-22T08:46:29,53,0,120,0.44166666666666665,0.0
2022-02-22T08:54:40,53,0,120,0.44166666666666665,0.0
2022-02-22T09:02:51,53,0,120,0.44166666666666665,0.0
2022-02-22T09:11:01,53,0,120,0.44166666666666665,0.0
2022-02-22T09:19:12,53,0,120,0.44166666666666665,0.0
2022-02-22T09:27:23,53,0,120,0.44166666666666665,0.0
2022-02-22T09:35:45,53,0,120,0.44166666666666665,0.0
2022-02-22T09:43:56,53,0,120,0.44166666666666665,0.0
2022-02-22T09:52:07,53,0,120,0.44166666666666665,0.0
2022-02-22T10:00:17,53,0,120,0.44166666666666665,0.0
2022-02-22T10:08:28,53,0,120,0.44166666666666665,0.0
2022-02-22T10:16:39,53,0,120,0.44166666666666665,0.0
2022-02-22T10:24:50,53,0,120,0.44166666666666665,0.0
2022-02-22T10:33:01,53,0,120,0.44166666666666665,0.0
2022-02-22T10:41:20,53,0,120,0.44166666666666665,0.0
2022-02-22T10:49:31,53,0,120,0.44166666666666665,0.0
2022-02-22T10:57:42,53,0,120,0.44166666666666665,0.0
2022-02-22T11:05:53,53,0,120,0.44166666666666665,0.0
2022-02-22T11:14:03,52,0,120,0.43333333333333335,0.0
2022-02-22T11:22:14,51,0,120,0.425,0.0
2022-02-22T11:30:25,51,0,120,0.425,0.0
2022-02-22T11:38:46,51,0,120,0.425,0.0
2022-02-22T11:46:57,51,0,120,0.425,0.0
2022-02-22T11:55:08,51,0,120,0.425,0.0
2022-02-22T12:03:21,51,0,120,0.425,0.0
2022-02-22T12:11:38,51,0,120,0.425,0.0
2022-02-22T12:19:55,51,0,120,0.425,0.0
2022-02-22T12:28:12,51,0,120,0.425,0.0
2022-02-22T12:36:39,51,0,120,0.425,0.0
2022-02-22T12:44:56,51,0,120,0.425,0.0
2022-02-22T12:53:13,51,0,120,0.425,0.0
2022-02-22T13:01:29,51,0,120,0.425,0.0
2022-02-22T13:09:46,51,0,120,0.425,0.0
2022-02-22T13:18:03,50,0,120,0.4166666666666667,0.0
2022-02-22T13:26:31,49,0,120,0.4083333333333333,0.0
2022-02-22T13:34:48,49,0,120,0.4083333333333333,0.0
2022-02-22T13:43:05,49,0,120,0.4083333333333333,0.0
2022-02-22T13:51:22,49,0,120,0.4083333333333333,0.0
2022-02-22T13:59:39,48,0,120,0.4,0.0
2022-02-22T14:07:56,48,0,120,0.4,0.0
2022-02-22T14:16:23,48,0,120,0.4,0.0
2022-02-22T14:24:40,48,0,120,0.4,0.0
2022-02-22T14:32:57,48,0,120,0.4,0.0
2022-02-22T14:41:14,48,0,120,0.4,0.0
2022-02-22T14:49:31,48,0,120,0.4,0.0
2022-02-22T14:57:48,47,0,120,0.39166666666666666,0.0
2022-02-22T15:06:14,47,0,120,0.39166666666666666,0.0
2022-02-22T15:14:31,47,0,120,0.39166666666666666,0.0
2022-02-22T15:22:47,47,0,120,0.39166666666666666,0.0
2022-02-22T15:31:04,47,0,120,0.39166666666666666,0.0
2022-02-22T15:39:23,47,0,120,0.39166666666666666,0.0
2022-02-22T15:47:39,47,0,120,0.39166666666666666,0.0
2022-02-22T15:55:56,46,0,120,0.38333333333333336,0.0
2022-02-22T16:04:26,46,0,120,0.38333333333333336,0.0
2022-02-22T16:12:43,47,0,120,0.39166666666666666,0.0
2022-02-22T16:20:59,47,0,120,0.39166666666666666,0.0
2022-02-22T16:29:16,47,0,120,0.39166666666666666,0.0
2022-02-22T16:37:33,46,0,120,0.38333333333333336,0.0
2022-02-22T16:45:50,46,0,120,0.38333333333333336,0.0
2022-02-22T16:54:15,46,0,120,0.38333333333333336,0.0
2022-02-22T17:02:32,46,0,120,0.38333333333333336,0.0
2022-02-22T17:10:49,46,0,120,0.38333333333333336,0.0
2022-02-22T17:19:06,46,0,120,0.38333333333333336,0.0
2022-02-22T17:27:22,46,0,120,0.38333333333333336,0.0
2022-02-22T17:35:39,46,0,120,0.38333333333333336,0.0
2022-02-22T17:44:07,46,0,120,0.38333333333333336,0.0
2022-02-22T17:52:23,46,0,120,0.38333333333333336,0.0
2022-02-22T18:00:40,46,0,120,0.38333333333333336,0.0
2022-02-22T18:08:57,46,0,120,0.38333333333333336,0.0
2022-02-22T18:17:13,46,0,120,0.38333333333333336,0.0
2022-02-22T18:25:30,46,0,120,0.38333333333333336,0.0
2022-02-22T18:33:58,46,0,120,0.38333333333333336,0.0
2022-02-22T18:42:14,46,0,120,0.38333333333333336,0.0
2022-02-22T18:50:31,46,0,120,0.38333333333333336,0.0
2022-02-22T18:58:47,46,0,120,0.38333333333333336,0.0
2022-02-22T19:07:04,45,0,120,0.375,0.0
2022-02-22T19:15:21,45,0,120,0.375,0.0
2022-02-22T19:23:37,44,0,120,0.36666666666666664,0.0
2022-02-22T19:32:04,44,0,120,0.36666666666666664,0.0
2022-02-22T19:40:20,44,0,120,0.36666666666666664,0.0
2022-02-22T19:48:37,44,0,120,0.36666666666666664,0.0
2022-02-22T19:56:53,43,0,120,0.35833333333333334,0.0
2022-02-22T20:05:10,43,0,120,0.35833333333333334,0.0
2022-02-22T20:13:27,43,0,120,0.35833333333333334,0.0
2022-02-22T20:21:43,44,0,120,0.36666666666666664,0.0
2022-02-22T20:30:00,45,0,120,0.375,0.0
2022-02-22T20:38:28,45,0,120,0.375,0.0
2022-02-22T20:46:45,45,0,120,0.375,0.0
2022-02-22T20:55:01,45,0,120,0.375,0.0
2022-02-22T21:03:18,45,0,120,0.375,0.0
2022-02-22T21:11:34,45,0,120,0.375,0.0
2022-02-22T21:19:51,45,0,120,0.375,0.0
2022-02-22T21:28:08,45,0,120,0.375,0.0
2022-02-22T21:36:24,45,0,120,0.375,0.0
2022-02-22T21:44:51,45,0,120,0.375,0.0
2022-02-22T21:53:08,45,0,120,0.375,0.0
2022-02-22T22:01:24,44,0,120,0.36666666666666664,0.0
2022-02-22T22:09:41,44,0,120,0.36666666666666664,0.0
2022-02-22T22:17:57,44,0,120,0.36666666666666664,0.0
2022-02-22T22:26:14,43,0,120,0.35833333333333334,0.0
2022-02-22T22:34:31,43,0,120,0.35833333333333334,0.0
2022-02-22T22:43:00,43,0,120,0.35833333333333334,0.0
2022-02-22T22:51:16,43,0,120,0.35833333333333334,0.0
2022-02-22T22:59:33,43,0,120,0.35833333333333334,0.0
2022-02-22T23:07:50,43,0,120,0.35833333333333334,0.0
2022-02-22T23:16:06,43,0,120,0.35833333333333334,0.0
2022-02-22T23:24:23,43,0,120,0.35833333333333334,0.0
2022-02-22T23:32:39,43,0,120,0.35833333333333334,0.0
2022-02-22T23:40:56,43,0,120,0.35833333333333334,0.0
2022-02-22T23:49:12,43,0,120,0.35833333333333334,0.0
2022-02-22T23:57:39,43,0,120,0.35833333333333334,0.0
2022-02-23T00:05:55,43,0,120,0.35833333333333334,0.0
2022-02-23T00:14:16,43,0,120,0.35833333333333334,0.0
2022-02-23T00:22:33,43,0,120,0.35833333333333334,0.0
2022-02-23T00:30:50,43,0,120,0.35833333333333334,0.0
2022-02-23T00:39:07,43,0,120,0.35833333333333334,0.0
2022-02-23T00:47:24,43,0,120,0.35833333333333334,0.0
2022-02-23T00:55:41,43,0,120,0.35833333333333334,0.0
2022-02-23T01:03:58,43,0,120,0.35833333333333334,0.0
2022-02-23T01:12:15,43,0,120,0.35833333333333334,0.0
2022-02-23T01:20:31,43,0,120,0.35833333333333334,0.0
2022-02-23T01:28:57,43,0,120,0.35833333333333334,0.0
2022-02-23T01:37:14,43,0,120,0.35833333333333334,0.0
2022-02-23T01:45:31,43,0,120,0.35833333333333334,0.0
2022-02-23T01:53:47,43,0,120,0.35833333333333334,0.0
2022-02-23T02:02:04,43,0,120,0.35833333333333334,0.0
2022-02-23T02:10:21,43,0,120,0.35833333333333334,0.0
2022-02-23T02:18:37,43,0,120,0.35833333333333334,0.0
2022-02-23T02:26:54,43,0,120,0.35833333333333334,0.0
2022-02-23T02:35:12,43,0,120,0.35833333333333334,0.0
2022-02-23T02:43:29,43,0,120,0.35833333333333334,0.0
2022-02-23T02:51:46,43,0,120,0.35833333333333334,0.0
2022-02-23T03:00:02,43,0,120,0.35833333333333334,0.0
2022-02-23T03:08:19,43,0,120,0.35833333333333334,0.0
2022-02-23T03:16:36,43,0,120,0.35833333333333334,0.0
2022-02-23T03:24:53,43,0,120,0.35833333333333334,0.0
2022-02-23T03:33:10,43,0,120,0.35833333333333334,0.0
2022-02-23T03:41:26,43,0,120,0.35833333333333334,0.0
2022-02-23T03:49:43,43,0,120,0.35833333333333334,0.0
2022-02-23T03:58:09,43,0,120,0.35833333333333334,0.0
2022-02-23T04:06:26,43,0,120,0.35833333333333334,0.0
2022-02-23T04:14:43,43,0,120,0.35833333333333334,0.0
2022-02-23T04:28:46,43,0,120,0.35833333333333334,0.0
2022-02-23T04:37:25,43,0,120,0.35833333333333334,0.0
2022-02-23T04:45:42,43,0,120,0.35833333333333334,0.0
2022-02-23T04:53:59,43,0,120,0.35833333333333334,0.0
2022-02-23T05:02:16,43,0,120,0.35833333333333334,0.0
2022-02-23T05:10:33,43,0,120,0.35833333333333334,0.0
2022-02-23T05:18:50,43,0,120,0.35833333333333334,0.0
2022-02-23T05:27:07,43,0,120,0.35833333333333334,0.0
2022-02-23T05:35:24,43,0,120,0.35833333333333334,0.0
2022-02-23T05:45:18,43,0,120,0.35833333333333334,0.0
2022-02-23T05:53:35,43,0,120,0.35833333333333334,0.0
2022-02-23T06:01:52,43,0,120,0.35833333333333334,0.0
2022-02-23T06:10:09,43,0,120,0.35833333333333334,0.0
2022-02-23T06:18:26,43,0,120,0.35833333333333334,0.0
2022-02-23T06:26:43,43,0,120,0.35833333333333334,0.0
2022-02-23T06:35:00,43,0,120,0.35833333333333334,0.0
2022-02-23T06:43:17,43,0,120,0.35833333333333334,0.0
2022-02-23T06:51:33,43,0,120,0.35833333333333334,0.0
2022-02-23T06:59:50,43,0,120,0.35833333333333334,0.0
2022-02-23T07:08:06,43,0,120,0.35833333333333334,0.0
2022-02-23T07:16:23,43,0,120,0.35833333333333334,0.0
2022-02-23T07:24:40,43,0,120,0.35833333333333334,0.0
2022-02-23T07:32:56,43,0,120,0.35833333333333334,0.0
2022-02-23T07:41:13,43,0,120,0.35833333333333334,0.0
2022-02-23T07:49:30,43,0,120,0.35833333333333334,0.0
2022-02-23T07:57:46,43,0,120,0.35833333333333334,0.0
2022-02-23T08:06:12,43,0,120,0.35833333333333334,0.0
2022-02-23T08:14:28,43,0,120,0.35833333333333334,0.0
2022-02-23T08:22:45,43,0,120,0.35833333333333334,0.0
2022-02-23T08:31:02,43,0,120,0.35833333333333334,0.0
2022-02-23T08:39:19,43,0,120,0.35833333333333334,0.0
2022-02-23T08:47:36,43,0,120,0.35833333333333334,0.0
2022-02-23T08:55:54,43,0,120,0.35833333333333334,0.0
2022-02-23T09:04:10,43,0,120,0.35833333333333334,0.0
2022-02-23T09:12:27,43,0,120,0.35833333333333334,0.0
2022-02-23T09:20:45,43,0,120,0.35833333333333334,0.0
2022-02-23T09:29:02,43,0,120,0.35833333333333334,0.0
2022-02-23T09:37:29,43,0,120,0.35833333333333334,0.0
2022-02-23T09:45:47,42,0,120,0.35,0.0
2022-02-23T09:54:04,42,0,120,0.35,0.0
2022-02-23T10:02:21,42,0,120,0.35,0.0
2022-02-23T10:10:38,42,0,120,0.35,0.0
2022-02-23T10:18:56,42,0,120,0.35,0.0
2022-02-23T10:27:14,39,0,120,0.325,0.0
2022-02-23T10:35:41,39,0,120,0.325,0.0
2022-02-23T10:43:58,38,0,120,0.31666666666666665,0.0
2022-02-23T10:52:17,38,0,120,0.31666666666666665,0.0
2022-02-23T11:00:34,38,0,120,0.31666666666666665,0.0
2022-02-23T11:08:52,38,0,120,0.31666666666666665,0.0
2022-02-23T11:17:11,38,0,120,0.31666666666666665,0.0
2022-02-23T11:25:40,38,0,120,0.31666666666666665,0.0
2022-02-23T11:33:58,38,0,120,0.31666666666666665,0.0
2022-02-23T11:42:15,38,0,120,0.31666666666666665,0.0
2022-02-23T11:50:33,38,0,120,0.31666666666666665,0.0
2022-02-23T11:58:50,38,0,120,0.31666666666666665,0.0
2022-02-23T12:07:17,38,0,120,0.31666666666666665,0.0
2022-02-23T12:15:34,38,0,120,0.31666666666666665,0.0
2022-02-23T12:23:51,38,0,120,0.31666666666666665,0.0
2022-02-23T12:32:08,38,0,120,0.31666666666666665,0.0
2022-02-23T12:40:25,38,0,120,0.31666666666666665,0.0
2022-02-23T12:48:42,37,0,120,0.30833333333333335,0.0
2022-02-23T12:57:07,37,0,120,0.30833333333333335,0.0
2022-02-23T13:05:24,37,0,120,0.30833333333333335,0.0
2022-02-23T13:13:41,37,0,120,0.30833333333333335,0.0
2022-02-23T13:21:59,37,0,120,0.30833333333333335,0.0
2022-02-23T13:30:16,37,1,120,0.30833333333333335,0.008333333333333333
2022-02-23T13:38:33,36,1,120,0.3,0.008333333333333333
2022-02-23T13:47:01,36,2,120,0.3,0.016666666666666666
2022-02-23T13:55:17,36,2,120,0.3,0.016666666666666666
2022-02-23T14:03:35,35,2,120,0.2916666666666667,0.016666666666666666
2022-02-23T14:11:51,35,2,120,0.2916666666666667,0.016666666666666666
2022-02-23T14:20:08,36,2,120,0.3,0.016666666666666666
2022-02-23T14:28:25,36,2,120,0.3,0.016666666666666666
2022-02-23T14:36:53,36,2,120,0.3,0.016666666666666666
2022-02-23T14:45:10,36,2,120,0.3,0.016666666666666666
2022-02-23T14:53:27,36,2,120,0.3,0.016666666666666666
2022-02-23T15:01:44,36,2,120,0.3,0.016666666666666666
2022-02-23T15:10:01,36,2,120,0.3,0.016666666666666666
2022-02-23T15:18:29,36,2,120,0.3,0.016666666666666666
2022-02-23T15:26:46,36,2,120,0.3,0.016666666666666666
2022-02-23T15:35:03,36,2,120,0.3,0.016666666666666666
2022-02-23T15:43:19,36,2,120,0.3,0.016666666666666666
2022-02-23T15:51:47,36,2,120,0.3,0.016666666666666666
2022-02-23T16:00:04,36,2,120,0.3,0.016666666666666666
2022-02-23T16:08:21,36,2,120,0.3,0.016666666666666666
2022-02-23T16:16:38,36,2,120,0.3,0.016666666666666666
2022-02-23T16:25:06,36,2,120,0.3,0.016666666666666666
2022-02-23T16:33:23,36,2,120,0.3,0.016666666666666666
2022-02-23T16:41:39,36,2,120,0.3,0.016666666666666666
2022-02-23T16:49:56,36,2,120,0.3,0.016666666666666666
2022-02-23T16:58:13,36,2,120,0.3,0.016666666666666666
2022-02-23T17:06:30,35,2,120,0.2916666666666667,0.016666666666666666
2022-02-23T17:14:54,35,2,120,0.2916666666666667,0.016666666666666666
2022-02-23T17:23:10,35,2,120,0.2916666666666667,0.016666666666666666
2022-02-23T17:31:28,35,2,120,0.2916666666666667,0.016666666666666666
2022-02-23T17:39:44,35,2,120,0.2916666666666667,0.016666666666666666
2022-02-23T17:48:01,35,2,120,0.2916666666666667,0.016666666666666666
2022-02-23T17:56:18,34,2,120,0.2833333333333333,0.016666666666666666
2022-02-23T18:04:46,34,2,120,0.2833333333333333,0.016666666666666666
2022-02-23T18:13:02,34,2,120,0.2833333333333333,0.016666666666666666
2022-02-23T18:21:19,34,2,120,0.2833333333333333,0.016666666666666666
2022-02-23T18:29:35,34,2,120,0.2833333333333333,0.016666666666666666
2022-02-23T18:37:53,34,2,120,0.2833333333333333,0.016666666666666666
2022-02-23T18:46:21,34,2,120,0.2833333333333333,0.016666666666666666
2022-02-23T18:54:37,34,2,120,0.2833333333333333,0.016666666666666666
2022-02-23T19:02:54,34,2,120,0.2833333333333333,0.016666666666666666
2022-02-23T19:11:11,34,2,120,0.2833333333333333,0.016666666666666666
2022-02-23T19:19:27,34,2,120,0.2833333333333333,0.016666666666666666
2022-02-23T19:27:44,34,2,120,0.2833333333333333,0.016666666666666666
2022-02-23T19:36:10,34,2,120,0.2833333333333333,0.016666666666666666
2022-02-23T19:44:27,34,2,120,0.2833333333333333,0.016666666666666666
2022-02-23T19:52:43,34,2,120,0.2833333333333333,0.016666666666666666
2022-02-23T20:01:00,35,3,120,0.2916666666666667,0.025
2022-02-23T20:09:17,35,3,120,0.2916666666666667,0.025
2022-02-23T20:17:34,35,3,120,0.2916666666666667,0.025
2022-02-23T20:25:59,35,3,120,0.2916666666666667,0.025
2022-02-23T20:34:16,35,3,120,0.2916666666666667,0.025
2022-02-23T20:42:33,35,3,120,0.2916666666666667,0.025
2022-02-23T20:50:50,35,3,120,0.2916666666666667,0.025
2022-02-23T20:59:07,35,3,120,0.2916666666666667,0.025
2022-02-23T21:07:25,35,3,120,0.2916666666666667,0.025
2022-02-23T21:15:52,35,3,120,0.2916666666666667,0.025
2022-02-23T21:24:08,35,3,120,0.2916666666666667,0.025
2022-02-23T21:32:25,35,3,120,0.2916666666666667,0.025
2022-02-23T21:40:41,35,3,120,0.2916666666666667,0.025
2022-02-23T21:49:08,35,3,120,0.2916666666666667,0.025
2022-02-23T21:57:25,35,3,120,0.2916666666666667,0.025
2022-02-23T22:05:42,35,3,120,0.2916666666666667,0.025
2022-02-23T22:13:58,35,3,120,0.2916666666666667,0.025
2022-02-23T22:22:15,35,3,120,0.2916666666666667,0.025
2022-02-23T22:30:31,35,3,120,0.2916666666666667,0.025
2022-02-23T22:38:48,35,3,120,0.2916666666666667,0.025
2022-02-23T22:47:04,35,3,120,0.2916666666666667,0.025
2022-02-23T22:55:30,35,3,120,0.2916666666666667,0.025
2022-02-23T23:03:47,35,3,120,0.2916666666666667,0.025
2022-02-23T23:12:03,35,3,120,0.2916666666666667,0.025
2022-02-23T23:20:20,35,3,120,0.2916666666666667,0.025
2022-02-23T23:28:37,35,3,120,0.2916666666666667,0.025
2022-02-23T23:36:54,35,3,120,0.2916666666666667,0.025
2022-02-23T23:45:10,35,3,120,0.2916666666666667,0.025
2022-02-23T23:53:27,35,3,120,0.2916666666666667,0.025
2022-02-24T00:01:44,35,3,120,0.2916666666666667,0.025
2022-02-24T00:10:10,35,3,120,0.2916666666666667,0.025
2022-02-24T00:18:28,35,3,120,0.2916666666666667,0.025
2022-02-24T00:26:45,35,3,120,0.2916666666666667,0.025
2022-02-24T00:35:02,35,3,120,0.2916666666666667,0.025
2022-02-24T00:43:18,35,3,120,0.2916666666666667,0.025
2022-02-24T00:51:35,35,3,120,0.2916666666666667,0.025
2022-02-24T00:59:52,35,3,120,0.2916666666666667,0.025
2022-02-24T01:08:08,35,3,120,0.2916666666666667,0.025
2022-02-24T01:16:25,35,3,120,0.2916666666666667,0.025
2022-02-24T01:24:41,35,3,120,0.2916666666666667,0.025
2022-02-24T01:32:58,35,3,120,0.2916666666666667,0.025
2022-02-24T01:41:23,35,3,120,0.2916666666666667,0.025
2022-02-24T01:49:39,35,3,120,0.2916666666666667,0.025
2022-02-24T01:57:56,35,3,120,0.2916666666666667,0.025
2022-02-24T02:06:13,35,3,120,0.2916666666666667,0.025
2022-02-24T02:14:29,35,3,120,0.2916666666666667,0.025
2022-02-24T02:22:46,35,3,120,0.2916666666666667,0.025
2022-02-24T02:31:03,35,3,120,0.2916666666666667,0.025
2022-02-24T02:39:19,35,3,120,0.2916666666666667,0.025
2022-02-24T02:47:36,35,3,120,0.2916666666666667,0.025
2022-02-24T02:55:52,35,3,120,0.2916666666666667,0.025
2022-02-24T03:04:09,35,3,120,0.2916666666666667,0.025
2022-02-24T03:12:26,35,3,120,0.2916666666666667,0.025
2022-02-24T03:20:43,35,3,120,0.2916666666666667,0.025
2022-02-24T03:28:59,35,3,120,0.2916666666666667,0.025
2022-02-24T03:37:15,35,3,120,0.2916666666666667,0.025
2022-02-24T03:45:43,35,3,120,0.2916666666666667,0.025
2022-02-24T03:54:00,35,3,120,0.2916666666666667,0.025
2022-02-24T04:02:16,35,3,120,0.2916666666666667,0.025
2022-02-24T04:20:23,35,3,120,0.2916666666666667,0.025
2022-02-24T04:29:05,35,3,120,0.2916666666666667,0.025
2022-02-24T04:37:22,35,3,120,0.2916666666666667,0.025
2022-02-24T04:45:39,35,3,120,0.2916666666666667,0.025
2022-02-24T04:53:56,35,3,120,0.2916666666666667,0.025
2022-02-24T05:02:14,35,3,120,0.2916666666666667,0.025
2022-02-24T05:10:31,35,3,120,0.2916666666666667,0.025
2022-02-24T05:18:48,35,3,120,0.2916666666666667,0.025
2022-02-24T05:27:05,35,3,120,0.2916666666666667,0.025
2022-02-24T05:35:24,35,3,120,0.2916666666666667,0.025
2022-02-24T05:43:41,35,3,120,0.2916666666666667,0.025
2022-02-24T05:51:58,35,3,120,0.2916666666666667,0.025
2022-02-24T06:00:16,35,3,120,0.2916666666666667,0.025
2022-02-24T06:08:33,35,3,120,0.2916666666666667,0.025
2022-02-24T06:16:50,35,3,120,0.2916666666666667,0.025
2022-02-24T06:25:07,35,3,120,0.2916666666666667,0.025
2022-02-24T06:33:23,35,3,120,0.2916666666666667,0.025
2022-02-24T06:41:40,35,3,120,0.2916666666666667,0.025
2022-02-24T06:49:57,35,3,120,0.2916666666666667,0.025
2022-02-24T06:58:14,35,3,120,0.2916666666666667,0.025
2022-02-24T07:06:31,35,3,120,0.2916666666666667,0.025
2022-02-24T07:14:48,35,3,120,0.2916666666666667,0.025
2022-02-24T07:23:05,35,3,120,0.2916666666666667,0.025
2022-02-24T07:31:22,35,3,120,0.2916666666666667,0.025
2022-02-24T07:39:39,35,3,120,0.2916666666666667,0.025
2022-02-24T07:47:55,35,3,120,0.2916666666666667,0.025
2022-02-24T07:56:42,35,3,120,0.2916666666666667,0.025
2022-02-24T08:11:02,35,3,120,0.2916666666666667,0.025
2022-02-24T08:25:12,35,3,120,0.2916666666666667,0.025
2022-02-24T08:37:55,35,3,120,0.2916666666666667,0.025
2022-02-24T08:46:12,35,3,120,0.2916666666666667,0.025
2022-02-24T08:54:28,35,3,120,0.2916666666666667,0.025
2022-02-24T09:02:46,35,3,120,0.2916666666666667,0.025
2022-02-24T09:11:03,35,3,120,0.2916666666666667,0.025
2022-02-24T09:19:19,35,3,120,0.2916666666666667,0.025
2022-02-24T09:27:36,34,3,120,0.2833333333333333,0.025
2022-02-24T09:35:53,34,3,120,0.2833333333333333,0.025
2022-02-24T09:44:10,34,3,120,0.2833333333333333,0.025
2022-02-24T09:52:35,34,3,120,0.2833333333333333,0.025
2022-02-24T10:00:52,34,3,120,0.2833333333333333,0.025
2022-02-24T10:09:09,34,3,120,0.2833333333333333,0.025
2022-02-24T10:17:26,34,3,120,0.2833333333333333,0.025
2022-02-24T10:25:43,34,3,120,0.2833333333333333,0.025
2022-02-24T10:34:00,34,3,120,0.2833333333333333,0.025
2022-02-24T10:42:17,34,3,120,0.2833333333333333,0.025
2022-02-24T10:50:41,34,3,120,0.2833333333333333,0.025
2022-02-24T10:58:58,34,3,120,0.2833333333333333,0.025
2022-02-24T11:07:15,34,3,120,0.2833333333333333,0.025
2022-02-24T11:15:32,34,3,120,0.2833333333333333,0.025
2022-02-24T11:23:49,34,3,120,0.2833333333333333,0.025
2022-02-24T11:32:06,34,3,120,0.2833333333333333,0.025
2022-02-24T11:40:33,34,3,120,0.2833333333333333,0.025
2022-02-24T11:48:50,34,3,120,0.2833333333333333,0.025
2022-02-24T11:57:07,34,3,120,0.2833333333333333,0.025
2022-02-24T12:05:24,34,3,120,0.2833333333333333,0.025
2022-02-24T12:13:41,34,3,120,0.2833333333333333,0.025
2022-02-24T12:21:58,34,3,120,0.2833333333333333,0.025
2022-02-24T12:30:24,34,3,120,0.2833333333333333,0.025
2022-02-24T12:38:42,34,3,120,0.2833333333333333,0.025
2022-02-24T12:47:01,34,3,120,0.2833333333333333,0.025
2022-02-24T12:55:20,34,3,120,0.2833333333333333,0.025
2022-02-24T13:03:39,34,3,120,0.2833333333333333,0.025
2022-02-24T13:11:58,34,3,120,0.2833333333333333,0.025
2022-02-24T13:20:17,34,3,120,0.2833333333333333,0.025
2022-02-24T13:28:46,34,3,120,0.2833333333333333,0.025
2022-02-24T13:37:04,34,3,120,0.2833333333333333,0.025
2022-02-24T13:45:22,34,3,120,0.2833333333333333,0.025
2022-02-24T13:53:41,34,3,120,0.2833333333333333,0.025
2022-02-24T14:01:59,34,3,120,0.2833333333333333,0.025
2022-02-24T14:10:27,34,3,120,0.2833333333333333,0.025
2022-02-24T14:18:45,34,3,120,0.2833333333333333,0.025
2022-02-24T14:27:03,34,3,120,0.2833333333333333,0.025
2022-02-24T14:35:21,34,3,120,0.2833333333333333,0.025
2022-02-24T14:43:39,34,3,120,0.2833333333333333,0.025
2022-02-24T14:52:07,34,3,120,0.2833333333333333,0.025
2022-02-24T15:00:25,34,3,120,0.2833333333333333,0.025
2022-02-24T15:08:43,34,3,120,0.2833333333333333,0.025
2022-02-24T15:17:01,34,3,120,0.2833333333333333,0.025
2022-02-24T15:25:19,34,3,120,0.2833333333333333,0.025
2022-02-24T15:33:37,34,3,120,0.2833333333333333,0.025
2022-02-24T15:42:03,34,3,120,0.2833333333333333,0.025
2022-02-24T15:50:20,34,3,120,0.2833333333333333,0.025
2022-02-24T15:58:38,34,3,120,0.2833333333333333,0.025
2022-02-24T16:06:55,34,3,120,0.2833333333333333,0.025
2022-02-24T16:15:12,34,3,120,0.2833333333333333,0.025
2022-02-24T16:23:37,34,3,120,0.2833333333333333,0.025
2022-02-24T16:31:54,34,3,120,0.2833333333333333,0.025
2022-02-24T16:40:11,34,3,120,0.2833333333333333,0.025
2022-02-24T16:48:28,34,3,120,0.2833333333333333,0.025
2022-02-24T16:56:45,34,3,120,0.2833333333333333,0.025
2022-02-24T17:05:02,34,3,120,0.2833333333333333,0.025
2022-02-24T17:13:30,33,3,120,0.275,0.025
2022-02-24T17:21:47,33,3,120,0.275,0.025
2022-02-24T17:30:04,33,3,120,0.275,0.025
2022-02-24T17:38:21,33,3,120,0.275,0.025
2022-02-24T17:46:37,33,3,120,0.275,0.025
2022-02-24T17:54:54,33,3,120,0.275,0.025
2022-02-24T18:03:11,33,3,120,0.275,0.025
2022-02-24T18:11:28,33,3,120,0.275,0.025
2022-02-24T18:19:55,33,3,120,0.275,0.025
2022-02-24T18:28:12,33,3,120,0.275,0.025
2022-02-24T18:36:29,33,3,120,0.275,0.025
2022-02-24T18:44:46,33,3,120,0.275,0.025
2022-02-24T18:53:03,33,3,120,0.275,0.025
2022-02-24T19:01:19,33,3,120,0.275,0.025
2022-02-24T19:09:36,33,3,120,0.275,0.025
2022-02-24T19:18:04,33,3,120,0.275,0.025
2022-02-24T19:26:20,33,3,120,0.275,0.025
2022-02-24T19:34:37,33,3,120,0.275,0.025
2022-02-24T19:42:54,33,3,120,0.275,0.025
2022-02-24T19:51:10,33,3,120,0.275,0.025
2022-02-24T19:59:27,33,3,120,0.275,0.025
2022-02-24T20:07:54,33,3,120,0.275,0.025
2022-02-24T20:16:11,33,3,120,0.275,0.025
2022-02-24T20:24:28,33,3,120,0.275,0.025
2022-02-24T20:32:45,33,3,120,0.275,0.025
2022-02-24T20:41:01,33,3,120,0.275,0.025
2022-02-24T20:49:18,33,3,120,0.275,0.025
2022-02-24T20:57:34,33,3,120,0.275,0.025
2022-02-24T21:06:01,33,3,120,0.275,0.025
2022-02-24T21:14:17,33,3,120,0.275,0.025
2022-02-24T21:22:34,33,3,120,0.275,0.025
2022-02-24T21:30:51,33,3,120,0.275,0.025
2022-02-24T21:39:08,33,3,120,0.275,0.025
2022-02-24T21:47:24,33,3,120,0.275,0.025
2022-02-24T21:55:41,33,3,120,0.275,0.025
2022-02-24T22:03:58,33,3,120,0.275,0.025
2022-02-24T22:12:21,33,3,120,0.275,0.025
2022-02-24T22:20:38,33,3,120,0.275,0.025
2022-02-24T22:28:54,33,3,120,0.275,0.025
2022-02-24T22:37:11,33,3,120,0.275,0.025
2022-02-24T22:45:28,33,3,120,0.275,0.025
2022-02-24T22:53:44,33,3,120,0.275,0.025
2022-02-24T23:02:01,33,3,120,0.275,0.025
2022-02-24T23:10:18,33,3,120,0.275,0.025
2022-02-24T23:18:35,33,3,120,0.275,0.025
2022-02-24T23:27:02,33,3,120,0.275,0.025
2022-02-24T23:35:18,33,3,120,0.275,0.025
2022-02-24T23:43:35,33,3,120,0.275,0.025
2022-02-24T23:51:52,33,3,120,0.275,0.025
2022-02-25T00:00:08,33,3,120,0.275,0.025
2022-02-25T00:08:25,33,3,120,0.275,0.025
2022-02-25T00:16:42,33,3,120,0.275,0.025
2022-02-25T00:24:59,33,3,120,0.275,0.025
2022-02-25T00:33:16,33,3,120,0.275,0.025
2022-02-25T00:41:33,33,3,120,0.275,0.025
2022-02-25T00:49:50,33,3,120,0.275,0.025
2022-02-25T00:58:15,33,3,120,0.275,0.025
2022-02-25T01:06:33,33,3,120,0.275,0.025
2022-02-25T01:14:50,33,3,120,0.275,0.025
2022-02-25T01:23:06,33,3,120,0.275,0.025
2022-02-25T01:31:23,33,3,120,0.275,0.025
2022-02-25T01:39:40,33,3,120,0.275,0.025
2022-02-25T01:47:56,33,3,120,0.275,0.025
2022-02-25T01:56:13,33,3,120,0.275,0.025
2022-02-25T02:04:30,33,3,120,0.275,0.025
2022-02-25T02:12:46,33,3,120,0.275,0.025
2022-02-25T02:21:03,33,3,120,0.275,0.025
2022-02-25T02:29:31,33,3,120,0.275,0.025
2022-02-25T02:37:49,33,3,120,0.275,0.025
2022-02-25T02:46:06,33,3,120,0.275,0.025
2022-02-25T02:54:22,33,3,120,0.275,0.025
2022-02-25T03:02:39,33,3,120,0.275,0.025
2022-02-25T03:10:56,33,3,120,0.275,0.025
2022-02-25T03:19:13,33,3,120,0.275,0.025
2022-02-25T03:27:29,33,3,120,0.275,0.025
2022-02-25T03:35:46,33,3,120,0.275,0.025
2022-02-25T03:44:02,33,3,120,0.275,0.025
2022-02-25T03:52:19,33,3,120,0.275,0.025
2022-02-25T04:00:36,33,3,120,0.275,0.025
2022-02-25T04:10:46,33,3,120,0.275,0.025
2022-02-25T04:19:41,33,3,120,0.275,0.025
2022-02-25T04:30:33,33,3,120,0.275,0.025
2022-02-25T04:39:10,33,3,120,0.275,0.025
2022-02-25T04:47:27,33,3,120,0.275,0.025
2022-02-25T04:55:44,33,3,120,0.275,0.025
2022-02-25T05:04:02,33,3,120,0.275,0.025
2022-02-25T05:12:19,33,3,120,0.275,0.025
2022-02-25T05:20:36,33,3,120,0.275,0.025
2022-02-25T05:28:53,33,3,120,0.275,0.025
2022-02-25T05:37:13,33,3,120,0.275,0.025
2022-02-25T05:45:30,33,3,120,0.275,0.025
2022-02-25T05:53:48,33,3,120,0.275,0.025
2022-02-25T06:02:05,33,3,120,0.275,0.025
2022-02-25T06:10:22,33,3,120,0.275,0.025
2022-02-25T06:18:39,33,3,120,0.275,0.025
2022-02-25T06:26:56,33,3,120,0.275,0.025
2022-02-25T06:35:13,33,3,120,0.275,0.025
2022-02-25T06:43:29,33,3,120,0.275,0.025
2022-02-25T06:51:46,33,3,120,0.275,0.025
2022-02-25T07:00:03,33,3,120,0.275,0.025
2022-02-25T07:08:19,33,3,120,0.275,0.025
2022-02-25T07:16:36,33,3,120,0.275,0.025
2022-02-25T07:24:52,33,3,120,0.275,0.025
2022-02-25T07:33:09,33,3,120,0.275,0.025
2022-02-25T07:41:26,33,3,120,0.275,0.025
2022-02-25T07:49:43,33,3,120,0.275,0.025
2022-02-25T07:57:59,33,3,120,0.275,0.025
2022-02-25T08:06:16,33,3,120,0.275,0.025
2022-02-25T08:14:32,33,3,120,0.275,0.025
2022-02-25T08:22:59,33,3,120,0.275,0.025
2022-02-25T08:31:16,33,3,120,0.275,0.025
2022-02-25T08:39:33,33,3,120,0.275,0.025
2022-02-25T08:47:50,33,3,120,0.275,0.025
2022-02-25T08:56:07,33,3,120,0.275,0.025
2022-02-25T09:04:24,33,3,120,0.275,0.025
2022-02-25T09:12:41,33,3,120,0.275,0.025
2022-02-25T09:20:58,33,3,120,0.275,0.025
2022-02-25T09:29:15,33,3,120,0.275,0.025
2022-02-25T09:37:32,33,3,120,0.275,0.025
2022-02-25T09:45:49,33,3,120,0.275,0.025
2022-02-25T09:54:18,33,3,120,0.275,0.025
2022-02-25T10:02:36,33,3,120,0.275,0.025
2022-02-25T10:10:53,33,3,120,0.275,0.025
2022-02-25T10:19:10,33,3,120,0.275,0.025
2022-02-25T10:27:27,33,3,120,0.275,0.025
2022-02-25T10:35:44,33,3,120,0.275,0.025
2022-02-25T10:44:12,33,3,120,0.275,0.025
2022-02-25T10:52:29,33,3,120,0.275,0.025
2022-02-25T11:00:46,33,3,120,0.275,0.025
2022-02-25T11:09:04,33,3,120,0.275,0.025
2022-02-25T11:17:21,33,3,120,0.275,0.025
2022-02-25T11:25:38,33,3,120,0.275,0.025
2022-02-25T11:34:05,33,3,120,0.275,0.025
2022-02-25T11:42:24,33,3,120,0.275,0.025
2022-02-25T11:50:41,33,3,120,0.275,0.025
2022-02-25T11:58:58,33,3,120,0.275,0.025
2022-02-25T12:07:15,33,3,120,0.275,0.025
2022-02-25T12:15:42,33,3,120,0.275,0.025
2022-02-25T12:23:59,33,3,120,0.275,0.025
2022-02-25T12:32:16,33,3,120,0.275,0.025
2022-02-25T12:40:33,33,3,120,0.275,0.025
2022-02-25T12:48:50,33,3,120,0.275,0.025
2022-02-25T12:57:16,33,3,120,0.275,0.025
2022-02-25T13:05:34,33,3,120,0.275,0.025
2022-02-25T13:13:51,33,3,120,0.275,0.025
2022-02-25T13:22:09,33,3,120,0.275,0.025
2022-02-25T13:30:26,33,3,120,0.275,0.025
2022-02-25T13:38:43,33,3,120,0.275,0.025
2022-02-25T13:47:11,33,3,120,0.275,0.025
2022-02-25T13:55:29,33,3,120,0.275,0.025
2022-02-25T14:03:46,33,3,120,0.275,0.025
2022-02-25T14:12:03,33,3,120,0.275,0.025
2022-02-25T14:20:31,33,3,120,0.275,0.025
2022-02-25T14:28:48,33,3,120,0.275,0.025
2022-02-25T14:37:05,33,3,120,0.275,0.025
2022-02-25T14:45:22,33,3,120,0.275,0.025
2022-02-25T14:53:40,33,3,120,0.275,0.025
2022-02-25T15:01:58,33,3,120,0.275,0.025
2022-02-25T15:10:25,33,3,120,0.275,0.025
2022-02-25T15:18:42,33,3,120,0.275,0.025
2022-02-25T15:26:59,33,3,120,0.275,0.025
2022-02-25T15:35:17,33,3,120,0.275,0.025
2022-02-25T15:43:35,33,3,120,0.275,0.025
2022-02-25T15:52:03,33,3,120,0.275,0.025
2022-02-25T16:00:20,33,3,120,0.275,0.025
2022-02-25T16:08:37,33,3,120,0.275,0.025
2022-02-25T16:16:54,33,3,120,0.275,0.025
2022-02-25T16:25:11,33,3,120,0.275,0.025
2022-02-25T16:33:28,33,3,120,0.275,0.025
2022-02-25T16:41:45,33,3,120,0.275,0.025
2022-02-25T16:50:16,33,3,120,0.275,0.025
2022-02-25T16:58:33,33,3,120,0.275,0.025
2022-02-25T17:06:50,33,3,120,0.275,0.025
2022-02-25T17:15:07,33,3,120,0.275,0.025
2022-02-25T17:23:24,33,3,120,0.275,0.025
2022-02-25T17:31:41,33,3,120,0.275,0.025
2022-02-25T17:39:58,33,3,120,0.275,0.025
2022-02-25T17:48:27,33,3,120,0.275,0.025
2022-02-25T17:56:43,33,3,120,0.275,0.025
2022-02-25T18:05:00,33,3,120,0.275,0.025
2022-02-25T18:13:18,33,3,120,0.275,0.025
2022-02-25T18:21:35,33,3,120,0.275,0.025
2022-02-25T18:29:51,33,3,120,0.275,0.025
2022-02-25T18:38:08,33,3,120,0.275,0.025
2022-02-25T18:46:25,33,3,120,0.275,0.025
2022-02-25T18:54:50,33,3,120,0.275,0.025
2022-02-25T19:03:06,33,3,120,0.275,0.025
2022-02-25T19:11:23,33,3,120,0.275,0.025
2022-02-25T19:19:39,33,3,120,0.275,0.025
2022-02-25T19:27:56,33,3,120,0.275,0.025
2022-02-25T19:36:12,33,3,120,0.275,0.025
2022-02-25T19:44:29,33,3,120,0.275,0.025
2022-02-25T19:52:45,33,3,120,0.275,0.025
2022-02-25T20:01:12,33,3,120,0.275,0.025
2022-02-25T20:09:29,33,3,120,0.275,0.025
2022-02-25T20:17:45,33,3,120,0.275,0.025
2022-02-25T20:26:02,33,3,120,0.275,0.025
2022-02-25T20:34:19,33,3,120,0.275,0.025
2022-02-25T20:42:35,33,3,120,0.275,0.025
2022-02-25T20:50:52,33,3,120,0.275,0.025
2022-02-25T20:59:08,33,3,120,0.275,0.025
2022-02-25T21:07:25,33,3,120,0.275,0.025
2022-02-25T21:15:51,33,3,120,0.275,0.025
2022-02-25T21:24:07,33,3,120,0.275,0.025
2022-02-25T21:32:24,33,3,120,0.275,0.025
2022-02-25T21:40:41,33,3,120,0.275,0.025
2022-02-25T21:48:57,33,3,120,0.275,0.025
2022-02-25T21:57:14,33,3,120,0.275,0.025
2022-02-25T22:05:31,33,3,120,0.275,0.025
2022-02-25T22:13:47,33,3,120,0.275,0.025
2022-02-25T22:22:04,33,3,120,0.275,0.025
2022-02-25T22:30:20,33,3,120,0.275,0.025
2022-02-25T22:38:37,33,3,120,0.275,0.025
2022-02-25T22:46:53,33,3,120,0.275,0.025
2022-02-25T22:55:10,33,3,120,0.275,0.025
2022-02-25T23:03:27,33,3,120,0.275,0.025
2022-02-25T23:11:43,33,3,120,0.275,0.025
2022-02-25T23:20:00,33,3,120,0.275,0.025
2022-02-25T23:28:27,33,3,120,0.275,0.025
2022-02-25T23:36:44,33,3,120,0.275,0.025
2022-02-25T23:45:00,33,3,120,0.275,0.025
2022-02-25T23:53:17,33,3,120,0.275,0.025
2022-02-26T00:01:34,33,3,120,0.275,0.025
2022-02-26T00:09:51,33,3,120,0.275,0.025
2022-02-26T00:18:09,33,3,120,0.275,0.025
2022-02-26T00:26:25,33,3,120,0.275,0.025
2022-02-26T00:34:42,33,3,120,0.275,0.025
2022-02-26T00:42:59,33,3,120,0.275,0.025
2022-02-26T00:51:16,33,3,120,0.275,0.025
2022-02-26T00:59:33,33,3,120,0.275,0.025
2022-02-26T01:07:50,33,3,120,0.275,0.025
2022-02-26T01:16:07,33,3,120,0.275,0.025
2022-02-26T01:24:33,33,3,120,0.275,0.025
2022-02-26T01:32:50,33,3,120,0.275,0.025
2022-02-26T01:41:06,33,3,120,0.275,0.025
2022-02-26T01:49:23,33,3,120,0.275,0.025
2022-02-26T01:57:40,33,3,120,0.275,0.025
2022-02-26T02:05:57,33,3,120,0.275,0.025
2022-02-26T02:14:13,33,3,120,0.275,0.025
2022-02-26T02:22:30,33,3,120,0.275,0.025
2022-02-26T02:30:46,33,3,120,0.275,0.025
2022-02-26T02:39:03,33,3,120,0.275,0.025
2022-02-26T02:47:19,33,3,120,0.275,0.025
2022-02-26T02:55:36,33,3,120,0.275,0.025
2022-02-26T03:04:36,33,3,120,0.275,0.025
2022-02-26T03:12:53,33,3,120,0.275,0.025
2022-02-26T03:21:10,33,3,120,0.275,0.025
2022-02-26T03:29:27,33,3,120,0.275,0.025
2022-02-26T03:37:44,33,3,120,0.275,0.025
2022-02-26T03:46:01,33,3,120,0.275,0.025
2022-02-26T03:54:18,33,3,120,0.275,0.025
2022-02-26T04:02:35,33,3,120,0.275,0.025
2022-02-26T04:10:52,33,3,120,0.275,0.025
2022-02-26T04:29:12,33,3,120,0.275,0.025
2022-02-26T04:37:48,33,3,120,0.275,0.025
2022-02-26T04:46:05,33,3,120,0.275,0.025
2022-02-26T04:54:23,33,3,120,0.275,0.025
2022-02-26T05:02:40,33,3,120,0.275,0.025
2022-02-26T05:10:57,33,3,120,0.275,0.025
2022-02-26T05:19:14,33,3,120,0.275,0.025
2022-02-26T05:27:31,33,3,120,0.275,0.025
2022-02-26T05:35:49,33,3,120,0.275,0.025
2022-02-26T05:44:07,33,3,120,0.275,0.025
2022-02-26T05:52:24,33,3,120,0.275,0.025
2022-02-26T06:00:41,33,3,120,0.275,0.025
2022-02-26T06:08:58,33,3,120,0.275,0.025
2022-02-26T06:17:16,33,3,120,0.275,0.025
2022-02-26T06:25:34,33,3,120,0.275,0.025
2022-02-26T06:33:51,33,3,120,0.275,0.025
2022-02-26T06:42:08,33,3,120,0.275,0.025
2022-02-26T06:50:25,33,3,120,0.275,0.025
2022-02-26T06:58:42,33,3,120,0.275,0.025
2022-02-26T07:06:59,33,3,120,0.275,0.025
2022-02-26T07:15:16,33,3,120,0.275,0.025
2022-02-26T07:23:33,33,3,120,0.275,0.025
2022-02-26T07:31:49,33,3,120,0.275,0.025
2022-02-26T07:40:06,33,3,120,0.275,0.025
2022-02-26T07:48:23,33,3,120,0.275,0.025
2022-02-26T07:56:39,33,3,120,0.275,0.025
2022-02-26T08:04:56,33,3,120,0.275,0.025
2022-02-26T08:13:13,33,3,120,0.275,0.025
2022-02-26T08:21:30,33,3,120,0.275,0.025
2022-02-26T08:29:46,33,3,120,0.275,0.025
2022-02-26T08:38:03,33,3,120,0.275,0.025
2022-02-26T08:46:19,33,3,120,0.275,0.025
2022-02-26T08:54:36,33,3,120,0.275,0.025
2022-02-26T09:02:53,33,3,120,0.275,0.025
2022-02-26T09:11:09,33,3,120,0.275,0.025
2022-02-26T09:19:33,33,3,120,0.275,0.025
2022-02-26T09:27:50,33,3,120,0.275,0.025
2022-02-26T09:36:06,33,3,120,0.275,0.025
2022-02-26T09:44:23,33,3,120,0.275,0.025
2022-02-26T09:52:39,33,3,120,0.275,0.025
2022-02-26T10:00:56,33,3,120,0.275,0.025
2022-02-26T10:09:13,33,3,120,0.275,0.025
2022-02-26T10:17:29,33,3,120,0.275,0.025
2022-02-26T10:25:46,33,3,120,0.275,0.025
2022-02-26T10:34:02,33,3,120,0.275,0.025
2022-02-26T10:42:19,33,3,120,0.275,0.025
2022-02-26T10:50:35,33,3,120,0.275,0.025
2022-02-26T10:58:52,33,3,120,0.275,0.025
2022-02-26T11:07:20,33,3,120,0.275,0.025
2022-02-26T11:15:36,33,3,120,0.275,0.025
2022-02-26T11:23:53,33,3,120,0.275,0.025
2022-02-26T11:32:10,33,3,120,0.275,0.025
2022-02-26T11:40:26,33,3,120,0.275,0.025
2022-02-26T11:48:43,33,3,120,0.275,0.025
2022-02-26T11:56:59,33,3,120,0.275,0.025
2022-02-26T12:05:16,33,3,120,0.275,0.025
2022-02-26T12:13:33,33,3,120,0.275,0.025
2022-02-26T12:21:49,33,3,120,0.275,0.025
2022-02-26T12:30:06,33,3,120,0.275,0.025
2022-02-26T12:38:22,33,3,120,0.275,0.025
2022-02-26T12:46:39,33,3,120,0.275,0.025
2022-02-26T12:54:55,33,3,120,0.275,0.025
2022-02-26T13:03:12,33,3,120,0.275,0.025
2022-02-26T13:11:39,33,3,120,0.275,0.025
2022-02-26T13:19:55,33,3,120,0.275,0.025
2022-02-26T13:28:12,33,3,120,0.275,0.025
2022-02-26T13:36:28,33,3,120,0.275,0.025
2022-02-26T13:44:45,33,3,120,0.275,0.025
2022-02-26T13:53:01,33,4,120,0.275,0.03333333333333333
2022-02-26T14:01:18,33,4,120,0.275,0.03333333333333333
2022-02-26T14:09:35,33,4,120,0.275,0.03333333333333333
2022-02-26T14:17:51,33,4,120,0.275,0.03333333333333333
2022-02-26T14:26:08,33,4,120,0.275,0.03333333333333333
2022-02-26T14:34:24,33,4,120,0.275,0.03333333333333333
2022-02-26T14:42:41,32,3,120,0.26666666666666666,0.025
2022-02-26T14:50:57,32,3,120,0.26666666666666666,0.025
2022-02-26T14:59:14,32,3,120,0.26666666666666666,0.025
2022-02-26T15:07:30,32,3,120,0.26666666666666666,0.025
2022-02-26T15:15:52,32,3,120,0.26666666666666666,0.025
2022-02-26T15:24:09,32,3,120,0.26666666666666666,0.025
2022-02-26T15:32:26,32,3,120,0.26666666666666666,0.025
2022-02-26T15:40:42,32,3,120,0.26666666666666666,0.025
2022-02-26T15:48:59,32,3,120,0.26666666666666666,0.025
2022-02-26T15:57:15,32,3,120,0.26666666666666666,0.025
2022-02-26T16:05:32,32,3,120,0.26666666666666666,0.025
2022-02-26T16:13:48,32,3,120,0.26666666666666666,0.025
2022-02-26T16:22:05,32,3,120,0.26666666666666666,0.025
2022-02-26T16:30:22,32,3,120,0.26666666666666666,0.025
2022-02-26T16:38:38,32,3,120,0.26666666666666666,0.025
2022-02-26T16:46:55,32,3,120,0.26666666666666666,0.025
2022-02-26T16:55:19,32,3,120,0.26666666666666666,0.025
2022-02-26T17:03:35,32,3,120,0.26666666666666666,0.025
2022-02-26T17:11:52,32,3,120,0.26666666666666666,0.025
2022-02-26T17:20:08,32,3,120,0.26666666666666666,0.025
2022-02-26T17:28:25,32,3,120,0.26666666666666666,0.025
2022-02-26T17:36:41,32,3,120,0.26666666666666666,0.025
2022-02-26T17:44:58,32,3,120,0.26666666666666666,0.025
2022-02-26T17:53:15,32,3,120,0.26666666666666666,0.025
2022-02-26T18:01:31,32,3,120,0.26666666666666666,0.025
2022-02-26T18:09:48,32,3,120,0.26666666666666666,0.025
2022-02-26T18:18:04,32,3,120,0.26666666666666666,0.025
2022-02-26T18:26:21,32,3,120,0.26666666666666666,0.025
2022-02-26T18:34:38,32,3,120,0.26666666666666666,0.025
2022-02-26T18:42:54,32,3,120,0.26666666666666666,0.025
2022-02-26T18:51:11,32,3,120,0.26666666666666666,0.025
2022-02-26T18:59:36,32,3,120,0.26666666666666666,0.025
2022-02-26T19:07:52,32,3,120,0.26666666666666666,0.025
2022-02-26T19:16:09,32,3,120,0.26666666666666666,0.025
2022-02-26T19:24:25,32,3,120,0.26666666666666666,0.025
2022-02-26T19:32:42,32,3,120,0.26666666666666666,0.025
2022-02-26T19:40:59,32,3,120,0.26666666666666666,0.025
2022-02-26T19:49:15,32,3,120,0.26666666666666666,0.025
2022-02-26T19:57:32,32,3,120,0.26666666666666666,0.025
2022-02-26T20:05:48,32,3,120,0.26666666666666666,0.025
2022-02-26T20:14:05,32,3,120,0.26666666666666666,0.025
2022-02-26T20:22:21,32,3,120,0.26666666666666666,0.025
2022-02-26T20:30:47,32,3,120,0.26666666666666666,0.025
2022-02-26T20:39:03,32,3,120,0.26666666666666666,0.025
2022-02-26T20:47:20,32,3,120,0.26666666666666666,0.025
2022-02-26T20:55:36,32,3,120,0.26666666666666666,0.025
2022-02-26T21:03:53,32,3,120,0.26666666666666666,0.025
2022-02-26T21:12:10,32,3,120,0.26666666666666666,0.025
2022-02-26T21:20:26,32,3,120,0.26666666666666666,0.025
2022-02-26T21:28:43,32,3,120,0.26666666666666666,0.025
2022-02-26T21:36:59,32,3,120,0.26666666666666666,0.025
2022-02-26T21:45:16,32,3,120,0.26666666666666666,0.025
2022-02-26T21:53:32,32,3,120,0.26666666666666666,0.025
2022-02-26T22:01:49,32,3,120,0.26666666666666666,0.025
2022-02-26T22:10:06,32,3,120,0.26666666666666666,0.025
2022-02-26T22:18:22,32,3,120,0.26666666666666666,0.025
2022-02-26T22:26:39,32,3,120,0.26666666666666666,0.025
2022-02-26T22:35:05,32,3,120,0.26666666666666666,0.025
2022-02-26T22:43:22,32,3,120,0.26666666666666666,0.025
2022-02-26T22:51:38,32,3,120,0.26666666666666666,0.025
2022-02-26T22:59:55,32,3,120,0.26666666666666666,0.025
2022-02-26T23:08:11,32,3,120,0.26666666666666666,0.025
2022-02-26T23:16:28,32,3,120,0.26666666666666666,0.025
2022-02-26T23:24:44,32,3,120,0.26666666666666666,0.025
2022-02-26T23:33:01,32,3,120,0.26666666666666666,0.025
2022-02-26T23:41:18,32,3,120,0.26666666666666666,0.025
2022-02-26T23:49:34,32,3,120,0.26666666666666666,0.025
2022-02-26T23:57:51,32,3,120,0.26666666666666666,0.025
2022-02-27T00:06:07,32,3,120,0.26666666666666666,0.025
2022-02-27T00:14:24,32,3,120,0.26666666666666666,0.025
2022-02-27T00:22:41,32,3,120,0.26666666666666666,0.025
2022-02-27T00:30:57,32,3,120,0.26666666666666666,0.025
2022-02-27T00:39:14,32,3,120,0.26666666666666666,0.025
2022-02-27T00:47:41,32,3,120,0.26666666666666666,0.025
2022-02-27T00:55:57,32,3,120,0.26666666666666666,0.025
2022-02-27T01:04:14,32,3,120,0.26666666666666666,0.025
2022-02-27T01:12:30,32,3,120,0.26666666666666666,0.025
2022-02-27T01:20:47,32,3,120,0.26666666666666666,0.025
2022-02-27T01:29:04,32,3,120,0.26666666666666666,0.025
2022-02-27T01:37:20,32,3,120,0.26666666666666666,0.025
2022-02-27T01:45:37,32,3,120,0.26666666666666666,0.025
2022-02-27T01:53:54,32,3,120,0.26666666666666666,0.025
2022-02-27T02:02:10,32,3,120,0.26666666666666666,0.025
2022-02-27T02:10:27,32,3,120,0.26666666666666666,0.025
2022-02-27T02:18:43,32,3,120,0.26666666666666666,0.025
2022-02-27T02:27:00,32,3,120,0.26666666666666666,0.025
2022-02-27T02:35:17,32,3,120,0.26666666666666666,0.025
2022-02-27T02:43:34,32,3,120,0.26666666666666666,0.025
2022-02-27T02:51:51,32,3,120,0.26666666666666666,0.025
2022-02-27T03:00:08,32,3,120,0.26666666666666666,0.025
2022-02-27T03:08:26,32,3,120,0.26666666666666666,0.025
2022-02-27T03:16:43,32,3,120,0.26666666666666666,0.025
2022-02-27T03:25:00,32,3,120,0.26666666666666666,0.025
2022-02-27T03:33:17,32,3,120,0.26666666666666666,0.025
2022-02-27T03:41:34,32,3,120,0.26666666666666666,0.025
2022-02-27T03:49:51,32,3,120,0.26666666666666666,0.025
2022-02-27T03:58:08,32,3,120,0.26666666666666666,0.025
2022-02-27T04:06:25,32,3,120,0.26666666666666666,0.025
2022-02-28T11:02:20,32,4,120,0.26666666666666666,0.03333333333333333
2022-02-28T11:10:37,32,4,120,0.26666666666666666,0.03333333333333333
2022-02-28T11:18:54,32,4,120,0.26666666666666666,0.03333333333333333
2022-02-28T11:27:11,32,4,120,0.26666666666666666,0.03333333333333333
2022-02-28T11:35:28,32,4,120,0.26666666666666666,0.03333333333333333
2022-02-28T11:43:45,32,4,120,0.26666666666666666,0.03333333333333333
2022-02-28T11:52:02,31,4,120,0.25833333333333336,0.03333333333333333
2022-02-28T12:00:29,31,4,120,0.25833333333333336,0.03333333333333333
2022-02-28T12:08:46,31,4,120,0.25833333333333336,0.03333333333333333
2022-02-28T12:17:03,31,4,120,0.25833333333333336,0.03333333333333333
2022-02-28T12:25:20,31,4,120,0.25833333333333336,0.03333333333333333
2022-02-28T12:33:37,31,4,120,0.25833333333333336,0.03333333333333333
2022-02-28T12:41:54,31,4,120,0.25833333333333336,0.03333333333333333
2022-02-28T12:50:10,31,4,120,0.25833333333333336,0.03333333333333333
2022-02-28T12:58:38,31,4,120,0.25833333333333336,0.03333333333333333
2022-02-28T13:06:55,31,4,120,0.25833333333333336,0.03333333333333333
2022-02-28T13:15:11,31,4,120,0.25833333333333336,0.03333333333333333
2022-02-28T13:23:28,31,4,120,0.25833333333333336,0.03333333333333333
2022-02-28T13:31:45,31,4,120,0.25833333333333336,0.03333333333333333
2022-02-28T13:40:02,31,4,120,0.25833333333333336,0.03333333333333333
2022-02-28T13:48:19,31,4,120,0.25833333333333336,0.03333333333333333
2022-02-28T13:56:36,31,4,120,0.25833333333333336,0.03333333333333333
2022-02-28T14:04:53,31,4,120,0.25833333333333336,0.03333333333333333
2022-02-28T14:13:19,31,4,120,0.25833333333333336,0.03333333333333333
2022-02-28T14:21:36,31,4,120,0.25833333333333336,0.03333333333333333
2022-02-28T14:29:53,31,4,120,0.25833333333333336,0.03333333333333333
2022-02-28T14:38:10,31,4,120,0.25833333333333336,0.03333333333333333
2022-02-28T14:46:27,31,4,120,0.25833333333333336,0.03333333333333333
2022-02-28T14:54:44,31,4,120,0.25833333333333336,0.03333333333333333
2022-02-28T15:03:00,31,4,120,0.25833333333333336,0.03333333333333333
2022-02-28T15:11:17,31,4,120,0.25833333333333336,0.03333333333333333
2022-02-28T15:19:37,31,4,120,0.25833333333333336,0.03333333333333333
2022-02-28T15:28:08,31,4,120,0.25833333333333336,0.03333333333333333
2022-02-28T15:36:28,31,4,120,0.25833333333333336,0.03333333333333333
2022-02-28T15:44:48,31,4,120,0.25833333333333336,0.03333333333333333
2022-02-28T15:53:07,31,4,120,0.25833333333333336,0.03333333333333333
2022-02-28T16:01:28,31,4,120,0.25833333333333336,0.03333333333333333
2022-02-28T16:09:47,31,4,120,0.25833333333333336,0.03333333333333333
2022-02-28T16:18:07,31,4,120,0.25833333333333336,0.03333333333333333
2022-02-28T16:26:27,31,4,120,0.25833333333333336,0.03333333333333333
2022-02-28T16:34:58,31,4,120,0.25833333333333336,0.03333333333333333
2022-02-28T16:43:18,31,4,120,0.25833333333333336,0.03333333333333333
2022-02-28T16:51:37,31,4,120,0.25833333333333336,0.03333333333333333
2022-02-28T16:59:57,31,4,120,0.25833333333333336,0.03333333333333333
2022-02-28T17:08:17,31,4,120,0.25833333333333336,0.03333333333333333
2022-02-28T17:16:37,31,4,120,0.25833333333333336,0.03333333333333333
2022-02-28T17:24:56,31,4,120,0.25833333333333336,0.03333333333333333
2022-02-28T17:33:16,31,4,120,0.25833333333333336,0.03333333333333333
2022-02-28T17:41:36,31,4,120,0.25833333333333336,0.03333333333333333
2022-02-28T17:50:16,31,4,120,0.25833333333333336,0.03333333333333333
2022-02-28T17:58:35,30,4,120,0.25,0.03333333333333333
2022-02-28T18:06:55,30,4,120,0.25,0.03333333333333333
2022-02-28T18:15:15,30,4,120,0.25,0.03333333333333333
2022-02-28T18:23:34,30,4,120,0.25,0.03333333333333333
2022-02-28T18:31:54,30,4,120,0.25,0.03333333333333333
2022-02-28T18:40:14,30,4,120,0.25,0.03333333333333333
2022-02-28T18:48:33,30,4,120,0.25,0.03333333333333333
2022-02-28T18:56:53,30,4,120,0.25,0.03333333333333333
2022-02-28T19:05:13,30,4,120,0.25,0.03333333333333333
2022-02-28T19:13:42,30,4,120,0.25,0.03333333333333333
2022-02-28T19:22:02,30,4,120,0.25,0.03333333333333333
2022-02-28T19:30:22,30,4,120,0.25,0.03333333333333333
2022-02-28T19:38:41,30,4,120,0.25,0.03333333333333333
2022-02-28T19:47:01,30,4,120,0.25,0.03333333333333333
2022-02-28T19:55:21,30,4,120,0.25,0.03333333333333333
2022-02-28T20:03:40,30,4,120,0.25,0.03333333333333333
2022-02-28T20:12:00,30,4,120,0.25,0.03333333333333333
2022-02-28T20:20:19,30,4,120,0.25,0.03333333333333333
2022-02-28T20:28:50,30,4,120,0.25,0.03333333333333333
2022-02-28T20:37:10,30,4,120,0.25,0.03333333333333333
2022-02-28T20:45:29,30,4,120,0.25,0.03333333333333333
2022-02-28T20:53:49,30,4,120,0.25,0.03333333333333333
2022-02-28T21:02:09,30,4,120,0.25,0.03333333333333333
2022-02-28T21:10:28,30,4,120,0.25,0.03333333333333333
2022-02-28T21:19:08,30,4,120,0.25,0.03333333333333333
2022-02-28T21:27:28,30,4,120,0.25,0.03333333333333333
2022-02-28T21:35:47,30,4,120,0.25,0.03333333333333333
2022-02-28T21:44:07,30,4,120,0.25,0.03333333333333333
2022-02-28T21:52:27,30,4,120,0.25,0.03333333333333333
2022-02-28T22:00:47,30,4,120,0.25,0.03333333333333333
2022-02-28T22:09:06,30,4,120,0.25,0.03333333333333333
2022-02-28T22:17:26,30,4,120,0.25,0.03333333333333333
2022-02-28T22:25:45,30,4,120,0.25,0.03333333333333333
2022-02-28T22:34:05,30,4,120,0.25,0.03333333333333333
2022-02-28T22:42:25,30,4,120,0.25,0.03333333333333333
2022-02-28T22:50:44,30,4,120,0.25,0.03333333333333333
2022-02-28T22:59:12,30,4,120,0.25,0.03333333333333333
2022-02-28T23:07:31,30,4,120,0.25,0.03333333333333333
2022-02-28T23:15:51,30,4,120,0.25,0.03333333333333333
2022-02-28T23:24:11,30,4,120,0.25,0.03333333333333333
2022-02-28T23:32:30,30,4,120,0.25,0.03333333333333333
2022-02-28T23:40:50,30,4,120,0.25,0.03333333333333333
2022-02-28T23:49:09,30,4,120,0.25,0.03333333333333333
2022-02-28T23:57:29,30,4,120,0.25,0.03333333333333333
2022-03-01T00:05:49,30,4,120,0.25,0.03333333333333333
2022-03-01T00:14:09,30,4,120,0.25,0.03333333333333333
2022-03-01T00:22:29,30,4,120,0.25,0.03333333333333333
2022-03-01T00:30:49,30,4,120,0.25,0.03333333333333333
2022-03-01T00:39:28,30,4,120,0.25,0.03333333333333333
2022-03-01T00:47:48,30,4,120,0.25,0.03333333333333333
2022-03-01T00:56:08,30,4,120,0.25,0.03333333333333333
2022-03-01T01:04:28,30,4,120,0.25,0.03333333333333333
2022-03-01T01:12:48,30,4,120,0.25,0.03333333333333333
2022-03-01T01:21:08,30,4,120,0.25,0.03333333333333333
2022-03-01T01:29:28,30,4,120,0.25,0.03333333333333333
2022-03-01T01:37:48,30,4,120,0.25,0.03333333333333333
2022-03-01T01:46:08,30,4,120,0.25,0.03333333333333333
2022-03-01T01:54:28,30,4,120,0.25,0.03333333333333333
2022-03-01T02:02:47,30,4,120,0.25,0.03333333333333333
2022-03-01T02:11:07,30,4,120,0.25,0.03333333333333333
2022-03-01T02:19:27,30,4,120,0.25,0.03333333333333333
2022-03-01T02:27:46,30,4,120,0.25,0.03333333333333333
2022-03-01T02:36:06,30,4,120,0.25,0.03333333333333333
2022-03-01T02:44:26,30,4,120,0.25,0.03333333333333333
2022-03-01T02:52:45,30,4,120,0.25,0.03333333333333333
2022-03-01T03:01:05,30,4,120,0.25,0.03333333333333333
2022-03-01T03:09:30,30,4,120,0.25,0.03333333333333333
2022-03-01T03:17:51,30,4,120,0.25,0.03333333333333333
2022-03-01T03:26:10,30,4,120,0.25,0.03333333333333333
2022-03-01T03:34:30,30,4,120,0.25,0.03333333333333333
2022-03-01T03:42:50,30,4,120,0.25,0.03333333333333333
2022-03-01T03:51:10,30,4,120,0.25,0.03333333333333333
2022-03-01T03:59:29,30,4,120,0.25,0.03333333333333333
2022-03-01T04:08:15,30,4,120,0.25,0.03333333333333333
2022-03-01T04:26:11,30,4,120,0.25,0.03333333333333333
2022-03-01T04:34:48,30,4,120,0.25,0.03333333333333333
2022-03-01T04:43:08,30,4,120,0.25,0.03333333333333333
2022-03-01T04:51:29,30,4,120,0.25,0.03333333333333333
2022-03-01T04:59:49,30,4,120,0.25,0.03333333333333333
2022-03-01T05:08:11,30,4,120,0.25,0.03333333333333333
2022-03-01T05:16:31,30,4,120,0.25,0.03333333333333333
2022-03-01T05:24:52,30,4,120,0.25,0.03333333333333333
2022-03-01T05:33:12,30,4,120,0.25,0.03333333333333333
2022-03-01T05:41:32,30,4,120,0.25,0.03333333333333333
2022-03-01T05:49:53,30,4,120,0.25,0.03333333333333333
2022-03-01T05:58:13,30,4,120,0.25,0.03333333333333333
2022-03-01T06:06:33,30,4,120,0.25,0.03333333333333333
2022-03-01T06:14:53,30,4,120,0.25,0.03333333333333333
2022-03-01T06:23:13,30,4,120,0.25,0.03333333333333333
2022-03-01T06:31:34,30,4,120,0.25,0.03333333333333333
2022-03-01T06:39:53,30,4,120,0.25,0.03333333333333333
2022-03-01T06:48:14,30,4,120,0.25,0.03333333333333333
2022-03-01T06:56:34,30,4,120,0.25,0.03333333333333333
2022-03-01T07:04:54,30,4,120,0.25,0.03333333333333333
2022-03-01T07:13:14,30,4,120,0.25,0.03333333333333333
2022-03-01T07:21:34,30,4,120,0.25,0.03333333333333333
2022-03-01T07:29:53,30,4,120,0.25,0.03333333333333333
2022-03-01T07:38:13,30,4,120,0.25,0.03333333333333333
2022-03-01T07:46:33,30,4,120,0.25,0.03333333333333333
2022-03-01T07:54:53,30,4,120,0.25,0.03333333333333333
2022-03-01T08:03:13,30,4,120,0.25,0.03333333333333333
2022-03-01T08:11:32,30,4,120,0.25,0.03333333333333333
2022-03-01T08:19:52,30,4,120,0.25,0.03333333333333333
2022-03-01T08:28:12,30,4,120,0.25,0.03333333333333333
2022-03-01T08:36:33,30,4,120,0.25,0.03333333333333333
2022-03-01T08:45:07,30,4,120,0.25,0.03333333333333333
2022-03-01T08:53:27,30,4,120,0.25,0.03333333333333333
2022-03-01T09:01:47,30,4,120,0.25,0.03333333333333333
2022-03-01T09:10:07,30,4,120,0.25,0.03333333333333333
2022-03-01T09:18:26,30,4,120,0.25,0.03333333333333333
2022-03-01T09:26:47,30,4,120,0.25,0.03333333333333333
2022-03-01T09:35:07,30,4,120,0.25,0.03333333333333333
2022-03-01T09:43:26,30,4,120,0.25,0.03333333333333333
2022-03-01T09:51:46,30,4,120,0.25,0.03333333333333333
2022-03-01T10:00:06,30,4,120,0.25,0.03333333333333333
2022-03-01T10:08:35,30,4,120,0.25,0.03333333333333333
2022-03-01T10:16:55,30,4,120,0.25,0.03333333333333333
2022-03-01T10:25:15,30,4,120,0.25,0.03333333333333333
2022-03-01T10:33:35,30,4,120,0.25,0.03333333333333333
2022-03-01T10:41:55,30,4,120,0.25,0.03333333333333333
2022-03-01T10:50:15,30,4,120,0.25,0.03333333333333333
2022-03-01T10:58:35,30,4,120,0.25,0.03333333333333333
2022-03-01T11:06:55,30,4,120,0.25,0.03333333333333333
2022-03-01T11:15:23,30,4,120,0.25,0.03333333333333333
2022-03-01T11:23:43,30,4,120,0.25,0.03333333333333333
2022-03-01T11:32:03,30,4,120,0.25,0.03333333333333333
2022-03-01T11:40:23,30,4,120,0.25,0.03333333333333333
2022-03-01T11:48:43,30,4,120,0.25,0.03333333333333333
2022-03-01T11:57:04,30,4,120,0.25,0.03333333333333333
2022-03-01T12:05:24,30,4,120,0.25,0.03333333333333333
2022-03-01T12:13:45,30,4,120,0.25,0.03333333333333333
2022-03-01T12:22:04,30,4,120,0.25,0.03333333333333333
2022-03-01T12:30:35,30,4,120,0.25,0.03333333333333333
2022-03-01T12:38:55,30,4,120,0.25,0.03333333333333333
2022-03-01T12:47:15,30,4,120,0.25,0.03333333333333333
2022-03-01T12:55:36,30,4,120,0.25,0.03333333333333333
2022-03-01T13:03:56,30,4,120,0.25,0.03333333333333333
2022-03-01T13:12:16,30,4,120,0.25,0.03333333333333333
2022-03-01T13:20:36,30,4,120,0.25,0.03333333333333333
2022-03-01T13:28:56,30,4,120,0.25,0.03333333333333333
2022-03-01T13:37:33,30,4,120,0.25,0.03333333333333333
2022-03-01T13:45:53,30,4,120,0.25,0.03333333333333333
2022-03-01T13:54:13,30,4,120,0.25,0.03333333333333333
2022-03-01T14:02:33,30,4,120,0.25,0.03333333333333333
2022-03-01T14:10:53,30,4,120,0.25,0.03333333333333333
2022-03-01T14:19:35,30,4,120,0.25,0.03333333333333333
2022-03-01T14:27:55,30,4,120,0.25,0.03333333333333333
2022-03-01T14:36:15,30,4,120,0.25,0.03333333333333333
2022-03-01T14:44:35,30,4,120,0.25,0.03333333333333333
2022-03-01T14:52:55,30,4,120,0.25,0.03333333333333333
2022-03-01T15:01:15,30,4,120,0.25,0.03333333333333333
2022-03-01T15:09:35,30,4,120,0.25,0.03333333333333333
2022-03-01T15:17:54,30,4,120,0.25,0.03333333333333333
2022-03-01T15:26:25,30,4,120,0.25,0.03333333333333333
2022-03-01T15:34:45,30,4,120,0.25,0.03333333333333333
2022-03-01T15:43:05,30,4,120,0.25,0.03333333333333333
2022-03-01T15:51:25,30,4,120,0.25,0.03333333333333333
2022-03-01T15:59:45,30,4,120,0.25,0.03333333333333333
2022-03-01T16:08:05,30,4,120,0.25,0.03333333333333333
2022-03-01T16:16:45,30,4,120,0.25,0.03333333333333333
2022-03-01T16:25:08,30,4,120,0.25,0.03333333333333333
2022-03-01T16:33:31,30,4,120,0.25,0.03333333333333333
2022-03-01T16:41:54,30,4,120,0.25,0.03333333333333333
2022-03-01T16:50:16,30,4,120,0.25,0.03333333333333333
2022-03-01T16:58:39,30,4,120,0.25,0.03333333333333333
2022-03-01T17:07:02,30,4,120,0.25,0.03333333333333333
2022-03-01T17:15:25,30,4,120,0.25,0.03333333333333333
2022-03-01T17:23:59,30,4,120,0.25,0.03333333333333333
2022-03-01T17:32:22,30,4,120,0.25,0.03333333333333333
2022-03-01T17:40:45,30,4,120,0.25,0.03333333333333333
2022-03-01T17:49:08,30,4,120,0.25,0.03333333333333333
2022-03-01T17:57:31,30,4,120,0.25,0.03333333333333333
2022-03-01T18:05:54,30,4,120,0.25,0.03333333333333333
2022-03-01T18:14:17,30,4,120,0.25,0.03333333333333333
2022-03-01T18:22:40,30,4,120,0.25,0.03333333333333333
2022-03-01T18:31:03,30,4,120,0.25,0.03333333333333333
2022-03-01T18:39:37,30,4,120,0.25,0.03333333333333333
2022-03-01T18:48:01,30,4,120,0.25,0.03333333333333333
2022-03-01T18:56:25,30,4,120,0.25,0.03333333333333333
2022-03-01T19:04:48,30,4,120,0.25,0.03333333333333333
2022-03-01T19:13:12,30,4,120,0.25,0.03333333333333333
2022-03-01T19:21:36,30,4,120,0.25,0.03333333333333333
2022-03-01T19:29:59,30,4,120,0.25,0.03333333333333333
2022-03-01T19:38:23,30,4,120,0.25,0.03333333333333333
2022-03-01T19:46:47,30,4,120,0.25,0.03333333333333333
2022-03-01T19:55:29,30,4,120,0.25,0.03333333333333333
2022-03-01T20:03:53,30,4,120,0.25,0.03333333333333333
2022-03-01T20:12:16,30,4,120,0.25,0.03333333333333333
2022-03-01T20:20:39,30,4,120,0.25,0.03333333333333333
2022-03-01T20:29:02,30,4,120,0.25,0.03333333333333333
2022-03-01T20:37:25,30,4,120,0.25,0.03333333333333333
2022-03-01T20:45:59,30,4,120,0.25,0.03333333333333333
2022-03-01T20:54:21,30,4,120,0.25,0.03333333333333333
2022-03-01T21:02:44,30,4,120,0.25,0.03333333333333333
2022-03-01T21:11:07,30,4,120,0.25,0.03333333333333333
2022-03-01T21:19:29,30,4,120,0.25,0.03333333333333333
2022-03-01T21:27:52,30,4,120,0.25,0.03333333333333333
2022-03-01T21:36:15,30,4,120,0.25,0.03333333333333333
2022-03-01T21:44:37,30,4,120,0.25,0.03333333333333333
2022-03-01T21:53:00,30,4,120,0.25,0.03333333333333333
2022-03-01T22:01:22,30,4,120,0.25,0.03333333333333333
2022-03-01T22:09:45,30,4,120,0.25,0.03333333333333333
2022-03-01T22:18:08,30,4,120,0.25,0.03333333333333333
2022-03-01T22:26:50,30,4,120,0.25,0.03333333333333333
2022-03-01T22:35:13,30,4,120,0.25,0.03333333333333333
2022-03-01T22:43:36,30,4,120,0.25,0.03333333333333333
2022-03-01T22:51:59,30,4,120,0.25,0.03333333333333333
2022-03-01T23:00:21,30,4,120,0.25,0.03333333333333333
2022-03-01T23:08:44,30,4,120,0.25,0.03333333333333333
2022-03-01T23:17:06,30,4,120,0.25,0.03333333333333333
2022-03-01T23:25:29,30,4,120,0.25,0.03333333333333333
2022-03-01T23:33:52,30,4,120,0.25,0.03333333333333333
2022-03-01T23:42:25,30,4,120,0.25,0.03333333333333333
2022-03-01T23:50:48,30,4,120,0.25,0.03333333333333333
2022-03-01T23:59:10,30,4,120,0.25,0.03333333333333333
2022-03-02T00:07:33,30,4,120,0.25,0.03333333333333333
2022-03-02T00:15:57,30,4,120,0.25,0.03333333333333333
2022-03-02T00:24:20,30,4,120,0.25,0.03333333333333333
2022-03-02T00:32:43,30,4,120,0.25,0.03333333333333333
2022-03-02T00:41:06,30,4,120,0.25,0.03333333333333333
2022-03-02T00:49:29,30,4,120,0.25,0.03333333333333333
2022-03-02T00:57:53,30,4,120,0.25,0.03333333333333333
2022-03-02T01:06:16,30,4,120,0.25,0.03333333333333333
2022-03-02T01:14:39,30,4,120,0.25,0.03333333333333333
2022-03-02T01:23:02,30,4,120,0.25,0.03333333333333333
2022-03-02T01:31:35,30,4,120,0.25,0.03333333333333333
2022-03-02T01:39:58,30,4,120,0.25,0.03333333333333333
2022-03-02T01:48:21,30,4,120,0.25,0.03333333333333333
2022-03-02T01:56:44,30,4,120,0.25,0.03333333333333333
2022-03-02T02:05:07,30,4,120,0.25,0.03333333333333333
2022-03-02T02:13:30,30,4,120,0.25,0.03333333333333333
2022-03-02T02:21:53,30,4,120,0.25,0.03333333333333333
2022-03-02T02:30:16,30,4,120,0.25,0.03333333333333333
2022-03-02T02:38:40,30,4,120,0.25,0.03333333333333333
2022-03-02T02:47:03,30,4,120,0.25,0.03333333333333333
2022-03-02T02:55:26,30,4,120,0.25,0.03333333333333333
2022-03-02T03:03:48,30,4,120,0.25,0.03333333333333333
2022-03-02T03:12:11,30,4,120,0.25,0.03333333333333333
2022-03-02T03:20:34,30,4,120,0.25,0.03333333333333333
2022-03-02T03:28:57,30,4,120,0.25,0.03333333333333333
2022-03-02T03:37:20,30,4,120,0.25,0.03333333333333333
2022-03-02T03:45:42,30,4,120,0.25,0.03333333333333333
2022-03-02T03:54:05,30,4,120,0.25,0.03333333333333333
2022-03-02T04:02:28,30,4,120,0.25,0.03333333333333333
2022-03-02T04:10:51,30,4,120,0.25,0.03333333333333333
2022-03-02T04:21:20,30,4,120,0.25,0.03333333333333333
2022-03-02T04:29:43,30,4,120,0.25,0.03333333333333333
2022-03-02T04:39:10,30,4,120,0.25,0.03333333333333333
2022-03-02T04:47:47,30,4,120,0.25,0.03333333333333333
2022-03-02T04:56:11,30,4,120,0.25,0.03333333333333333
2022-03-02T05:04:34,30,4,120,0.25,0.03333333333333333
2022-03-02T05:12:58,30,4,120,0.25,0.03333333333333333
2022-03-02T05:21:21,30,4,120,0.25,0.03333333333333333
2022-03-02T05:29:44,30,4,120,0.25,0.03333333333333333
2022-03-02T05:38:08,30,4,120,0.25,0.03333333333333333
2022-03-02T05:46:31,30,4,120,0.25,0.03333333333333333
2022-03-02T05:54:55,30,4,120,0.25,0.03333333333333333
2022-03-02T06:03:18,30,4,120,0.25,0.03333333333333333
2022-03-02T06:11:41,30,4,120,0.25,0.03333333333333333
2022-03-02T06:20:06,30,4,120,0.25,0.03333333333333333
2022-03-02T06:28:29,30,4,120,0.25,0.03333333333333333
2022-03-02T06:36:52,30,4,120,0.25,0.03333333333333333
2022-03-02T06:45:15,30,4,120,0.25,0.03333333333333333
2022-03-02T06:53:38,30,4,120,0.25,0.03333333333333333
2022-03-02T07:02:02,30,4,120,0.25,0.03333333333333333
2022-03-02T07:10:25,30,4,120,0.25,0.03333333333333333
2022-03-02T07:18:47,30,4,120,0.25,0.03333333333333333
2022-03-02T07:27:10,30,4,120,0.25,0.03333333333333333
2022-03-02T07:35:33,30,4,120,0.25,0.03333333333333333
2022-03-02T07:43:56,29,4,120,0.24166666666666667,0.03333333333333333
2022-03-02T07:52:18,29,4,120,0.24166666666666667,0.03333333333333333
2022-03-02T08:00:41,29,4,120,0.24166666666666667,0.03333333333333333
2022-03-02T08:09:21,29,4,120,0.24166666666666667,0.03333333333333333
2022-03-02T08:17:44,29,4,120,0.24166666666666667,0.03333333333333333
2022-03-02T08:26:07,29,4,120,0.24166666666666667,0.03333333333333333
2022-03-02T08:34:29,29,4,120,0.24166666666666667,0.03333333333333333
2022-03-02T08:42:52,29,4,120,0.24166666666666667,0.03333333333333333
2022-03-02T08:51:15,29,4,120,0.24166666666666667,0.03333333333333333
2022-03-02T08:59:38,29,4,120,0.24166666666666667,0.03333333333333333
2022-03-02T09:08:01,29,4,120,0.24166666666666667,0.03333333333333333
2022-03-02T09:16:24,29,4,120,0.24166666666666667,0.03333333333333333
2022-03-02T09:24:47,29,4,120,0.24166666666666667,0.03333333333333333
2022-03-02T09:33:10,28,4,120,0.23333333333333334,0.03333333333333333
2022-03-02T09:41:33,28,4,120,0.23333333333333334,0.03333333333333333
2022-03-02T09:49:57,28,4,120,0.23333333333333334,0.03333333333333333
2022-03-02T09:58:32,28,4,120,0.23333333333333334,0.03333333333333333
2022-03-02T10:06:55,28,4,120,0.23333333333333334,0.03333333333333333
2022-03-02T10:15:18,28,4,120,0.23333333333333334,0.03333333333333333
2022-03-02T10:23:41,28,4,120,0.23333333333333334,0.03333333333333333
2022-03-02T10:32:04,28,4,120,0.23333333333333334,0.03333333333333333
2022-03-02T10:40:27,28,4,120,0.23333333333333334,0.03333333333333333
2022-03-02T10:49:01,28,4,120,0.23333333333333334,0.03333333333333333
2022-03-02T10:57:24,28,4,120,0.23333333333333334,0.03333333333333333
2022-03-02T11:05:47,28,4,120,0.23333333333333334,0.03333333333333333
2022-03-02T11:14:10,28,4,120,0.23333333333333334,0.03333333333333333
2022-03-02T11:22:33,28,4,120,0.23333333333333334,0.03333333333333333
2022-03-02T11:30:56,28,4,120,0.23333333333333334,0.03333333333333333
2022-03-02T11:39:27,28,4,120,0.23333333333333334,0.03333333333333333
2022-03-02T11:47:50,28,4,120,0.23333333333333334,0.03333333333333333
2022-03-02T11:56:13,28,4,120,0.23333333333333334,0.03333333333333333
2022-03-02T12:04:37,28,4,120,0.23333333333333334,0.03333333333333333
2022-03-02T12:13:00,28,4,120,0.23333333333333334,0.03333333333333333
2022-03-02T12:21:23,28,4,120,0.23333333333333334,0.03333333333333333
2022-03-02T12:30:00,28,4,120,0.23333333333333334,0.03333333333333333
2022-03-02T12:38:23,28,4,120,0.23333333333333334,0.03333333333333333
2022-03-02T12:46:46,28,4,120,0.23333333333333334,0.03333333333333333
2022-03-02T12:55:10,28,4,120,0.23333333333333334,0.03333333333333333
2022-03-02T13:03:33,28,4,120,0.23333333333333334,0.03333333333333333
2022-03-02T13:11:56,28,4,120,0.23333333333333334,0.03333333333333333
2022-03-02T13:20:28,28,4,120,0.23333333333333334,0.03333333333333333
2022-03-02T13:28:51,27,4,120,0.225,0.03333333333333333
2022-03-02T13:37:14,27,4,120,0.225,0.03333333333333333
2022-03-02T13:45:37,27,5,120,0.225,0.041666666666666664
2022-03-02T13:54:00,27,5,120,0.225,0.041666666666666664
2022-03-02T14:02:23,27,5,120,0.225,0.041666666666666664
2022-03-02T14:11:05,27,5,120,0.225,0.041666666666666664
2022-03-02T14:19:28,27,5,120,0.225,0.041666666666666664
2022-03-02T14:27:51,27,5,120,0.225,0.041666666666666664
2022-03-02T14:36:14,27,5,120,0.225,0.041666666666666664
2022-03-02T14:44:37,27,5,120,0.225,0.041666666666666664
2022-03-02T14:53:01,27,5,120,0.225,0.041666666666666664
2022-03-02T15:01:24,27,5,120,0.225,0.041666666666666664
2022-03-02T15:09:57,27,5,120,0.225,0.041666666666666664
2022-03-02T15:18:20,27,5,120,0.225,0.041666666666666664
2022-03-02T15:26:43,27,5,120,0.225,0.041666666666666664
2022-03-02T15:35:06,27,5,120,0.225,0.041666666666666664
2022-03-02T15:43:29,27,5,120,0.225,0.041666666666666664
2022-03-02T15:51:52,27,5,120,0.225,0.041666666666666664
2022-03-02T16:00:15,27,5,120,0.225,0.041666666666666664
2022-03-02T16:08:38,27,5,120,0.225,0.041666666666666664
2022-03-02T16:17:11,27,5,120,0.225,0.041666666666666664
2022-03-02T16:25:34,26,5,120,0.21666666666666667,0.041666666666666664
2022-03-02T16:33:57,26,5,120,0.21666666666666667,0.041666666666666664
2022-03-02T16:42:20,26,5,120,0.21666666666666667,0.041666666666666664
2022-03-02T16:50:44,26,5,120,0.21666666666666667,0.041666666666666664
2022-03-02T16:59:07,26,5,120,0.21666666666666667,0.041666666666666664
2022-03-02T17:07:30,26,5,120,0.21666666666666667,0.041666666666666664
2022-03-02T17:16:02,26,5,120,0.21666666666666667,0.041666666666666664
2022-03-02T17:24:25,26,5,120,0.21666666666666667,0.041666666666666664
2022-03-02T17:32:48,26,5,120,0.21666666666666667,0.041666666666666664
2022-03-02T17:41:11,26,5,120,0.21666666666666667,0.041666666666666664
2022-03-02T17:49:33,26,5,120,0.21666666666666667,0.041666666666666664
2022-03-02T17:57:56,26,5,120,0.21666666666666667,0.041666666666666664
2022-03-02T18:06:19,26,5,120,0.21666666666666667,0.041666666666666664
2022-03-02T18:14:43,26,5,120,0.21666666666666667,0.041666666666666664
2022-03-02T18:23:23,26,5,120,0.21666666666666667,0.041666666666666664
2022-03-02T18:31:48,26,5,120,0.21666666666666667,0.041666666666666664
2022-03-02T18:40:11,26,5,120,0.21666666666666667,0.041666666666666664
2022-03-02T18:48:34,26,5,120,0.21666666666666667,0.041666666666666664
2022-03-02T18:56:56,26,5,120,0.21666666666666667,0.041666666666666664
2022-03-02T19:05:19,26,5,120,0.21666666666666667,0.041666666666666664
2022-03-02T19:13:42,26,5,120,0.21666666666666667,0.041666666666666664
2022-03-02T19:22:05,26,5,120,0.21666666666666667,0.041666666666666664
2022-03-02T19:30:28,26,5,120,0.21666666666666667,0.041666666666666664
2022-03-02T19:39:02,26,5,120,0.21666666666666667,0.041666666666666664
2022-03-02T19:47:25,26,5,120,0.21666666666666667,0.041666666666666664
2022-03-02T19:55:48,26,5,120,0.21666666666666667,0.041666666666666664
2022-03-02T20:04:11,26,5,120,0.21666666666666667,0.041666666666666664
2022-03-02T20:12:33,26,5,120,0.21666666666666667,0.041666666666666664
2022-03-02T20:20:56,26,5,120,0.21666666666666667,0.041666666666666664
2022-03-02T20:29:19,26,5,120,0.21666666666666667,0.041666666666666664
2022-03-02T20:37:41,26,5,120,0.21666666666666667,0.041666666666666664
2022-03-02T20:46:24,26,5,120,0.21666666666666667,0.041666666666666664
2022-03-02T20:54:47,26,5,120,0.21666666666666667,0.041666666666666664
2022-03-02T21:03:09,26,5,120,0.21666666666666667,0.041666666666666664
2022-03-02T21:11:32,26,5,120,0.21666666666666667,0.041666666666666664
2022-03-02T21:19:55,26,5,120,0.21666666666666667,0.041666666666666664
2022-03-02T21:28:18,25,4,120,0.20833333333333334,0.03333333333333333
2022-03-02T21:36:41,25,4,120,0.20833333333333334,0.03333333333333333
2022-03-02T21:45:03,25,4,120,0.20833333333333334,0.03333333333333333
2022-03-02T21:53:26,25,4,120,0.20833333333333334,0.03333333333333333
2022-03-02T22:01:59,25,4,120,0.20833333333333334,0.03333333333333333
2022-03-02T22:10:22,25,4,120,0.20833333333333334,0.03333333333333333
2022-03-02T22:18:45,25,4,120,0.20833333333333334,0.03333333333333333
2022-03-02T22:27:09,25,4,120,0.20833333333333334,0.03333333333333333
2022-03-02T22:35:32,25,4,120,0.20833333333333334,0.03333333333333333
2022-03-02T22:43:55,25,4,120,0.20833333333333334,0.03333333333333333
2022-03-02T22:52:18,25,4,120,0.20833333333333334,0.03333333333333333
2022-03-02T23:00:41,24,4,120,0.2,0.03333333333333333
2022-03-02T23:09:04,24,4,120,0.2,0.03333333333333333
2022-03-02T23:17:50,24,4,120,0.2,0.03333333333333333
2022-03-02T23:26:13,24,4,120,0.2,0.03333333333333333
2022-03-02T23:34:35,24,4,120,0.2,0.03333333333333333
2022-03-02T23:42:58,24,4,120,0.2,0.03333333333333333
2022-03-02T23:51:24,24,4,120,0.2,0.03333333333333333
2022-03-02T23:59:46,24,4,120,0.2,0.03333333333333333
2022-03-03T00:08:09,24,4,120,0.2,0.03333333333333333
2022-03-03T00:16:32,24,4,120,0.2,0.03333333333333333
2022-03-03T00:24:55,24,4,120,0.2,0.03333333333333333
2022-03-03T00:33:18,24,4,120,0.2,0.03333333333333333
2022-03-03T00:41:42,24,4,120,0.2,0.03333333333333333
2022-03-03T00:50:05,24,4,120,0.2,0.03333333333333333
2022-03-03T00:58:28,24,4,120,0.2,0.03333333333333333
2022-03-03T01:07:05,24,4,120,0.2,0.03333333333333333
2022-03-03T01:15:28,24,4,120,0.2,0.03333333333333333
2022-03-03T01:23:51,24,4,120,0.2,0.03333333333333333
2022-03-03T01:32:13,24,4,120,0.2,0.03333333333333333
2022-03-03T01:40:36,24,4,120,0.2,0.03333333333333333
2022-03-03T01:48:59,24,4,120,0.2,0.03333333333333333
2022-03-03T01:57:22,24,4,120,0.2,0.03333333333333333
2022-03-03T02:05:45,24,4,120,0.2,0.03333333333333333
2022-03-03T02:14:08,24,4,120,0.2,0.03333333333333333
2022-03-03T02:22:31,24,4,120,0.2,0.03333333333333333
2022-03-03T02:30:56,24,4,120,0.2,0.03333333333333333
2022-03-03T02:39:19,24,4,120,0.2,0.03333333333333333
2022-03-03T02:47:42,24,4,120,0.2,0.03333333333333333
2022-03-03T02:56:05,24,4,120,0.2,0.03333333333333333
2022-03-03T03:04:28,24,4,120,0.2,0.03333333333333333
2022-03-03T03:12:51,24,4,120,0.2,0.03333333333333333
2022-03-03T03:21:14,24,4,120,0.2,0.03333333333333333
2022-03-03T03:29:36,24,4,120,0.2,0.03333333333333333
2022-03-03T03:37:59,24,4,120,0.2,0.03333333333333333
2022-03-03T03:46:30,24,4,120,0.2,0.03333333333333333
2022-03-03T03:54:52,24,4,120,0.2,0.03333333333333333
2022-03-03T04:03:15,24,4,120,0.2,0.03333333333333333
2022-03-03T04:13:54,24,4,120,0.2,0.03333333333333333
2022-03-03T04:31:50,24,4,120,0.2,0.03333333333333333
2022-03-03T04:40:14,24,4,120,0.2,0.03333333333333333
2022-03-03T04:48:37,24,4,120,0.2,0.03333333333333333
2022-03-03T04:57:01,24,4,120,0.2,0.03333333333333333
2022-03-03T05:05:25,24,4,120,0.2,0.03333333333333333
2022-03-03T05:13:48,24,4,120,0.2,0.03333333333333333
2022-03-03T05:22:12,24,4,120,0.2,0.03333333333333333
2022-03-03T05:30:35,24,4,120,0.2,0.03333333333333333
2022-03-03T05:38:59,24,4,120,0.2,0.03333333333333333
2022-03-03T05:47:22,24,4,120,0.2,0.03333333333333333
2022-03-03T05:55:45,24,4,120,0.2,0.03333333333333333
2022-03-03T06:04:09,24,4,120,0.2,0.03333333333333333
2022-03-03T06:12:32,24,4,120,0.2,0.03333333333333333
2022-03-03T06:20:56,24,4,120,0.2,0.03333333333333333
2022-03-03T06:29:19,24,4,120,0.2,0.03333333333333333
2022-03-03T06:37:41,24,4,120,0.2,0.03333333333333333
2022-03-03T06:46:04,24,4,120,0.2,0.03333333333333333
2022-03-03T06:54:27,24,4,120,0.2,0.03333333333333333
2022-03-03T07:02:50,24,4,120,0.2,0.03333333333333333
2022-03-03T07:11:13,24,4,120,0.2,0.03333333333333333
2022-03-03T07:19:36,24,4,120,0.2,0.03333333333333333
2022-03-03T07:27:58,24,4,120,0.2,0.03333333333333333
2022-03-03T07:36:21,24,4,120,0.2,0.03333333333333333
2022-03-03T07:44:44,24,4,120,0.2,0.03333333333333333
2022-03-03T07:53:18,24,4,120,0.2,0.03333333333333333
2022-03-03T08:01:41,24,4,120,0.2,0.03333333333333333
2022-03-03T08:10:04,24,4,120,0.2,0.03333333333333333
2022-03-03T08:18:27,24,4,120,0.2,0.03333333333333333
2022-03-03T08:26:50,24,4,120,0.2,0.03333333333333333
2022-03-03T08:35:13,24,4,120,0.2,0.03333333333333333
2022-03-03T08:43:36,24,4,120,0.2,0.03333333333333333
2022-03-03T08:52:00,24,4,120,0.2,0.03333333333333333
2022-03-03T09:00:23,24,4,120,0.2,0.03333333333333333
2022-03-03T09:08:46,24,4,120,0.2,0.03333333333333333
2022-03-03T09:17:10,24,4,120,0.2,0.03333333333333333
2022-03-03T09:25:34,24,4,120,0.2,0.03333333333333333
2022-03-03T09:33:59,24,4,120,0.2,0.03333333333333333
2022-03-03T09:42:24,24,4,120,0.2,0.03333333333333333
2022-03-03T09:50:49,24,4,120,0.2,0.03333333333333333
2022-03-03T09:59:13,24,4,120,0.2,0.03333333333333333
2022-03-03T10:07:51,24,4,120,0.2,0.03333333333333333
2022-03-03T10:16:16,24,4,120,0.2,0.03333333333333333
2022-03-03T10:24:42,24,4,120,0.2,0.03333333333333333
2022-03-03T10:33:08,24,4,120,0.2,0.03333333333333333
2022-03-03T10:41:32,24,4,120,0.2,0.03333333333333333
2022-03-03T10:49:57,24,4,120,0.2,0.03333333333333333
2022-03-03T10:58:21,24,4,120,0.2,0.03333333333333333
2022-03-03T11:06:45,24,4,120,0.2,0.03333333333333333
2022-03-03T11:15:09,24,4,120,0.2,0.03333333333333333
2022-03-03T11:23:45,24,4,120,0.2,0.03333333333333333
2022-03-03T11:32:09,24,4,120,0.2,0.03333333333333333
2022-03-03T11:40:32,24,4,120,0.2,0.03333333333333333
2022-03-03T11:48:56,24,4,120,0.2,0.03333333333333333
2022-03-03T11:57:19,24,4,120,0.2,0.03333333333333333
2022-03-03T12:05:43,24,4,120,0.2,0.03333333333333333
2022-03-03T12:14:06,24,4,120,0.2,0.03333333333333333
2022-03-03T12:22:29,24,4,120,0.2,0.03333333333333333
2022-03-03T12:30:52,24,4,120,0.2,0.03333333333333333
2022-03-03T12:39:15,24,4,120,0.2,0.03333333333333333
2022-03-03T12:47:38,24,4,120,0.2,0.03333333333333333
2022-03-03T12:56:11,24,4,120,0.2,0.03333333333333333
2022-03-03T13:04:35,24,4,120,0.2,0.03333333333333333
2022-03-03T13:12:59,24,4,120,0.2,0.03333333333333333
2022-03-03T13:21:22,24,4,120,0.2,0.03333333333333333
2022-03-03T13:29:45,24,4,120,0.2,0.03333333333333333
2022-03-03T13:38:12,24,4,120,0.2,0.03333333333333333
2022-03-03T13:46:35,24,4,120,0.2,0.03333333333333333
2022-03-03T13:54:58,24,4,120,0.2,0.03333333333333333
2022-03-03T14:03:21,24,4,120,0.2,0.03333333333333333
2022-03-03T14:11:45,24,4,120,0.2,0.03333333333333333
2022-03-03T14:20:08,24,4,120,0.2,0.03333333333333333
2022-03-03T14:28:31,24,4,120,0.2,0.03333333333333333
2022-03-03T14:36:55,24,4,120,0.2,0.03333333333333333
2022-03-03T14:45:26,24,4,120,0.2,0.03333333333333333
2022-03-03T14:53:49,24,4,120,0.2,0.03333333333333333
2022-03-03T15:02:12,24,4,120,0.2,0.03333333333333333
2022-03-03T15:10:35,24,4,120,0.2,0.03333333333333333
2022-03-03T15:18:58,24,4,120,0.2,0.03333333333333333
2022-03-03T15:27:21,24,4,120,0.2,0.03333333333333333
2022-03-03T15:35:44,24,4,120,0.2,0.03333333333333333
2022-03-03T15:44:08,24,4,120,0.2,0.03333333333333333
2022-03-03T15:52:31,24,4,120,0.2,0.03333333333333333
2022-03-03T16:00:53,24,4,120,0.2,0.03333333333333333
2022-03-03T16:09:16,24,4,120,0.2,0.03333333333333333
2022-03-03T16:17:40,24,4,120,0.2,0.03333333333333333
2022-03-03T16:26:13,24,4,120,0.2,0.03333333333333333
2022-03-03T16:34:35,24,4,120,0.2,0.03333333333333333
2022-03-03T16:42:58,24,4,120,0.2,0.03333333333333333
2022-03-03T16:51:21,24,4,120,0.2,0.03333333333333333
2022-03-03T16:59:44,24,4,120,0.2,0.03333333333333333
2022-03-03T17:08:07,24,4,120,0.2,0.03333333333333333
2022-03-03T17:16:30,24,4,120,0.2,0.03333333333333333
2022-03-03T17:24:53,24,4,120,0.2,0.03333333333333333
2022-03-03T17:33:15,24,4,120,0.2,0.03333333333333333
2022-03-03T17:54:37,24,4,120,0.2,0.03333333333333333
2022-03-03T18:03:02,24,4,120,0.2,0.03333333333333333
2022-03-03T18:11:25,24,4,120,0.2,0.03333333333333333
2022-03-03T18:19:47,24,4,120,0.2,0.03333333333333333
2022-03-03T18:28:10,24,4,120,0.2,0.03333333333333333
2022-03-03T18:36:33,24,4,120,0.2,0.03333333333333333
2022-03-03T18:44:56,24,4,120,0.2,0.03333333333333333
2022-03-03T18:53:18,24,4,120,0.2,0.03333333333333333
2022-03-03T19:01:41,24,4,120,0.2,0.03333333333333333
2022-03-03T19:10:04,24,4,120,0.2,0.03333333333333333
2022-03-03T19:18:27,24,4,120,0.2,0.03333333333333333
2022-03-03T19:26:49,24,4,120,0.2,0.03333333333333333
2022-03-03T19:35:12,24,4,120,0.2,0.03333333333333333
2022-03-03T19:43:35,24,4,120,0.2,0.03333333333333333
2022-03-03T19:51:57,24,4,120,0.2,0.03333333333333333
2022-03-03T20:00:28,24,4,120,0.2,0.03333333333333333
2022-03-03T20:09:01,24,4,120,0.2,0.03333333333333333
2022-03-03T20:17:24,24,4,120,0.2,0.03333333333333333
2022-03-03T20:25:47,24,4,120,0.2,0.03333333333333333
2022-03-03T20:34:09,24,4,120,0.2,0.03333333333333333
2022-03-03T20:42:32,24,4,120,0.2,0.03333333333333333
2022-03-03T20:50:55,24,4,120,0.2,0.03333333333333333
2022-03-03T20:59:18,24,4,120,0.2,0.03333333333333333
2022-03-03T21:07:40,24,4,120,0.2,0.03333333333333333
2022-03-03T21:16:03,24,4,120,0.2,0.03333333333333333
2022-03-03T21:24:26,24,4,120,0.2,0.03333333333333333
2022-03-03T21:32:49,24,4,120,0.2,0.03333333333333333
2022-03-03T21:41:11,24,4,120,0.2,0.03333333333333333
2022-03-03T21:49:34,24,4,120,0.2,0.03333333333333333
2022-03-03T21:57:57,24,4,120,0.2,0.03333333333333333
2022-03-03T22:06:20,24,4,120,0.2,0.03333333333333333
2022-03-03T22:14:55,24,4,120,0.2,0.03333333333333333
2022-03-03T22:23:18,24,4,120,0.2,0.03333333333333333
2022-03-03T22:31:40,23,3,120,0.19166666666666668,0.025
2022-03-03T22:40:03,23,3,120,0.19166666666666668,0.025
2022-03-03T22:48:26,23,3,120,0.19166666666666668,0.025
2022-03-03T22:56:48,23,3,120,0.19166666666666668,0.025
2022-03-03T23:05:11,23,3,120,0.19166666666666668,0.025
2022-03-03T23:13:34,23,3,120,0.19166666666666668,0.025
2022-03-03T23:21:57,23,3,120,0.19166666666666668,0.025
2022-03-03T23:30:20,23,3,120,0.19166666666666668,0.025
2022-03-03T23:38:42,23,3,120,0.19166666666666668,0.025
2022-03-03T23:47:05,23,3,120,0.19166666666666668,0.025
2022-03-03T23:55:27,23,3,120,0.19166666666666668,0.025
2022-03-04T00:03:50,23,3,120,0.19166666666666668,0.025
2022-03-04T00:12:13,23,3,120,0.19166666666666668,0.025
2022-03-04T00:20:36,23,3,120,0.19166666666666668,0.025
2022-03-04T00:28:59,23,3,120,0.19166666666666668,0.025
2022-03-04T00:37:22,23,3,120,0.19166666666666668,0.025
2022-03-04T00:45:45,23,3,120,0.19166666666666668,0.025
2022-03-04T00:54:08,23,3,120,0.19166666666666668,0.025
2022-03-04T01:02:32,23,3,120,0.19166666666666668,0.025
2022-03-04T01:10:55,23,3,120,0.19166666666666668,0.025
2022-03-04T01:19:18,23,3,120,0.19166666666666668,0.025
2022-03-04T01:27:41,23,3,120,0.19166666666666668,0.025
2022-03-04T01:36:04,23,3,120,0.19166666666666668,0.025
2022-03-04T01:44:26,23,3,120,0.19166666666666668,0.025
2022-03-04T01:52:49,23,3,120,0.19166666666666668,0.025
2022-03-04T02:01:22,23,3,120,0.19166666666666668,0.025
2022-03-04T02:09:45,23,3,120,0.19166666666666668,0.025
2022-03-04T02:18:08,23,3,120,0.19166666666666668,0.025
2022-03-04T02:26:31,23,3,120,0.19166666666666668,0.025
2022-03-04T02:34:54,23,3,120,0.19166666666666668,0.025
2022-03-04T02:43:17,23,3,120,0.19166666666666668,0.025
2022-03-04T02:51:40,23,3,120,0.19166666666666668,0.025
2022-03-04T03:00:03,23,3,120,0.19166666666666668,0.025
2022-03-04T03:08:26,23,3,120,0.19166666666666668,0.025
2022-03-04T03:16:49,23,3,120,0.19166666666666668,0.025
2022-03-04T03:25:12,23,3,120,0.19166666666666668,0.025
2022-03-04T03:33:35,23,3,120,0.19166666666666668,0.025
2022-03-04T03:41:57,23,3,120,0.19166666666666668,0.025
2022-03-04T03:50:25,23,3,120,0.19166666666666668,0.025
2022-03-04T03:58:48,23,3,120,0.19166666666666668,0.025
2022-03-04T04:07:11,23,3,120,0.19166666666666668,0.025
2022-03-04T04:22:34,23,3,120,0.19166666666666668,0.025
2022-03-04T04:30:58,23,3,120,0.19166666666666668,0.025
2022-03-04T04:40:13,23,3,120,0.19166666666666668,0.025
2022-03-04T04:48:50,23,3,120,0.19166666666666668,0.025
2022-03-04T04:57:13,23,3,120,0.19166666666666668,0.025
2022-03-04T05:05:37,23,3,120,0.19166666666666668,0.025
2022-03-04T05:14:01,23,3,120,0.19166666666666668,0.025
2022-03-04T05:22:24,23,3,120,0.19166666666666668,0.025
2022-03-04T05:30:48,23,3,120,0.19166666666666668,0.025
2022-03-04T05:39:11,23,3,120,0.19166666666666668,0.025
2022-03-04T05:47:34,23,3,120,0.19166666666666668,0.025
2022-03-04T05:55:58,23,3,120,0.19166666666666668,0.025
2022-03-04T06:04:21,23,3,120,0.19166666666666668,0.025
2022-03-04T06:12:45,23,3,120,0.19166666666666668,0.025
2022-03-04T06:21:08,23,3,120,0.19166666666666668,0.025
2022-03-04T06:29:32,23,3,120,0.19166666666666668,0.025
2022-03-04T06:37:55,23,3,120,0.19166666666666668,0.025
2022-03-04T06:46:18,23,3,120,0.19166666666666668,0.025
2022-03-04T06:54:47,23,3,120,0.19166666666666668,0.025
2022-03-04T07:03:09,23,3,120,0.19166666666666668,0.025
2022-03-04T07:11:35,23,3,120,0.19166666666666668,0.025
2022-03-04T07:19:58,23,3,120,0.19166666666666668,0.025
2022-03-04T07:28:21,23,3,120,0.19166666666666668,0.025
2022-03-04T07:36:44,23,3,120,0.19166666666666668,0.025
2022-03-04T07:45:06,23,3,120,0.19166666666666668,0.025
2022-03-04T07:53:29,23,3,120,0.19166666666666668,0.025
2022-03-04T08:01:53,23,3,120,0.19166666666666668,0.025
2022-03-04T08:10:16,23,3,120,0.19166666666666668,0.025
2022-03-04T08:18:39,23,3,120,0.19166666666666668,0.025
2022-03-04T08:27:02,23,3,120,0.19166666666666668,0.025
2022-03-04T08:35:25,23,3,120,0.19166666666666668,0.025
2022-03-04T08:43:48,23,3,120,0.19166666666666668,0.025
2022-03-04T08:52:11,23,3,120,0.19166666666666668,0.025
2022-03-04T09:00:34,23,3,120,0.19166666666666668,0.025
2022-03-04T09:08:56,23,3,120,0.19166666666666668,0.025
2022-03-04T09:17:19,23,3,120,0.19166666666666668,0.025
2022-03-04T09:25:42,23,3,120,0.19166666666666668,0.025
2022-03-04T09:34:05,23,3,120,0.19166666666666668,0.025
2022-03-04T09:42:28,23,3,120,0.19166666666666668,0.025
2022-03-04T09:50:51,23,3,120,0.19166666666666668,0.025
2022-03-04T09:59:14,23,3,120,0.19166666666666668,0.025
2022-03-04T10:07:37,23,3,120,0.19166666666666668,0.025
2022-03-04T10:16:00,23,3,120,0.19166666666666668,0.025
2022-03-04T10:24:23,23,3,120,0.19166666666666668,0.025
2022-03-04T10:32:53,23,3,120,0.19166666666666668,0.025
2022-03-04T10:41:16,23,3,120,0.19166666666666668,0.025
2022-03-04T10:49:42,23,3,120,0.19166666666666668,0.025
2022-03-04T10:58:08,23,3,120,0.19166666666666668,0.025
2022-03-04T11:06:34,23,3,120,0.19166666666666668,0.025
2022-03-04T11:15:00,23,3,120,0.19166666666666668,0.025
2022-03-04T11:23:26,23,3,120,0.19166666666666668,0.025
2022-03-04T11:31:52,23,3,120,0.19166666666666668,0.025
2022-03-04T11:40:18,23,3,120,0.19166666666666668,0.025
2022-03-04T11:48:44,23,3,120,0.19166666666666668,0.025
2022-03-04T11:57:10,23,3,120,0.19166666666666668,0.025
2022-03-04T12:05:37,23,3,120,0.19166666666666668,0.025
2022-03-04T12:14:14,23,3,120,0.19166666666666668,0.025
2022-03-04T12:22:40,23,3,120,0.19166666666666668,0.025
2022-03-04T12:31:07,23,3,120,0.19166666666666668,0.025
2022-03-04T12:39:34,23,3,120,0.19166666666666668,0.025
2022-03-04T12:48:00,23,3,120,0.19166666666666668,0.025
2022-03-04T12:56:26,23,3,120,0.19166666666666668,0.025
2022-03-04T13:04:52,23,3,120,0.19166666666666668,0.025
2022-03-04T13:13:18,23,3,120,0.19166666666666668,0.025
2022-03-04T13:21:44,23,3,120,0.19166666666666668,0.025
2022-03-04T13:30:10,23,3,120,0.19166666666666668,0.025
2022-03-04T13:38:48,23,3,120,0.19166666666666668,0.025
2022-03-04T13:47:14,23,3,120,0.19166666666666668,0.025
2022-03-04T13:55:40,23,3,120,0.19166666666666668,0.025
2022-03-04T14:04:06,23,3,120,0.19166666666666668,0.025
2022-03-04T14:12:32,23,3,120,0.19166666666666668,0.025
2022-03-04T14:20:57,23,3,120,0.19166666666666668,0.025
2022-03-04T14:29:23,23,3,120,0.19166666666666668,0.025
2022-03-04T14:37:59,23,3,120,0.19166666666666668,0.025
2022-03-04T14:46:24,23,3,120,0.19166666666666668,0.025
2022-03-04T14:54:50,23,3,120,0.19166666666666668,0.025
2022-03-04T15:03:18,23,3,120,0.19166666666666668,0.025
2022-03-04T15:11:44,23,3,120,0.19166666666666668,0.025
2022-03-04T15:20:10,23,3,120,0.19166666666666668,0.025
2022-03-04T15:28:38,24,3,120,0.2,0.025
2022-03-04T15:37:04,24,3,120,0.2,0.025
2022-03-04T15:45:30,24,3,120,0.2,0.025
2022-03-04T15:53:55,24,3,120,0.2,0.025
2022-03-04T16:02:31,24,3,120,0.2,0.025
2022-03-04T16:10:57,24,3,120,0.2,0.025
2022-03-04T16:19:23,24,3,120,0.2,0.025
2022-03-04T16:27:49,24,3,120,0.2,0.025
2022-03-04T16:36:15,24,3,120,0.2,0.025
2022-03-04T16:44:41,24,3,120,0.2,0.025
2022-03-04T16:53:07,24,3,120,0.2,0.025
2022-03-04T17:01:32,24,3,120,0.2,0.025
2022-03-04T17:09:59,24,3,120,0.2,0.025
2022-03-04T17:18:24,24,3,120,0.2,0.025
2022-03-04T17:26:50,24,3,120,0.2,0.025
2022-03-04T17:35:16,24,3,120,0.2,0.025
2022-03-04T17:43:42,24,3,120,0.2,0.025
2022-03-04T17:52:18,24,3,120,0.2,0.025
2022-03-04T18:00:44,24,3,120,0.2,0.025
2022-03-04T18:09:10,24,3,120,0.2,0.025
2022-03-04T18:17:36,24,3,120,0.2,0.025
2022-03-04T18:26:07,24,3,120,0.2,0.025
2022-03-04T18:34:32,24,3,120,0.2,0.025
2022-03-04T18:42:58,24,3,120,0.2,0.025
2022-03-04T18:51:24,24,3,120,0.2,0.025
2022-03-04T18:59:49,24,3,120,0.2,0.025
2022-03-04T19:08:15,24,3,120,0.2,0.025
2022-03-04T19:16:41,24,3,120,0.2,0.025
2022-03-04T19:25:14,24,3,120,0.2,0.025
2022-03-04T19:33:40,24,3,120,0.2,0.025
2022-03-04T19:42:05,24,3,120,0.2,0.025
2022-03-04T19:50:31,24,3,120,0.2,0.025
2022-03-04T19:58:57,24,3,120,0.2,0.025
2022-03-04T20:07:22,24,3,120,0.2,0.025
2022-03-04T20:15:48,24,3,120,0.2,0.025
2022-03-04T20:24:14,24,3,120,0.2,0.025
2022-03-04T20:32:40,24,3,120,0.2,0.025
2022-03-04T20:41:05,24,3,120,0.2,0.025
2022-03-04T20:49:31,24,3,120,0.2,0.025
2022-03-04T20:57:57,24,3,120,0.2,0.025
2022-03-04T21:06:22,24,3,120,0.2,0.025
2022-03-04T21:14:48,24,3,120,0.2,0.025
2022-03-04T21:23:14,24,3,120,0.2,0.025
2022-03-04T21:31:39,24,3,120,0.2,0.025
2022-03-04T21:40:05,24,3,120,0.2,0.025
2022-03-04T21:48:30,24,3,120,0.2,0.025
2022-03-04T21:56:56,24,3,120,0.2,0.025
2022-03-04T22:05:32,24,3,120,0.2,0.025
2022-03-04T22:13:57,24,3,120,0.2,0.025
2022-03-04T22:22:23,24,3,120,0.2,0.025
2022-03-04T22:30:48,23,2,120,0.19166666666666668,0.016666666666666666
2022-03-04T22:39:14,23,2,120,0.19166666666666668,0.016666666666666666
2022-03-04T22:47:40,23,2,120,0.19166666666666668,0.016666666666666666
2022-03-04T22:56:05,23,2,120,0.19166666666666668,0.016666666666666666
2022-03-04T23:04:31,23,2,120,0.19166666666666668,0.016666666666666666
2022-03-04T23:12:57,23,2,120,0.19166666666666668,0.016666666666666666
2022-03-04T23:21:22,23,2,120,0.19166666666666668,0.016666666666666666
2022-03-04T23:29:48,23,2,120,0.19166666666666668,0.016666666666666666
2022-03-04T23:38:14,23,2,120,0.19166666666666668,0.016666666666666666
2022-03-04T23:46:39,23,2,120,0.19166666666666668,0.016666666666666666
2022-03-04T23:55:05,23,2,120,0.19166666666666668,0.016666666666666666
2022-03-05T00:03:41,23,2,120,0.19166666666666668,0.016666666666666666
2022-03-05T00:12:07,23,2,120,0.19166666666666668,0.016666666666666666
2022-03-05T00:20:32,23,2,120,0.19166666666666668,0.016666666666666666
2022-03-05T00:28:58,23,2,120,0.19166666666666668,0.016666666666666666
2022-03-05T00:37:25,23,2,120,0.19166666666666668,0.016666666666666666
2022-03-05T00:45:51,23,2,120,0.19166666666666668,0.016666666666666666
2022-03-05T00:54:17,23,2,120,0.19166666666666668,0.016666666666666666
2022-03-05T01:02:43,23,2,120,0.19166666666666668,0.016666666666666666
2022-03-05T01:11:09,23,2,120,0.19166666666666668,0.016666666666666666
2022-03-05T01:19:35,23,2,120,0.19166666666666668,0.016666666666666666
2022-03-05T01:28:01,23,2,120,0.19166666666666668,0.016666666666666666
2022-03-05T01:36:26,23,2,120,0.19166666666666668,0.016666666666666666
2022-03-05T01:44:52,23,2,120,0.19166666666666668,0.016666666666666666
2022-03-05T01:53:18,23,2,120,0.19166666666666668,0.016666666666666666
2022-03-05T02:01:44,23,2,120,0.19166666666666668,0.016666666666666666
2022-03-05T02:10:10,23,2,120,0.19166666666666668,0.016666666666666666
2022-03-05T02:18:36,23,2,120,0.19166666666666668,0.016666666666666666
2022-03-05T02:27:01,23,2,120,0.19166666666666668,0.016666666666666666
2022-03-05T02:35:27,23,2,120,0.19166666666666668,0.016666666666666666
2022-03-05T02:43:53,23,2,120,0.19166666666666668,0.016666666666666666
2022-03-05T02:52:18,23,2,120,0.19166666666666668,0.016666666666666666
2022-03-05T03:00:44,23,2,120,0.19166666666666668,0.016666666666666666
2022-03-05T03:09:10,23,2,120,0.19166666666666668,0.016666666666666666
2022-03-05T03:17:35,23,2,120,0.19166666666666668,0.016666666666666666
2022-03-05T03:26:01,23,2,120,0.19166666666666668,0.016666666666666666
2022-03-05T03:34:27,23,2,120,0.19166666666666668,0.016666666666666666
2022-03-05T03:43:31,23,2,120,0.19166666666666668,0.016666666666666666
2022-03-05T03:51:57,23,2,120,0.19166666666666668,0.016666666666666666
2022-03-05T04:00:23,23,2,120,0.19166666666666668,0.016666666666666666
2022-03-05T04:08:50,23,2,120,0.19166666666666668,0.016666666666666666
2022-03-05T04:24:41,23,2,120,0.19166666666666668,0.016666666666666666
2022-03-05T04:33:22,23,2,120,0.19166666666666668,0.016666666666666666
2022-03-05T04:41:49,23,2,120,0.19166666666666668,0.016666666666666666
2022-03-05T04:50:15,23,2,120,0.19166666666666668,0.016666666666666666
2022-03-05T04:58:42,23,2,120,0.19166666666666668,0.016666666666666666
2022-03-05T05:07:08,23,2,120,0.19166666666666668,0.016666666666666666
2022-03-05T05:15:35,23,2,120,0.19166666666666668,0.016666666666666666
2022-03-05T05:24:01,23,2,120,0.19166666666666668,0.016666666666666666
2022-03-05T05:32:28,23,2,120,0.19166666666666668,0.016666666666666666
2022-03-05T05:40:54,23,2,120,0.19166666666666668,0.016666666666666666
2022-03-05T05:49:20,23,2,120,0.19166666666666668,0.016666666666666666
2022-03-05T05:57:47,23,2,120,0.19166666666666668,0.016666666666666666
2022-03-05T06:06:13,23,2,120,0.19166666666666668,0.016666666666666666
2022-03-05T06:14:39,23,2,120,0.19166666666666668,0.016666666666666666
2022-03-05T06:23:06,23,2,120,0.19166666666666668,0.016666666666666666
2022-03-05T06:31:32,23,2,120,0.19166666666666668,0.016666666666666666
2022-03-05T06:39:58,23,2,120,0.19166666666666668,0.016666666666666666
2022-03-05T06:48:26,23,2,120,0.19166666666666668,0.016666666666666666
2022-03-05T06:56:52,23,2,120,0.19166666666666668,0.016666666666666666
2022-03-05T07:05:19,23,2,120,0.19166666666666668,0.016666666666666666
2022-03-05T07:13:45,23,2,120,0.19166666666666668,0.016666666666666666
2022-03-05T07:22:11,23,2,120,0.19166666666666668,0.016666666666666666
2022-03-05T07:30:37,23,2,120,0.19166666666666668,0.016666666666666666
2022-03-05T07:39:03,23,2,120,0.19166666666666668,0.016666666666666666
2022-03-05T07:47:29,23,2,120,0.19166666666666668,0.016666666666666666
2022-03-05T07:55:55,23,2,120,0.19166666666666668,0.016666666666666666
2022-03-05T08:04:21,23,2,120,0.19166666666666668,0.016666666666666666
2022-03-05T08:12:47,23,2,120,0.19166666666666668,0.016666666666666666
2022-03-05T08:21:13,23,2,120,0.19166666666666668,0.016666666666666666
2022-03-05T08:29:46,23,2,120,0.19166666666666668,0.016666666666666666
2022-03-05T08:38:12,23,2,120,0.19166666666666668,0.016666666666666666
2022-03-05T08:46:38,23,2,120,0.19166666666666668,0.016666666666666666
2022-03-05T08:55:04,23,2,120,0.19166666666666668,0.016666666666666666
2022-03-05T09:03:30,23,2,120,0.19166666666666668,0.016666666666666666
2022-03-05T09:11:56,23,2,120,0.19166666666666668,0.016666666666666666
2022-03-05T09:20:22,23,2,120,0.19166666666666668,0.016666666666666666
2022-03-05T09:28:48,23,2,120,0.19166666666666668,0.016666666666666666
2022-03-05T09:37:13,23,2,120,0.19166666666666668,0.016666666666666666
2022-03-05T09:45:39,23,2,120,0.19166666666666668,0.016666666666666666
2022-03-05T09:54:05,23,2,120,0.19166666666666668,0.016666666666666666
2022-03-05T10:02:30,23,2,120,0.19166666666666668,0.016666666666666666
2022-03-05T10:10:56,23,2,120,0.19166666666666668,0.016666666666666666
2022-03-05T10:19:22,23,2,120,0.19166666666666668,0.016666666666666666
2022-03-05T10:27:48,23,2,120,0.19166666666666668,0.016666666666666666
2022-03-05T10:36:14,23,2,120,0.19166666666666668,0.016666666666666666
2022-03-05T10:44:39,23,2,120,0.19166666666666668,0.016666666666666666
2022-03-05T10:53:05,23,2,120,0.19166666666666668,0.016666666666666666
2022-03-05T11:01:31,23,2,120,0.19166666666666668,0.016666666666666666
2022-03-05T11:10:07,23,2,120,0.19166666666666668,0.016666666666666666
2022-03-05T11:18:33,23,2,120,0.19166666666666668,0.016666666666666666
2022-03-05T11:26:58,23,2,120,0.19166666666666668,0.016666666666666666
2022-03-05T11:35:24,23,2,120,0.19166666666666668,0.016666666666666666
2022-03-05T11:43:50,23,2,120,0.19166666666666668,0.016666666666666666
2022-03-05T11:52:16,23,2,120,0.19166666666666668,0.016666666666666666
2022-03-05T12:00:41,23,2,120,0.19166666666666668,0.016666666666666666
2022-03-05T12:09:07,23,2,120,0.19166666666666668,0.016666666666666666
2022-03-05T12:17:33,23,2,120,0.19166666666666668,0.016666666666666666
2022-03-05T12:25:58,23,2,120,0.19166666666666668,0.016666666666666666
2022-03-05T12:34:34,23,2,120,0.19166666666666668,0.016666666666666666
2022-03-05T12:42:59,23,2,120,0.19166666666666668,0.016666666666666666
2022-03-05T12:51:25,23,2,120,0.19166666666666668,0.016666666666666666
2022-03-05T12:59:51,23,2,120,0.19166666666666668,0.016666666666666666
2022-03-05T13:08:17,23,2,120,0.19166666666666668,0.016666666666666666
2022-03-05T13:16:42,23,2,120,0.19166666666666668,0.016666666666666666
2022-03-05T13:25:08,23,2,120,0.19166666666666668,0.016666666666666666
2022-03-05T13:33:34,23,2,120,0.19166666666666668,0.016666666666666666
2022-03-05T13:41:59,23,2,120,0.19166666666666668,0.016666666666666666
2022-03-05T13:50:25,23,2,120,0.19166666666666668,0.016666666666666666
2022-03-05T13:58:51,23,2,120,0.19166666666666668,0.016666666666666666
2022-03-05T14:07:16,23,2,120,0.19166666666666668,0.016666666666666666
2022-03-05T14:15:42,23,2,120,0.19166666666666668,0.016666666666666666
2022-03-05T14:24:18,23,2,120,0.19166666666666668,0.016666666666666666
2022-03-05T14:32:43,23,2,120,0.19166666666666668,0.016666666666666666
2022-03-05T14:41:09,23,2,120,0.19166666666666668,0.016666666666666666
2022-03-05T14:49:35,23,2,120,0.19166666666666668,0.016666666666666666
2022-03-05T14:58:01,23,2,120,0.19166666666666668,0.016666666666666666
2022-03-05T15:06:26,23,2,120,0.19166666666666668,0.016666666666666666
2022-03-05T15:14:52,23,2,120,0.19166666666666668,0.016666666666666666
2022-03-05T15:23:18,23,2,120,0.19166666666666668,0.016666666666666666
2022-03-05T15:31:43,23,2,120,0.19166666666666668,0.016666666666666666
2022-03-05T15:40:09,23,2,120,0.19166666666666668,0.016666666666666666
2022-03-05T15:48:34,23,2,120,0.19166666666666668,0.016666666666666666
2022-03-05T15:57:00,23,2,120,0.19166666666666668,0.016666666666666666
2022-03-05T16:05:26,23,2,120,0.19166666666666668,0.016666666666666666
2022-03-05T16:13:52,23,2,120,0.19166666666666668,0.016666666666666666
2022-03-05T16:22:17,23,2,120,0.19166666666666668,0.016666666666666666
2022-03-05T16:30:43,23,2,120,0.19166666666666668,0.016666666666666666
2022-03-05T16:39:08,23,2,120,0.19166666666666668,0.016666666666666666
2022-03-05T16:47:43,23,2,120,0.19166666666666668,0.016666666666666666
2022-03-05T16:56:09,23,2,120,0.19166666666666668,0.016666666666666666
2022-03-05T17:04:35,23,2,120,0.19166666666666668,0.016666666666666666
2022-03-05T17:13:00,23,2,120,0.19166666666666668,0.016666666666666666
2022-03-05T17:21:26,23,2,120,0.19166666666666668,0.016666666666666666
2022-03-05T17:29:52,23,2,120,0.19166666666666668,0.016666666666666666
2022-03-05T17:38:17,23,2,120,0.19166666666666668,0.016666666666666666
2022-03-05T17:46:43,23,2,120,0.19166666666666668,0.016666666666666666
2022-03-05T17:55:09,23,2,120,0.19166666666666668,0.016666666666666666
2022-03-05T18:03:35,23,2,120,0.19166666666666668,0.016666666666666666
2022-03-05T18:12:00,23,2,120,0.19166666666666668,0.016666666666666666
2022-03-05T18:20:26,23,2,120,0.19166666666666668,0.016666666666666666
2022-03-05T18:28:52,23,2,120,0.19166666666666668,0.016666666666666666
2022-03-05T18:37:17,23,2,120,0.19166666666666668,0.016666666666666666
2022-03-05T18:45:43,23,2,120,0.19166666666666668,0.016666666666666666
2022-03-05T18:54:09,23,2,120,0.19166666666666668,0.016666666666666666
2022-03-05T19:02:34,23,2,120,0.19166666666666668,0.016666666666666666
2022-03-05T19:11:09,23,2,120,0.19166666666666668,0.016666666666666666
2022-03-05T19:19:35,23,2,120,0.19166666666666668,0.016666666666666666
2022-03-05T19:28:00,23,2,120,0.19166666666666668,0.016666666666666666
2022-03-05T19:36:26,23,2,120,0.19166666666666668,0.016666666666666666
2022-03-05T19:44:52,23,2,120,0.19166666666666668,0.016666666666666666
2022-03-05T19:53:18,23,2,120,0.19166666666666668,0.016666666666666666
2022-03-05T20:01:44,23,2,120,0.19166666666666668,0.016666666666666666
2022-03-05T20:10:10,23,2,120,0.19166666666666668,0.016666666666666666
2022-03-05T20:18:36,23,2,120,0.19166666666666668,0.016666666666666666
2022-03-05T20:27:02,23,2,120,0.19166666666666668,0.016666666666666666
2022-03-05T20:35:28,23,2,120,0.19166666666666668,0.016666666666666666
2022-03-05T20:43:53,23,2,120,0.19166666666666668,0.016666666666666666
2022-03-05T20:52:19,23,2,120,0.19166666666666668,0.016666666666666666
2022-03-05T21:00:44,23,2,120,0.19166666666666668,0.016666666666666666
2022-03-05T21:09:10,23,2,120,0.19166666666666668,0.016666666666666666
2022-03-05T21:17:35,23,2,120,0.19166666666666668,0.016666666666666666
2022-03-05T21:26:01,23,2,120,0.19166666666666668,0.016666666666666666
2022-03-05T21:34:35,23,2,120,0.19166666666666668,0.016666666666666666
2022-03-05T21:43:01,23,2,120,0.19166666666666668,0.016666666666666666
2022-03-05T21:51:27,23,2,120,0.19166666666666668,0.016666666666666666
2022-03-05T21:59:52,23,2,120,0.19166666666666668,0.016666666666666666
2022-03-05T22:08:18,23,2,120,0.19166666666666668,0.016666666666666666
2022-03-05T22:16:44,23,2,120,0.19166666666666668,0.016666666666666666
2022-03-05T22:25:10,23,2,120,0.19166666666666668,0.016666666666666666
2022-03-05T22:33:35,23,2,120,0.19166666666666668,0.016666666666666666
2022-03-05T22:42:08,23,2,120,0.19166666666666668,0.016666666666666666
2022-03-05T22:50:34,23,2,120,0.19166666666666668,0.016666666666666666
2022-03-05T22:58:59,23,2,120,0.19166666666666668,0.016666666666666666
2022-03-05T23:07:25,23,2,120,0.19166666666666668,0.016666666666666666
2022-03-05T23:15:51,23,2,120,0.19166666666666668,0.016666666666666666
2022-03-05T23:24:16,23,2,120,0.19166666666666668,0.016666666666666666
2022-03-05T23:32:42,23,2,120,0.19166666666666668,0.016666666666666666
2022-03-05T23:41:08,23,2,120,0.19166666666666668,0.016666666666666666
2022-03-05T23:49:33,23,2,120,0.19166666666666668,0.016666666666666666
2022-03-05T23:57:59,23,2,120,0.19166666666666668,0.016666666666666666
2022-03-06T00:06:25,23,2,120,0.19166666666666668,0.016666666666666666
2022-03-06T00:14:51,23,2,120,0.19166666666666668,0.016666666666666666
2022-03-06T00:23:16,23,2,120,0.19166666666666668,0.016666666666666666
2022-03-06T00:31:43,23,2,120,0.19166666666666668,0.016666666666666666
2022-03-06T00:40:09,23,2,120,0.19166666666666668,0.016666666666666666
2022-03-06T00:48:35,23,2,120,0.19166666666666668,0.016666666666666666
2022-03-06T00:57:01,23,2,120,0.19166666666666668,0.016666666666666666
2022-03-06T01:05:26,23,2,120,0.19166666666666668,0.016666666666666666
2022-03-06T01:13:52,23,2,120,0.19166666666666668,0.016666666666666666
2022-03-06T01:22:18,23,2,120,0.19166666666666668,0.016666666666666666
2022-03-06T01:30:53,23,2,120,0.19166666666666668,0.016666666666666666
2022-03-06T01:39:19,23,2,120,0.19166666666666668,0.016666666666666666
2022-03-06T01:47:45,23,2,120,0.19166666666666668,0.016666666666666666
2022-03-06T01:56:11,23,2,120,0.19166666666666668,0.016666666666666666
2022-03-06T02:04:37,23,2,120,0.19166666666666668,0.016666666666666666
2022-03-06T02:13:03,23,2,120,0.19166666666666668,0.016666666666666666
2022-03-06T02:21:29,23,2,120,0.19166666666666668,0.016666666666666666
2022-03-06T02:29:55,23,2,120,0.19166666666666668,0.016666666666666666
2022-03-06T02:38:21,23,2,120,0.19166666666666668,0.016666666666666666
2022-03-06T02:46:47,23,2,120,0.19166666666666668,0.016666666666666666
2022-03-06T02:55:12,23,2,120,0.19166666666666668,0.016666666666666666
2022-03-06T03:03:38,23,2,120,0.19166666666666668,0.016666666666666666
2022-03-06T03:12:04,23,2,120,0.19166666666666668,0.016666666666666666
2022-03-06T03:20:30,23,2,120,0.19166666666666668,0.016666666666666666
2022-03-06T03:28:56,23,2,120,0.19166666666666668,0.016666666666666666
2022-03-06T03:37:22,23,2,120,0.19166666666666668,0.016666666666666666
2022-03-06T03:45:48,23,2,120,0.19166666666666668,0.016666666666666666
2022-03-06T03:54:14,23,2,120,0.19166666666666668,0.016666666666666666
2022-03-06T04:02:40,23,2,120,0.19166666666666668,0.016666666666666666
2022-03-06T11:21:40,23,2,120,0.19166666666666668,0.016666666666666666
2022-03-06T11:30:05,23,2,120,0.19166666666666668,0.016666666666666666
2022-03-06T11:38:31,23,2,120,0.19166666666666668,0.016666666666666666
2022-03-06T11:46:57,23,2,120,0.19166666666666668,0.016666666666666666
2022-03-06T11:55:23,23,2,120,0.19166666666666668,0.016666666666666666
2022-03-06T12:03:49,23,2,120,0.19166666666666668,0.016666666666666666
2022-03-06T12:12:14,23,2,120,0.19166666666666668,0.016666666666666666
2022-03-06T12:20:40,23,2,120,0.19166666666666668,0.016666666666666666
2022-03-06T12:29:06,23,2,120,0.19166666666666668,0.016666666666666666
2022-03-06T12:37:32,23,2,120,0.19166666666666668,0.016666666666666666
2022-03-06T12:45:57,23,2,120,0.19166666666666668,0.016666666666666666
2022-03-06T12:54:23,23,2,120,0.19166666666666668,0.016666666666666666
2022-03-06T13:02:48,23,2,120,0.19166666666666668,0.016666666666666666
2022-03-06T13:11:14,23,2,120,0.19166666666666668,0.016666666666666666
2022-03-06T13:19:40,23,2,120,0.19166666666666668,0.016666666666666666
2022-03-06T13:28:05,23,2,120,0.19166666666666668,0.016666666666666666
2022-03-06T13:36:38,23,2,120,0.19166666666666668,0.016666666666666666
2022-03-06T13:45:04,23,2,120,0.19166666666666668,0.016666666666666666
2022-03-06T13:53:29,23,2,120,0.19166666666666668,0.016666666666666666
2022-03-06T14:01:55,23,2,120,0.19166666666666668,0.016666666666666666
2022-03-06T14:10:21,23,2,120,0.19166666666666668,0.016666666666666666
2022-03-06T14:18:46,23,2,120,0.19166666666666668,0.016666666666666666
2022-03-06T14:27:12,23,2,120,0.19166666666666668,0.016666666666666666
2022-03-06T14:35:37,23,2,120,0.19166666666666668,0.016666666666666666
2022-03-06T14:44:03,23,2,120,0.19166666666666668,0.016666666666666666
2022-03-06T14:52:29,23,2,120,0.19166666666666668,0.016666666666666666
2022-03-06T15:00:54,23,2,120,0.19166666666666668,0.016666666666666666
2022-03-06T15:09:20,23,2,120,0.19166666666666668,0.016666666666666666
2022-03-06T15:17:46,23,2,120,0.19166666666666668,0.016666666666666666
2022-03-06T15:26:12,23,2,120,0.19166666666666668,0.016666666666666666
2022-03-06T15:34:37,23,2,120,0.19166666666666668,0.016666666666666666
2022-03-06T15:43:03,23,2,120,0.19166666666666668,0.016666666666666666
2022-03-06T15:51:29,23,2,120,0.19166666666666668,0.016666666666666666
2022-03-06T16:00:03,23,2,120,0.19166666666666668,0.016666666666666666
2022-03-06T16:08:29,23,2,120,0.19166666666666668,0.016666666666666666
2022-03-06T16:16:55,23,2,120,0.19166666666666668,0.016666666666666666
2022-03-06T16:25:21,23,2,120,0.19166666666666668,0.016666666666666666
2022-03-06T16:33:47,23,2,120,0.19166666666666668,0.016666666666666666
2022-03-06T16:42:12,23,2,120,0.19166666666666668,0.016666666666666666
2022-03-06T16:50:39,23,2,120,0.19166666666666668,0.016666666666666666
2022-03-06T16:59:04,23,2,120,0.19166666666666668,0.016666666666666666
2022-03-06T17:07:30,23,2,120,0.19166666666666668,0.016666666666666666
2022-03-06T17:15:56,23,2,120,0.19166666666666668,0.016666666666666666
2022-03-06T17:24:21,23,2,120,0.19166666666666668,0.016666666666666666
2022-03-06T17:32:47,23,2,120,0.19166666666666668,0.016666666666666666
2022-03-06T17:41:13,23,2,120,0.19166666666666668,0.016666666666666666
2022-03-06T17:49:48,23,2,120,0.19166666666666668,0.016666666666666666
2022-03-06T17:58:14,23,2,120,0.19166666666666668,0.016666666666666666
2022-03-06T18:06:39,23,2,120,0.19166666666666668,0.016666666666666666
2022-03-06T18:15:05,23,2,120,0.19166666666666668,0.016666666666666666
2022-03-06T18:23:31,23,2,120,0.19166666666666668,0.016666666666666666
2022-03-06T18:31:57,23,2,120,0.19166666666666668,0.016666666666666666
2022-03-06T18:40:22,23,2,120,0.19166666666666668,0.016666666666666666
2022-03-06T18:48:48,23,2,120,0.19166666666666668,0.016666666666666666
2022-03-06T18:57:13,23,2,120,0.19166666666666668,0.016666666666666666
2022-03-06T19:05:39,23,2,120,0.19166666666666668,0.016666666666666666
2022-03-06T19:14:05,23,2,120,0.19166666666666668,0.016666666666666666
2022-03-06T19:22:30,23,2,120,0.19166666666666668,0.016666666666666666
2022-03-06T19:30:56,23,2,120,0.19166666666666668,0.016666666666666666
2022-03-06T19:39:22,23,2,120,0.19166666666666668,0.016666666666666666
2022-03-06T19:47:55,23,2,120,0.19166666666666668,0.016666666666666666
2022-03-06T19:56:21,23,2,120,0.19166666666666668,0.016666666666666666
2022-03-06T20:04:47,23,2,120,0.19166666666666668,0.016666666666666666
2022-03-06T20:13:12,23,2,120,0.19166666666666668,0.016666666666666666
2022-03-06T20:21:38,23,2,120,0.19166666666666668,0.016666666666666666
2022-03-06T20:30:05,23,2,120,0.19166666666666668,0.016666666666666666
2022-03-06T20:38:31,23,2,120,0.19166666666666668,0.016666666666666666
2022-03-06T20:46:58,23,2,120,0.19166666666666668,0.016666666666666666
2022-03-06T20:55:24,23,2,120,0.19166666666666668,0.016666666666666666
2022-03-06T21:03:51,23,2,120,0.19166666666666668,0.016666666666666666
2022-03-06T21:12:18,23,2,120,0.19166666666666668,0.016666666666666666
2022-03-06T21:20:45,23,2,120,0.19166666666666668,0.016666666666666666
2022-03-06T21:29:11,23,2,120,0.19166666666666668,0.016666666666666666
2022-03-06T21:37:38,23,2,120,0.19166666666666668,0.016666666666666666
2022-03-06T21:46:05,23,2,120,0.19166666666666668,0.016666666666666666
2022-03-06T21:54:31,23,2,120,0.19166666666666668,0.016666666666666666
2022-03-06T22:03:07,23,2,120,0.19166666666666668,0.016666666666666666
2022-03-06T22:11:34,23,2,120,0.19166666666666668,0.016666666666666666
2022-03-06T22:20:00,23,2,120,0.19166666666666668,0.016666666666666666
2022-03-06T22:28:26,23,2,120,0.19166666666666668,0.016666666666666666
2022-03-06T22:36:52,23,2,120,0.19166666666666668,0.016666666666666666
2022-03-06T22:45:17,23,2,120,0.19166666666666668,0.016666666666666666
2022-03-06T22:53:43,23,2,120,0.19166666666666668,0.016666666666666666
2022-03-06T23:02:09,23,2,120,0.19166666666666668,0.016666666666666666
2022-03-06T23:10:34,23,2,120,0.19166666666666668,0.016666666666666666
2022-03-06T23:19:01,23,2,120,0.19166666666666668,0.016666666666666666
2022-03-06T23:27:27,23,2,120,0.19166666666666668,0.016666666666666666
2022-03-06T23:35:53,23,2,120,0.19166666666666668,0.016666666666666666
2022-03-06T23:44:19,23,2,120,0.19166666666666668,0.016666666666666666
2022-03-06T23:52:54,23,2,120,0.19166666666666668,0.016666666666666666
2022-03-07T00:01:20,23,2,120,0.19166666666666668,0.016666666666666666
2022-03-07T00:09:46,23,2,120,0.19166666666666668,0.016666666666666666
2022-03-07T00:18:13,23,2,120,0.19166666666666668,0.016666666666666666
2022-03-07T00:26:39,23,2,120,0.19166666666666668,0.016666666666666666
2022-03-07T00:35:05,23,2,120,0.19166666666666668,0.016666666666666666
2022-03-07T00:43:31,23,2,120,0.19166666666666668,0.016666666666666666
2022-03-07T00:51:57,23,2,120,0.19166666666666668,0.016666666666666666
2022-03-07T01:00:23,23,2,120,0.19166666666666668,0.016666666666666666
2022-03-07T01:08:50,23,2,120,0.19166666666666668,0.016666666666666666
2022-03-07T01:17:16,23,2,120,0.19166666666666668,0.016666666666666666
2022-03-07T01:25:42,23,2,120,0.19166666666666668,0.016666666666666666
2022-03-07T01:34:08,23,2,120,0.19166666666666668,0.016666666666666666
2022-03-07T01:42:34,23,2,120,0.19166666666666668,0.016666666666666666
2022-03-07T01:51:00,23,2,120,0.19166666666666668,0.016666666666666666
2022-03-07T01:59:26,23,2,120,0.19166666666666668,0.016666666666666666
2022-03-07T02:08:00,23,2,120,0.19166666666666668,0.016666666666666666
2022-03-07T02:16:27,23,2,120,0.19166666666666668,0.016666666666666666
2022-03-07T02:24:53,23,2,120,0.19166666666666668,0.016666666666666666
2022-03-07T02:33:19,23,2,120,0.19166666666666668,0.016666666666666666
2022-03-07T02:41:45,23,2,120,0.19166666666666668,0.016666666666666666
2022-03-07T02:50:19,23,2,120,0.19166666666666668,0.016666666666666666
2022-03-07T02:58:44,23,2,120,0.19166666666666668,0.016666666666666666
2022-03-07T03:07:10,23,2,120,0.19166666666666668,0.016666666666666666
2022-03-07T03:15:36,23,2,120,0.19166666666666668,0.016666666666666666
2022-03-07T03:24:02,23,2,120,0.19166666666666668,0.016666666666666666
2022-03-07T03:32:28,23,2,120,0.19166666666666668,0.016666666666666666
2022-03-07T03:40:54,23,2,120,0.19166666666666668,0.016666666666666666
2022-03-07T03:49:20,23,2,120,0.19166666666666668,0.016666666666666666
2022-03-07T03:57:46,23,2,120,0.19166666666666668,0.016666666666666666
2022-03-07T04:06:45,23,2,120,0.19166666666666668,0.016666666666666666
2022-03-07T04:21:07,23,2,120,0.19166666666666668,0.016666666666666666
2022-03-07T04:29:52,23,2,120,0.19166666666666668,0.016666666666666666
2022-03-07T04:38:19,23,2,120,0.19166666666666668,0.016666666666666666
2022-03-07T04:46:46,23,2,120,0.19166666666666668,0.016666666666666666
2022-03-07T04:55:12,23,2,120,0.19166666666666668,0.016666666666666666
2022-03-07T05:03:40,23,2,120,0.19166666666666668,0.016666666666666666
2022-03-07T05:12:06,23,2,120,0.19166666666666668,0.016666666666666666
2022-03-07T05:20:33,23,2,120,0.19166666666666668,0.016666666666666666
2022-03-07T05:28:59,23,2,120,0.19166666666666668,0.016666666666666666
2022-03-07T05:37:26,23,2,120,0.19166666666666668,0.016666666666666666
2022-03-07T05:45:52,23,2,120,0.19166666666666668,0.016666666666666666
2022-03-07T05:54:18,23,2,120,0.19166666666666668,0.016666666666666666
2022-03-07T06:02:44,23,2,120,0.19166666666666668,0.016666666666666666
2022-03-07T06:11:10,23,2,120,0.19166666666666668,0.016666666666666666
2022-03-07T06:19:37,23,2,120,0.19166666666666668,0.016666666666666666
2022-03-07T06:28:03,23,2,120,0.19166666666666668,0.016666666666666666
2022-03-07T06:36:29,23,2,120,0.19166666666666668,0.016666666666666666
2022-03-07T06:44:55,23,2,120,0.19166666666666668,0.016666666666666666
2022-03-07T06:53:20,23,2,120,0.19166666666666668,0.016666666666666666
2022-03-07T07:01:46,23,2,120,0.19166666666666668,0.016666666666666666
2022-03-07T07:10:12,23,2,120,0.19166666666666668,0.016666666666666666
2022-03-07T07:18:38,23,2,120,0.19166666666666668,0.016666666666666666
2022-03-07T07:27:04,23,2,120,0.19166666666666668,0.016666666666666666
2022-03-07T07:35:29,23,2,120,0.19166666666666668,0.016666666666666666
2022-03-07T07:43:55,23,2,120,0.19166666666666668,0.016666666666666666
2022-03-07T07:52:21,23,2,120,0.19166666666666668,0.016666666666666666
2022-03-07T08:00:47,23,2,120,0.19166666666666668,0.016666666666666666
2022-03-07T08:09:13,23,2,120,0.19166666666666668,0.016666666666666666
2022-03-07T08:17:38,23,2,120,0.19166666666666668,0.016666666666666666
2022-03-07T08:26:04,23,2,120,0.19166666666666668,0.016666666666666666
2022-03-07T08:34:30,23,2,120,0.19166666666666668,0.016666666666666666
2022-03-07T08:43:06,23,2,120,0.19166666666666668,0.016666666666666666
2022-03-07T08:51:31,23,2,120,0.19166666666666668,0.016666666666666666
2022-03-07T08:59:57,23,2,120,0.19166666666666668,0.016666666666666666
2022-03-07T09:08:23,23,2,120,0.19166666666666668,0.016666666666666666
2022-03-07T09:16:49,23,2,120,0.19166666666666668,0.016666666666666666
2022-03-07T09:25:15,23,2,120,0.19166666666666668,0.016666666666666666
2022-03-07T09:33:41,23,2,120,0.19166666666666668,0.016666666666666666
2022-03-07T09:42:07,23,2,120,0.19166666666666668,0.016666666666666666
2022-03-07T09:50:33,23,2,120,0.19166666666666668,0.016666666666666666
2022-03-07T09:58:59,23,2,120,0.19166666666666668,0.016666666666666666
2022-03-07T10:07:25,23,2,120,0.19166666666666668,0.016666666666666666
2022-03-07T10:15:51,23,2,120,0.19166666666666668,0.016666666666666666
2022-03-07T10:24:17,23,2,120,0.19166666666666668,0.016666666666666666
2022-03-07T10:32:43,23,2,120,0.19166666666666668,0.016666666666666666
2022-03-07T10:41:09,23,2,120,0.19166666666666668,0.016666666666666666
2022-03-07T10:49:46,23,2,120,0.19166666666666668,0.016666666666666666
2022-03-07T10:58:12,23,2,120,0.19166666666666668,0.016666666666666666
2022-03-07T11:06:38,23,2,120,0.19166666666666668,0.016666666666666666
2022-03-07T11:15:04,23,2,120,0.19166666666666668,0.016666666666666666
2022-03-07T11:23:30,23,2,120,0.19166666666666668,0.016666666666666666
2022-03-07T11:31:56,23,2,120,0.19166666666666668,0.016666666666666666
2022-03-07T11:40:22,23,2,120,0.19166666666666668,0.016666666666666666
2022-03-07T11:48:48,23,2,120,0.19166666666666668,0.016666666666666666
2022-03-07T11:57:13,23,2,120,0.19166666666666668,0.016666666666666666
2022-03-07T12:05:50,23,2,120,0.19166666666666668,0.016666666666666666
2022-03-07T12:14:16,23,2,120,0.19166666666666668,0.016666666666666666
2022-03-07T12:22:42,23,2,120,0.19166666666666668,0.016666666666666666
2022-03-07T12:31:07,23,2,120,0.19166666666666668,0.016666666666666666
2022-03-07T12:39:33,23,2,120,0.19166666666666668,0.016666666666666666
2022-03-07T12:47:59,23,2,120,0.19166666666666668,0.016666666666666666
2022-03-07T12:56:25,23,2,120,0.19166666666666668,0.016666666666666666
2022-03-07T13:04:51,23,2,120,0.19166666666666668,0.016666666666666666
2022-03-07T13:13:17,23,2,120,0.19166666666666668,0.016666666666666666
2022-03-07T13:21:43,23,2,120,0.19166666666666668,0.016666666666666666
2022-03-07T13:30:19,23,2,120,0.19166666666666668,0.016666666666666666
2022-03-07T13:38:45,23,2,120,0.19166666666666668,0.016666666666666666
2022-03-07T13:47:11,23,2,120,0.19166666666666668,0.016666666666666666
2022-03-07T13:55:37,23,2,120,0.19166666666666668,0.016666666666666666
2022-03-07T14:04:03,23,2,120,0.19166666666666668,0.016666666666666666
2022-03-07T14:12:29,23,2,120,0.19166666666666668,0.016666666666666666
2022-03-07T14:20:55,23,2,120,0.19166666666666668,0.016666666666666666
2022-03-07T14:29:21,23,2,120,0.19166666666666668,0.016666666666666666
2022-03-07T14:37:47,23,2,120,0.19166666666666668,0.016666666666666666
2022-03-07T14:46:17,23,2,120,0.19166666666666668,0.016666666666666666
2022-03-07T14:54:43,23,2,120,0.19166666666666668,0.016666666666666666
2022-03-07T15:03:09,23,2,120,0.19166666666666668,0.016666666666666666
2022-03-07T15:11:35,23,2,120,0.19166666666666668,0.016666666666666666
2022-03-07T15:20:01,23,2,120,0.19166666666666668,0.016666666666666666
2022-03-07T15:28:27,23,2,120,0.19166666666666668,0.016666666666666666
2022-03-07T15:36:54,23,2,120,0.19166666666666668,0.016666666666666666
2022-03-07T15:45:20,23,2,120,0.19166666666666668,0.016666666666666666
2022-03-07T15:53:45,23,2,120,0.19166666666666668,0.016666666666666666
2022-03-07T16:02:11,23,2,120,0.19166666666666668,0.016666666666666666
2022-03-07T16:10:48,23,2,120,0.19166666666666668,0.016666666666666666
2022-03-07T16:19:14,23,2,120,0.19166666666666668,0.016666666666666666
2022-03-07T16:27:40,23,2,120,0.19166666666666668,0.016666666666666666
2022-03-07T16:36:06,23,2,120,0.19166666666666668,0.016666666666666666
2022-03-07T16:44:32,23,2,120,0.19166666666666668,0.016666666666666666
2022-03-07T16:52:58,23,2,120,0.19166666666666668,0.016666666666666666
2022-03-07T17:01:24,23,2,120,0.19166666666666668,0.016666666666666666
2022-03-07T17:09:50,23,2,120,0.19166666666666668,0.016666666666666666
2022-03-07T17:18:16,23,2,120,0.19166666666666668,0.016666666666666666
2022-03-07T17:26:51,23,2,120,0.19166666666666668,0.016666666666666666
2022-03-07T17:35:17,23,2,120,0.19166666666666668,0.016666666666666666
2022-03-07T17:43:43,23,2,120,0.19166666666666668,0.016666666666666666
2022-03-07T17:52:09,23,2,120,0.19166666666666668,0.016666666666666666
2022-03-07T18:00:34,23,2,120,0.19166666666666668,0.016666666666666666
2022-03-07T18:09:00,23,2,120,0.19166666666666668,0.016666666666666666
2022-03-07T18:17:26,23,2,120,0.19166666666666668,0.016666666666666666
2022-03-07T18:25:52,23,2,120,0.19166666666666668,0.016666666666666666
2022-03-07T18:34:17,23,2,120,0.19166666666666668,0.016666666666666666
2022-03-07T18:42:50,23,2,120,0.19166666666666668,0.016666666666666666
2022-03-07T18:51:16,23,2,120,0.19166666666666668,0.016666666666666666
2022-03-07T18:59:42,23,2,120,0.19166666666666668,0.016666666666666666
2022-03-07T19:08:08,23,2,120,0.19166666666666668,0.016666666666666666
2022-03-07T19:16:33,23,2,120,0.19166666666666668,0.016666666666666666
2022-03-07T19:24:59,23,2,120,0.19166666666666668,0.016666666666666666
2022-03-07T19:33:25,23,2,120,0.19166666666666668,0.016666666666666666
2022-03-07T19:41:51,23,2,120,0.19166666666666668,0.016666666666666666
2022-03-07T19:50:17,23,2,120,0.19166666666666668,0.016666666666666666
2022-03-07T19:58:43,23,2,120,0.19166666666666668,0.016666666666666666
2022-03-07T20:07:08,23,2,120,0.19166666666666668,0.016666666666666666
2022-03-07T20:15:46,23,2,120,0.19166666666666668,0.016666666666666666
2022-03-07T20:24:13,23,2,120,0.19166666666666668,0.016666666666666666
2022-03-07T20:32:39,23,2,120,0.19166666666666668,0.016666666666666666
2022-03-07T20:41:06,23,2,120,0.19166666666666668,0.016666666666666666
2022-03-07T20:49:33,23,2,120,0.19166666666666668,0.016666666666666666
2022-03-07T20:57:59,23,2,120,0.19166666666666668,0.016666666666666666
2022-03-07T21:06:26,23,2,120,0.19166666666666668,0.016666666666666666
2022-03-07T21:14:53,24,2,120,0.2,0.016666666666666666
2022-03-07T21:23:19,24,2,120,0.2,0.016666666666666666
2022-03-07T21:31:46,24,2,120,0.2,0.016666666666666666
2022-03-07T21:40:13,24,2,120,0.2,0.016666666666666666
2022-03-07T21:48:39,24,2,120,0.2,0.016666666666666666
2022-03-07T21:57:13,24,2,120,0.2,0.016666666666666666
2022-03-07T22:05:39,24,2,120,0.2,0.016666666666666666
2022-03-07T22:14:05,24,2,120,0.2,0.016666666666666666
2022-03-07T22:22:30,24,2,120,0.2,0.016666666666666666
2022-03-07T22:30:56,24,2,120,0.2,0.016666666666666666
2022-03-07T22:39:22,24,2,120,0.2,0.016666666666666666
2022-03-07T22:47:48,24,2,120,0.2,0.016666666666666666
2022-03-07T22:56:13,24,2,120,0.2,0.016666666666666666
2022-03-07T23:04:39,24,2,120,0.2,0.016666666666666666
2022-03-07T23:13:05,24,2,120,0.2,0.016666666666666666
2022-03-07T23:21:33,24,2,120,0.2,0.016666666666666666
2022-03-07T23:30:00,24,2,120,0.2,0.016666666666666666
2022-03-07T23:38:35,24,2,120,0.2,0.016666666666666666
2022-03-07T23:47:01,24,2,120,0.2,0.016666666666666666
2022-03-07T23:55:26,24,2,120,0.2,0.016666666666666666
2022-03-08T00:03:53,24,2,120,0.2,0.016666666666666666
2022-03-08T00:12:19,24,2,120,0.2,0.016666666666666666
2022-03-08T00:20:45,24,2,120,0.2,0.016666666666666666
2022-03-08T00:29:11,24,2,120,0.2,0.016666666666666666
2022-03-08T00:37:37,24,2,120,0.2,0.016666666666666666
2022-03-08T00:46:03,24,2,120,0.2,0.016666666666666666
2022-03-08T00:54:29,24,2,120,0.2,0.016666666666666666
2022-03-08T01:02:55,24,2,120,0.2,0.016666666666666666
2022-03-08T01:11:21,24,2,120,0.2,0.016666666666666666
2022-03-08T01:19:47,24,2,120,0.2,0.016666666666666666
2022-03-08T01:28:13,24,2,120,0.2,0.016666666666666666
2022-03-08T01:36:39,24,2,120,0.2,0.016666666666666666
2022-03-08T01:45:04,24,2,120,0.2,0.016666666666666666
2022-03-08T01:53:31,24,2,120,0.2,0.016666666666666666
2022-03-08T02:02:07,24,2,120,0.2,0.016666666666666666
2022-03-08T02:10:33,24,2,120,0.2,0.016666666666666666
2022-03-08T02:18:59,24,2,120,0.2,0.016666666666666666
2022-03-08T02:27:24,24,2,120,0.2,0.016666666666666666
2022-03-08T02:35:50,24,2,120,0.2,0.016666666666666666
2022-03-08T02:44:15,24,2,120,0.2,0.016666666666666666
2022-03-08T02:52:41,24,2,120,0.2,0.016666666666666666
2022-03-08T03:01:06,24,2,120,0.2,0.016666666666666666
2022-03-08T03:09:32,24,2,120,0.2,0.016666666666666666
2022-03-08T03:17:57,24,2,120,0.2,0.016666666666666666
2022-03-08T03:26:23,24,2,120,0.2,0.016666666666666666
2022-03-08T03:34:49,24,2,120,0.2,0.016666666666666666
2022-03-08T03:43:16,24,2,120,0.2,0.016666666666666666
2022-03-08T03:51:42,24,2,120,0.2,0.016666666666666666
2022-03-08T04:00:08,24,2,120,0.2,0.016666666666666666
2022-03-08T04:16:23,24,2,120,0.2,0.016666666666666666
2022-03-08T04:25:49,24,2,120,0.2,0.016666666666666666
2022-03-08T04:34:28,24,2,120,0.2,0.016666666666666666
2022-03-08T04:42:54,24,2,120,0.2,0.016666666666666666
2022-03-08T04:51:20,24,2,120,0.2,0.016666666666666666
2022-03-08T04:59:47,24,2,120,0.2,0.016666666666666666
2022-03-08T05:08:13,24,2,120,0.2,0.016666666666666666
2022-03-08T05:16:40,24,2,120,0.2,0.016666666666666666
2022-03-08T05:25:06,24,2,120,0.2,0.016666666666666666
2022-03-08T05:33:32,24,2,120,0.2,0.016666666666666666
2022-03-08T05:41:59,24,2,120,0.2,0.016666666666666666
2022-03-08T05:50:25,24,2,120,0.2,0.016666666666666666
2022-03-08T05:58:53,24,2,120,0.2,0.016666666666666666
2022-03-08T06:07:19,24,2,120,0.2,0.016666666666666666
2022-03-08T06:15:45,24,2,120,0.2,0.016666666666666666
2022-03-08T06:24:12,24,2,120,0.2,0.016666666666666666
2022-03-08T06:32:38,24,2,120,0.2,0.016666666666666666
2022-03-08T06:41:05,24,2,120,0.2,0.016666666666666666
2022-03-08T06:49:31,24,2,120,0.2,0.016666666666666666
2022-03-08T06:57:57,24,2,120,0.2,0.016666666666666666
2022-03-08T07:06:23,24,2,120,0.2,0.016666666666666666
2022-03-08T07:14:48,24,2,120,0.2,0.016666666666666666
2022-03-08T07:23:14,24,2,120,0.2,0.016666666666666666
2022-03-08T07:31:40,24,2,120,0.2,0.016666666666666666
2022-03-08T07:40:06,24,2,120,0.2,0.016666666666666666
2022-03-08T07:48:32,24,2,120,0.2,0.016666666666666666
2022-03-08T07:56:58,24,2,120,0.2,0.016666666666666666
2022-03-08T08:05:23,24,2,120,0.2,0.016666666666666666
2022-03-08T08:13:49,24,2,120,0.2,0.016666666666666666
2022-03-08T08:22:15,24,2,120,0.2,0.016666666666666666
2022-03-08T08:30:41,24,2,120,0.2,0.016666666666666666
2022-03-08T08:39:25,24,2,120,0.2,0.016666666666666666
2022-03-08T08:47:51,24,2,120,0.2,0.016666666666666666
2022-03-08T08:56:20,24,2,120,0.2,0.016666666666666666
2022-03-08T09:04:49,24,2,120,0.2,0.016666666666666666
2022-03-08T09:13:17,24,2,120,0.2,0.016666666666666666
2022-03-08T09:21:47,24,2,120,0.2,0.016666666666666666
2022-03-08T09:30:17,24,2,120,0.2,0.016666666666666666
2022-03-08T09:38:46,24,2,120,0.2,0.016666666666666666
2022-03-08T09:47:15,24,2,120,0.2,0.016666666666666666
2022-03-08T09:55:45,24,2,120,0.2,0.016666666666666666
2022-03-08T10:04:14,24,2,120,0.2,0.016666666666666666
2022-03-08T10:12:43,24,2,120,0.2,0.016666666666666666
2022-03-08T10:21:22,24,2,120,0.2,0.016666666666666666
2022-03-08T10:29:51,24,2,120,0.2,0.016666666666666666
2022-03-08T10:38:20,24,2,120,0.2,0.016666666666666666
2022-03-08T10:46:49,24,2,120,0.2,0.016666666666666666
2022-03-08T10:55:18,24,2,120,0.2,0.016666666666666666
2022-03-08T11:03:47,24,2,120,0.2,0.016666666666666666
2022-03-08T11:12:16,24,2,120,0.2,0.016666666666666666
2022-03-08T11:20:53,24,2,120,0.2,0.016666666666666666
2022-03-08T11:29:22,24,2,120,0.2,0.016666666666666666
2022-03-08T11:37:51,24,2,120,0.2,0.016666666666666666
2022-03-08T11:46:19,24,2,120,0.2,0.016666666666666666
2022-03-08T11:54:48,24,2,120,0.2,0.016666666666666666
2022-03-08T12:03:18,24,2,120,0.2,0.016666666666666666
2022-03-08T12:12:04,24,2,120,0.2,0.016666666666666666
2022-03-08T12:20:33,24,2,120,0.2,0.016666666666666666
2022-03-08T12:29:02,24,2,120,0.2,0.016666666666666666
2022-03-08T12:37:31,24,2,120,0.2,0.016666666666666666
2022-03-08T12:46:00,24,2,120,0.2,0.016666666666666666
2022-03-08T12:54:29,24,2,120,0.2,0.016666666666666666
2022-03-08T13:03:12,24,2,120,0.2,0.016666666666666666
2022-03-08T13:11:41,24,2,120,0.2,0.016666666666666666
2022-03-08T13:20:10,24,2,120,0.2,0.016666666666666666
2022-03-08T13:28:39,24,2,120,0.2,0.016666666666666666
2022-03-08T13:37:08,24,2,120,0.2,0.016666666666666666
2022-03-08T13:45:37,24,2,120,0.2,0.016666666666666666
2022-03-08T13:54:06,24,2,120,0.2,0.016666666666666666
2022-03-08T14:02:36,24,2,120,0.2,0.016666666666666666
2022-03-08T14:11:15,24,2,120,0.2,0.016666666666666666
2022-03-08T14:19:44,24,2,120,0.2,0.016666666666666666
2022-03-08T14:28:13,24,2,120,0.2,0.016666666666666666
2022-03-08T14:36:43,24,2,120,0.2,0.016666666666666666
2022-03-08T14:45:12,24,2,120,0.2,0.016666666666666666
2022-03-08T14:54:02,24,2,120,0.2,0.016666666666666666
2022-03-08T15:02:31,24,2,120,0.2,0.016666666666666666
2022-03-08T15:11:00,24,2,120,0.2,0.016666666666666666
2022-03-08T15:19:29,24,2,120,0.2,0.016666666666666666
2022-03-08T15:27:58,24,2,120,0.2,0.016666666666666666
2022-03-08T15:36:35,24,2,120,0.2,0.016666666666666666
2022-03-08T15:45:04,24,2,120,0.2,0.016666666666666666
2022-03-08T15:53:33,24,2,120,0.2,0.016666666666666666
2022-03-08T16:02:02,24,2,120,0.2,0.016666666666666666
2022-03-08T16:10:31,24,2,120,0.2,0.016666666666666666
2022-03-08T16:19:00,24,2,120,0.2,0.016666666666666666
2022-03-08T16:27:40,24,2,120,0.2,0.016666666666666666
2022-03-08T16:36:09,24,2,120,0.2,0.016666666666666666
2022-03-08T16:44:38,24,2,120,0.2,0.016666666666666666
2022-03-08T16:53:07,24,2,120,0.2,0.016666666666666666
2022-03-08T17:01:35,24,2,120,0.2,0.016666666666666666
2022-03-08T17:10:04,24,2,120,0.2,0.016666666666666666
2022-03-08T17:18:33,24,2,120,0.2,0.016666666666666666
2022-03-08T17:27:26,24,2,120,0.2,0.016666666666666666
2022-03-08T17:35:54,24,2,120,0.2,0.016666666666666666
2022-03-08T17:44:23,24,2,120,0.2,0.016666666666666666
2022-03-08T17:52:52,24,2,120,0.2,0.016666666666666666
2022-03-08T18:01:21,24,2,120,0.2,0.016666666666666666
2022-03-08T18:09:50,24,2,120,0.2,0.016666666666666666
2022-03-08T18:18:19,24,2,120,0.2,0.016666666666666666
2022-03-08T18:26:47,24,2,120,0.2,0.016666666666666666
2022-03-08T18:35:16,24,2,120,0.2,0.016666666666666666
2022-03-08T18:43:45,24,2,120,0.2,0.016666666666666666
2022-03-08T18:52:24,24,2,120,0.2,0.016666666666666666
2022-03-08T19:00:52,24,2,120,0.2,0.016666666666666666
2022-03-08T19:09:21,24,2,120,0.2,0.016666666666666666
2022-03-08T19:17:50,24,2,120,0.2,0.016666666666666666
2022-03-08T19:26:19,24,2,120,0.2,0.016666666666666666
2022-03-08T19:34:48,24,2,120,0.2,0.016666666666666666
2022-03-08T19:43:16,24,2,120,0.2,0.016666666666666666
2022-03-08T19:51:45,24,2,120,0.2,0.016666666666666666
2022-03-08T20:00:14,24,2,120,0.2,0.016666666666666666
2022-03-08T20:08:43,24,2,120,0.2,0.016666666666666666
2022-03-08T20:17:20,24,2,120,0.2,0.016666666666666666
2022-03-08T20:25:49,24,2,120,0.2,0.016666666666666666
2022-03-08T20:34:18,24,2,120,0.2,0.016666666666666666
2022-03-08T20:42:47,24,2,120,0.2,0.016666666666666666
2022-03-08T20:51:16,24,2,120,0.2,0.016666666666666666
2022-03-08T20:59:44,24,2,120,0.2,0.016666666666666666
2022-03-08T21:08:13,24,2,120,0.2,0.016666666666666666
2022-03-08T21:16:42,24,2,120,0.2,0.016666666666666666
2022-03-08T21:25:11,24,2,120,0.2,0.016666666666666666
2022-03-08T21:33:47,24,2,120,0.2,0.016666666666666666
2022-03-08T21:42:16,24,2,120,0.2,0.016666666666666666
2022-03-08T21:50:45,24,2,120,0.2,0.016666666666666666
2022-03-08T21:59:13,24,2,120,0.2,0.016666666666666666
2022-03-08T22:07:42,24,2,120,0.2,0.016666666666666666
2022-03-08T22:16:11,24,2,120,0.2,0.016666666666666666
2022-03-08T22:24:40,24,2,120,0.2,0.016666666666666666
2022-03-08T22:33:08,24,2,120,0.2,0.016666666666666666
2022-03-08T22:41:47,24,2,120,0.2,0.016666666666666666
2022-03-08T22:50:16,24,2,120,0.2,0.016666666666666666
2022-03-08T22:58:44,24,2,120,0.2,0.016666666666666666
2022-03-08T23:07:13,24,2,120,0.2,0.016666666666666666
2022-03-08T23:15:42,24,2,120,0.2,0.016666666666666666
2022-03-08T23:24:15,24,2,120,0.2,0.016666666666666666
2022-03-08T23:32:44,24,2,120,0.2,0.016666666666666666
2022-03-08T23:41:13,24,2,120,0.2,0.016666666666666666
2022-03-08T23:50:00,24,2,120,0.2,0.016666666666666666
2022-03-08T23:58:29,24,2,120,0.2,0.016666666666666666
2022-03-09T00:06:58,24,2,120,0.2,0.016666666666666666
2022-03-09T00:15:27,24,2,120,0.2,0.016666666666666666
2022-03-09T00:23:56,24,2,120,0.2,0.016666666666666666
2022-03-09T00:32:25,24,2,120,0.2,0.016666666666666666
2022-03-09T00:40:54,24,2,120,0.2,0.016666666666666666
2022-03-09T00:49:23,24,2,120,0.2,0.016666666666666666
2022-03-09T00:57:53,24,2,120,0.2,0.016666666666666666
2022-03-09T01:06:22,24,2,120,0.2,0.016666666666666666
2022-03-09T01:14:51,24,2,120,0.2,0.016666666666666666
2022-03-09T01:23:20,24,2,120,0.2,0.016666666666666666
2022-03-09T01:32:06,24,2,120,0.2,0.016666666666666666
2022-03-09T01:40:35,24,2,120,0.2,0.016666666666666666
2022-03-09T01:49:03,24,2,120,0.2,0.016666666666666666
2022-03-09T01:57:32,24,2,120,0.2,0.016666666666666666
2022-03-09T02:06:01,24,2,120,0.2,0.016666666666666666
2022-03-09T02:14:31,24,2,120,0.2,0.016666666666666666
2022-03-09T02:23:00,24,2,120,0.2,0.016666666666666666
2022-03-09T02:31:29,24,2,120,0.2,0.016666666666666666
2022-03-09T02:39:59,24,2,120,0.2,0.016666666666666666
2022-03-09T02:48:28,24,2,120,0.2,0.016666666666666666
2022-03-09T02:56:57,24,2,120,0.2,0.016666666666666666
2022-03-09T03:05:26,24,2,120,0.2,0.016666666666666666
2022-03-09T03:13:54,24,2,120,0.2,0.016666666666666666
2022-03-09T03:22:23,24,2,120,0.2,0.016666666666666666
2022-03-09T03:30:52,24,2,120,0.2,0.016666666666666666
2022-03-09T03:39:20,24,2,120,0.2,0.016666666666666666
2022-03-09T03:47:57,24,2,120,0.2,0.016666666666666666
2022-03-09T03:56:26,24,2,120,0.2,0.016666666666666666
2022-03-09T04:04:55,24,2,120,0.2,0.016666666666666666
2022-03-09T04:13:24,24,2,120,0.2,0.016666666666666666
2022-03-09T11:08:29,24,2,120,0.2,0.016666666666666666
2022-03-09T11:17:11,24,2,120,0.2,0.016666666666666666
2022-03-09T11:25:43,24,2,120,0.2,0.016666666666666666
2022-03-09T11:34:15,24,2,120,0.2,0.016666666666666666
2022-03-09T11:42:47,24,2,120,0.2,0.016666666666666666
2022-03-09T11:51:19,24,2,120,0.2,0.016666666666666666
2022-03-09T11:59:51,24,2,120,0.2,0.016666666666666666
2022-03-09T12:08:23,24,2,120,0.2,0.016666666666666666
2022-03-09T12:16:55,24,2,120,0.2,0.016666666666666666
2022-03-09T12:25:27,24,2,120,0.2,0.016666666666666666
2022-03-09T12:33:58,24,2,120,0.2,0.016666666666666666
2022-03-09T12:42:30,24,2,120,0.2,0.016666666666666666
2022-03-09T12:51:02,24,2,120,0.2,0.016666666666666666
2022-03-09T12:59:34,24,2,120,0.2,0.016666666666666666
2022-03-09T13:08:17,24,2,120,0.2,0.016666666666666666
2022-03-09T13:16:50,24,2,120,0.2,0.016666666666666666
2022-03-09T13:25:22,24,2,120,0.2,0.016666666666666666
2022-03-09T13:33:54,24,2,120,0.2,0.016666666666666666
2022-03-09T13:42:26,24,2,120,0.2,0.016666666666666666
2022-03-09T13:50:58,24,2,120,0.2,0.016666666666666666
2022-03-09T13:59:30,24,2,120,0.2,0.016666666666666666
2022-03-09T14:08:02,24,2,120,0.2,0.016666666666666666
2022-03-09T14:16:34,24,2,120,0.2,0.016666666666666666
2022-03-09T14:25:06,24,2,120,0.2,0.016666666666666666
2022-03-09T14:33:38,24,2,120,0.2,0.016666666666666666
2022-03-09T14:42:10,24,2,120,0.2,0.016666666666666666
2022-03-09T14:50:42,24,2,120,0.2,0.016666666666666666
2022-03-09T14:59:25,24,2,120,0.2,0.016666666666666666
2022-03-09T15:07:57,24,2,120,0.2,0.016666666666666666
2022-03-09T15:16:29,24,2,120,0.2,0.016666666666666666
2022-03-09T15:25:01,24,2,120,0.2,0.016666666666666666
2022-03-09T15:33:33,24,2,120,0.2,0.016666666666666666
2022-03-09T15:42:05,24,2,120,0.2,0.016666666666666666
2022-03-09T15:50:37,24,2,120,0.2,0.016666666666666666
2022-03-09T15:59:09,24,2,120,0.2,0.016666666666666666
2022-03-09T16:07:41,24,2,120,0.2,0.016666666666666666
2022-03-09T16:16:12,24,2,120,0.2,0.016666666666666666
2022-03-09T16:24:44,24,2,120,0.2,0.016666666666666666
2022-03-09T16:33:16,24,2,120,0.2,0.016666666666666666
2022-03-09T16:41:58,24,2,120,0.2,0.016666666666666666
2022-03-09T16:50:30,24,2,120,0.2,0.016666666666666666
2022-03-09T16:59:02,24,2,120,0.2,0.016666666666666666
2022-03-09T17:07:34,24,2,120,0.2,0.016666666666666666
2022-03-09T17:16:06,24,2,120,0.2,0.016666666666666666
2022-03-09T17:24:38,24,2,120,0.2,0.016666666666666666
2022-03-09T17:33:09,24,2,120,0.2,0.016666666666666666
2022-03-09T17:41:41,24,2,120,0.2,0.016666666666666666
2022-03-09T17:50:13,24,2,120,0.2,0.016666666666666666
2022-03-09T17:58:45,24,2,120,0.2,0.016666666666666666
2022-03-09T18:07:16,24,2,120,0.2,0.016666666666666666
2022-03-09T18:15:48,24,2,120,0.2,0.016666666666666666
2022-03-09T18:24:20,24,2,120,0.2,0.016666666666666666
2022-03-09T18:32:52,24,2,120,0.2,0.016666666666666666
2022-03-09T18:41:24,24,2,120,0.2,0.016666666666666666
2022-03-09T18:49:56,24,2,120,0.2,0.016666666666666666
2022-03-09T18:58:27,24,2,120,0.2,0.016666666666666666
2022-03-09T19:06:59,24,2,120,0.2,0.016666666666666666
2022-03-09T19:15:31,24,2,120,0.2,0.016666666666666666
2022-03-09T19:24:03,24,2,120,0.2,0.016666666666666666
2022-03-09T19:32:42,24,2,120,0.2,0.016666666666666666
2022-03-09T19:41:14,24,2,120,0.2,0.016666666666666666
2022-03-09T19:49:45,24,2,120,0.2,0.016666666666666666
2022-03-09T19:58:17,24,2,120,0.2,0.016666666666666666
2022-03-09T20:06:49,24,2,120,0.2,0.016666666666666666
2022-03-09T20:15:21,24,2,120,0.2,0.016666666666666666
2022-03-09T20:23:52,24,2,120,0.2,0.016666666666666666
2022-03-09T20:32:24,24,2,120,0.2,0.016666666666666666
2022-03-09T20:40:56,24,2,120,0.2,0.016666666666666666
2022-03-09T20:49:28,24,2,120,0.2,0.016666666666666666
2022-03-09T20:57:59,24,2,120,0.2,0.016666666666666666
2022-03-09T21:06:31,24,2,120,0.2,0.016666666666666666
2022-03-09T21:15:03,24,2,120,0.2,0.016666666666666666
2022-03-09T21:23:35,24,2,120,0.2,0.016666666666666666
2022-03-09T21:32:06,24,2,120,0.2,0.016666666666666666
2022-03-09T21:40:38,24,2,120,0.2,0.016666666666666666
2022-03-09T21:49:10,24,2,120,0.2,0.016666666666666666
2022-03-09T21:57:42,24,2,120,0.2,0.016666666666666666
2022-03-09T22:06:14,24,2,120,0.2,0.016666666666666666
2022-03-09T22:14:46,24,2,120,0.2,0.016666666666666666
2022-03-09T22:23:19,24,2,120,0.2,0.016666666666666666
2022-03-09T22:31:51,24,2,120,0.2,0.016666666666666666
2022-03-09T22:40:31,24,2,120,0.2,0.016666666666666666
2022-03-09T22:49:03,24,2,120,0.2,0.016666666666666666
2022-03-09T22:57:35,24,2,120,0.2,0.016666666666666666
2022-03-09T23:06:07,24,2,120,0.2,0.016666666666666666
2022-03-09T23:14:38,24,2,120,0.2,0.016666666666666666
2022-03-09T23:23:10,24,2,120,0.2,0.016666666666666666
2022-03-09T23:31:42,24,2,120,0.2,0.016666666666666666
2022-03-09T23:40:14,24,2,120,0.2,0.016666666666666666
2022-03-09T23:48:45,24,2,120,0.2,0.016666666666666666
2022-03-09T23:57:17,24,2,120,0.2,0.016666666666666666
2022-03-10T00:05:49,24,2,120,0.2,0.016666666666666666
2022-03-10T00:14:21,24,2,120,0.2,0.016666666666666666
2022-03-10T00:22:53,24,2,120,0.2,0.016666666666666666
2022-03-10T00:31:25,24,2,120,0.2,0.016666666666666666
2022-03-10T00:39:57,24,2,120,0.2,0.016666666666666666
2022-03-10T00:48:29,24,2,120,0.2,0.016666666666666666
2022-03-10T00:57:02,24,2,120,0.2,0.016666666666666666
2022-03-10T01:05:34,24,2,120,0.2,0.016666666666666666
2022-03-10T01:14:06,24,2,120,0.2,0.016666666666666666
2022-03-10T01:22:38,24,2,120,0.2,0.016666666666666666
2022-03-10T01:31:10,24,2,120,0.2,0.016666666666666666
2022-03-10T01:39:42,24,2,120,0.2,0.016666666666666666
2022-03-10T01:48:14,24,2,120,0.2,0.016666666666666666
2022-03-10T01:56:46,24,2,120,0.2,0.016666666666666666
2022-03-10T02:05:18,24,2,120,0.2,0.016666666666666666
2022-03-10T02:13:49,24,2,120,0.2,0.016666666666666666
2022-03-10T02:22:21,24,2,120,0.2,0.016666666666666666
2022-03-10T02:30:53,24,2,120,0.2,0.016666666666666666
2022-03-10T02:39:24,24,2,120,0.2,0.016666666666666666
2022-03-10T02:47:56,24,2,120,0.2,0.016666666666666666
2022-03-10T02:56:28,24,2,120,0.2,0.016666666666666666
2022-03-10T03:05:00,24,2,120,0.2,0.016666666666666666
2022-03-10T03:13:33,24,2,120,0.2,0.016666666666666666
2022-03-10T03:22:05,24,2,120,0.2,0.016666666666666666
2022-03-10T03:30:37,24,2,120,0.2,0.016666666666666666
2022-03-10T03:39:09,24,2,120,0.2,0.016666666666666666
2022-03-10T03:47:41,24,2,120,0.2,0.016666666666666666
2022-03-10T03:56:13,24,2,120,0.2,0.016666666666666666
2022-03-10T04:04:45,24,2,120,0.2,0.016666666666666666
2022-03-10T11:31:43,24,2,120,0.2,0.016666666666666666
2022-03-10T11:40:16,24,2,120,0.2,0.016666666666666666
2022-03-10T11:48:50,24,2,120,0.2,0.016666666666666666
2022-03-10T11:57:23,24,2,120,0.2,0.016666666666666666
2022-03-10T12:05:55,24,2,120,0.2,0.016666666666666666
2022-03-10T12:14:36,24,2,120,0.2,0.016666666666666666
2022-03-10T12:23:09,24,2,120,0.2,0.016666666666666666
2022-03-10T12:31:41,24,2,120,0.2,0.016666666666666666
2022-03-10T12:40:13,24,2,120,0.2,0.016666666666666666
2022-03-10T12:48:45,24,2,120,0.2,0.016666666666666666
2022-03-10T12:57:17,24,2,120,0.2,0.016666666666666666
2022-03-10T13:05:49,24,2,120,0.2,0.016666666666666666
2022-03-10T13:14:21,24,2,120,0.2,0.016666666666666666
2022-03-10T13:22:53,24,2,120,0.2,0.016666666666666666
2022-03-10T13:31:25,24,2,120,0.2,0.016666666666666666
2022-03-10T13:39:57,24,2,120,0.2,0.016666666666666666
2022-03-10T13:48:29,24,2,120,0.2,0.016666666666666666
2022-03-10T13:57:01,24,2,120,0.2,0.016666666666666666
2022-03-10T14:05:34,24,2,120,0.2,0.016666666666666666
2022-03-10T14:14:16,24,2,120,0.2,0.016666666666666666
2022-03-10T14:22:48,24,2,120,0.2,0.016666666666666666
2022-03-10T14:31:20,24,2,120,0.2,0.016666666666666666
2022-03-10T14:39:52,24,2,120,0.2,0.016666666666666666
2022-03-10T14:48:24,24,2,120,0.2,0.016666666666666666
2022-03-10T14:56:56,24,2,120,0.2,0.016666666666666666
2022-03-10T15:05:28,24,2,120,0.2,0.016666666666666666
2022-03-10T15:14:00,24,2,120,0.2,0.016666666666666666
2022-03-10T15:22:32,24,2,120,0.2,0.016666666666666666
2022-03-10T15:31:04,24,2,120,0.2,0.016666666666666666
2022-03-10T15:39:36,24,2,120,0.2,0.016666666666666666
2022-03-10T15:48:08,24,2,120,0.2,0.016666666666666666
2022-03-10T15:56:49,24,2,120,0.2,0.016666666666666666
2022-03-10T16:05:21,24,2,120,0.2,0.016666666666666666
2022-03-10T16:13:53,24,2,120,0.2,0.016666666666666666
2022-03-10T16:22:25,24,2,120,0.2,0.016666666666666666
2022-03-10T16:30:57,24,2,120,0.2,0.016666666666666666
2022-03-10T16:39:29,24,2,120,0.2,0.016666666666666666
2022-03-10T16:48:01,24,2,120,0.2,0.016666666666666666
2022-03-10T16:56:33,24,2,120,0.2,0.016666666666666666
2022-03-10T17:05:05,24,2,120,0.2,0.016666666666666666
2022-03-10T17:13:37,24,2,120,0.2,0.016666666666666666
2022-03-10T17:22:09,24,2,120,0.2,0.016666666666666666
2022-03-10T17:30:41,24,2,120,0.2,0.016666666666666666
2022-03-10T17:39:21,24,2,120,0.2,0.016666666666666666
2022-03-10T17:47:53,24,2,120,0.2,0.016666666666666666
2022-03-10T17:56:25,24,2,120,0.2,0.016666666666666666
2022-03-10T18:04:57,24,2,120,0.2,0.016666666666666666
2022-03-10T18:13:29,24,2,120,0.2,0.016666666666666666
2022-03-10T18:22:01,24,2,120,0.2,0.016666666666666666
2022-03-10T18:30:32,24,2,120,0.2,0.016666666666666666
2022-03-10T18:39:04,24,2,120,0.2,0.016666666666666666
2022-03-10T18:47:36,24,2,120,0.2,0.016666666666666666
2022-03-10T18:56:08,24,2,120,0.2,0.016666666666666666
2022-03-10T19:04:40,24,2,120,0.2,0.016666666666666666
2022-03-10T19:13:12,24,2,120,0.2,0.016666666666666666
2022-03-10T19:21:44,24,2,120,0.2,0.016666666666666666
2022-03-10T19:30:16,24,2,120,0.2,0.016666666666666666
2022-03-10T19:38:47,24,2,120,0.2,0.016666666666666666
2022-03-10T19:47:19,24,2,120,0.2,0.016666666666666666
2022-03-10T19:55:51,24,2,120,0.2,0.016666666666666666
2022-03-10T20:04:23,24,2,120,0.2,0.016666666666666666
2022-03-10T20:13:05,24,2,120,0.2,0.016666666666666666
2022-03-10T20:21:36,24,2,120,0.2,0.016666666666666666
2022-03-10T20:30:08,24,2,120,0.2,0.016666666666666666
2022-03-10T20:38:40,24,2,120,0.2,0.016666666666666666
2022-03-10T20:47:11,24,2,120,0.2,0.016666666666666666
2022-03-10T20:55:43,24,2,120,0.2,0.016666666666666666
2022-03-10T21:00:31,24,2,120,0.2,0.016666666666666666
2022-03-10T21:09:03,24,2,120,0.2,0.016666666666666666
2022-03-10T21:17:35,24,2,120,0.2,0.016666666666666666
2022-03-10T21:26:06,24,2,120,0.2,0.016666666666666666
2022-03-10T21:34:38,24,2,120,0.2,0.016666666666666666
2022-03-10T21:43:10,24,2,120,0.2,0.016666666666666666
2022-03-10T21:51:42,24,2,120,0.2,0.016666666666666666
2022-03-10T22:00:13,24,2,120,0.2,0.016666666666666666
2022-03-10T22:08:45,24,2,120,0.2,0.016666666666666666
2022-03-10T22:17:17,24,2,120,0.2,0.016666666666666666
2022-03-10T22:25:49,24,2,120,0.2,0.016666666666666666
2022-03-10T22:34:20,24,2,120,0.2,0.016666666666666666
2022-03-10T22:42:52,24,2,120,0.2,0.016666666666666666
2022-03-10T22:51:24,24,2,120,0.2,0.016666666666666666
2022-03-10T22:59:56,24,2,120,0.2,0.016666666666666666
2022-03-10T23:08:28,24,2,120,0.2,0.016666666666666666
2022-03-10T23:17:00,24,2,120,0.2,0.016666666666666666
2022-03-10T23:25:31,24,2,120,0.2,0.016666666666666666
2022-03-10T23:34:03,24,2,120,0.2,0.016666666666666666
2022-03-10T23:42:35,24,2,120,0.2,0.016666666666666666
2022-03-10T23:51:07,24,2,120,0.2,0.016666666666666666
2022-03-10T23:59:47,24,2,120,0.2,0.016666666666666666
2022-03-11T00:08:19,24,2,120,0.2,0.016666666666666666
2022-03-11T00:16:51,24,2,120,0.2,0.016666666666666666
2022-03-11T00:25:23,24,2,120,0.2,0.016666666666666666
2022-03-11T00:33:55,24,2,120,0.2,0.016666666666666666
2022-03-11T00:42:28,24,2,120,0.2,0.016666666666666666
2022-03-11T00:51:00,24,2,120,0.2,0.016666666666666666
2022-03-11T00:59:32,24,2,120,0.2,0.016666666666666666
2022-03-11T01:08:04,24,2,120,0.2,0.016666666666666666
2022-03-11T01:16:37,24,2,120,0.2,0.016666666666666666
2022-03-11T01:25:09,24,2,120,0.2,0.016666666666666666
2022-03-11T01:33:41,24,2,120,0.2,0.016666666666666666
2022-03-11T01:42:13,24,2,120,0.2,0.016666666666666666
2022-03-11T01:50:45,24,2,120,0.2,0.016666666666666666
2022-03-11T01:59:17,24,2,120,0.2,0.016666666666666666
2022-03-11T02:07:49,24,2,120,0.2,0.016666666666666666
2022-03-11T02:16:21,24,2,120,0.2,0.016666666666666666
2022-03-11T02:24:53,24,2,120,0.2,0.016666666666666666
2022-03-11T02:33:26,24,2,120,0.2,0.016666666666666666
2022-03-11T02:41:58,24,2,120,0.2,0.016666666666666666
2022-03-11T02:50:30,24,2,120,0.2,0.016666666666666666
2022-03-11T02:59:02,24,2,120,0.2,0.016666666666666666
2022-03-11T03:07:34,24,2,120,0.2,0.016666666666666666
2022-03-11T03:16:06,24,2,120,0.2,0.016666666666666666
2022-03-11T03:24:38,24,2,120,0.2,0.016666666666666666
2022-03-11T03:33:10,24,2,120,0.2,0.016666666666666666
2022-03-11T03:41:41,24,2,120,0.2,0.016666666666666666
2022-03-11T03:50:13,24,2,120,0.2,0.016666666666666666
2022-03-11T03:58:45,24,2,120,0.2,0.016666666666666666
2022-03-11T04:07:17,24,2,120,0.2,0.016666666666666666
2022-03-11T04:32:19,24,2,120,0.2,0.016666666666666666
2022-03-11T04:41:14,24,2,120,0.2,0.016666666666666666
2022-03-11T04:49:47,24,2,120,0.2,0.016666666666666666
2022-03-11T04:58:19,24,2,120,0.2,0.016666666666666666
2022-03-11T05:06:52,24,2,120,0.2,0.016666666666666666
2022-03-11T05:15:25,24,2,120,0.2,0.016666666666666666
2022-03-11T05:23:57,24,2,120,0.2,0.016666666666666666
2022-03-11T05:32:30,24,2,120,0.2,0.016666666666666666
2022-03-11T05:41:02,24,2,120,0.2,0.016666666666666666
2022-03-11T05:49:35,24,2,120,0.2,0.016666666666666666
2022-03-11T05:58:07,24,2,120,0.2,0.016666666666666666
2022-03-11T06:06:40,24,2,120,0.2,0.016666666666666666
2022-03-11T06:15:17,24,2,120,0.2,0.016666666666666666
2022-03-11T06:23:54,24,2,120,0.2,0.016666666666666666
2022-03-11T06:32:26,24,2,120,0.2,0.016666666666666666
2022-03-11T06:40:58,24,2,120,0.2,0.016666666666666666
2022-03-11T06:49:30,24,2,120,0.2,0.016666666666666666
2022-03-11T06:58:02,24,2,120,0.2,0.016666666666666666
2022-03-11T07:06:34,24,2,120,0.2,0.016666666666666666
2022-03-11T07:15:06,24,2,120,0.2,0.016666666666666666
2022-03-11T07:23:38,24,2,120,0.2,0.016666666666666666
2022-03-11T07:32:10,24,2,120,0.2,0.016666666666666666
2022-03-11T07:40:42,24,2,120,0.2,0.016666666666666666
2022-03-11T07:49:14,24,2,120,0.2,0.016666666666666666
2022-03-11T07:57:46,24,2,120,0.2,0.016666666666666666
2022-03-11T08:06:18,24,2,120,0.2,0.016666666666666666
2022-03-11T08:14:50,24,2,120,0.2,0.016666666666666666
2022-03-11T08:23:22,24,2,120,0.2,0.016666666666666666
2022-03-11T08:31:54,24,2,120,0.2,0.016666666666666666
2022-03-11T08:40:26,24,2,120,0.2,0.016666666666666666
2022-03-11T08:48:58,24,2,120,0.2,0.016666666666666666
2022-03-11T08:57:30,24,2,120,0.2,0.016666666666666666
2022-03-11T09:06:02,24,2,120,0.2,0.016666666666666666
2022-03-11T09:14:34,24,2,120,0.2,0.016666666666666666
2022-03-11T09:23:06,24,2,120,0.2,0.016666666666666666
2022-03-11T09:31:40,24,2,120,0.2,0.016666666666666666
2022-03-11T09:40:12,24,2,120,0.2,0.016666666666666666
2022-03-11T09:48:44,24,2,120,0.2,0.016666666666666666
2022-03-11T09:57:16,24,2,120,0.2,0.016666666666666666
2022-03-11T10:05:48,24,2,120,0.2,0.016666666666666666
2022-03-11T10:14:20,24,2,120,0.2,0.016666666666666666
2022-03-11T10:22:52,24,2,120,0.2,0.016666666666666666
2022-03-11T10:31:24,24,2,120,0.2,0.016666666666666666
2022-03-11T10:39:56,24,2,120,0.2,0.016666666666666666
2022-03-11T10:48:37,24,2,120,0.2,0.016666666666666666
2022-03-11T10:57:09,24,2,120,0.2,0.016666666666666666
2022-03-11T11:05:41,24,2,120,0.2,0.016666666666666666
2022-03-11T11:14:14,24,2,120,0.2,0.016666666666666666
2022-03-11T11:22:46,23,2,120,0.19166666666666668,0.016666666666666666
2022-03-11T11:31:18,23,2,120,0.19166666666666668,0.016666666666666666
2022-03-11T11:39:50,23,2,120,0.19166666666666668,0.016666666666666666
2022-03-11T11:48:21,23,2,120,0.19166666666666668,0.016666666666666666
2022-03-11T11:56:53,23,2,120,0.19166666666666668,0.016666666666666666
2022-03-11T12:05:25,23,2,120,0.19166666666666668,0.016666666666666666
2022-03-11T12:13:57,23,2,120,0.19166666666666668,0.016666666666666666
2022-03-11T12:22:29,23,2,120,0.19166666666666668,0.016666666666666666
2022-03-11T12:31:01,23,2,120,0.19166666666666668,0.016666666666666666
2022-03-11T12:39:41,23,2,120,0.19166666666666668,0.016666666666666666
2022-03-11T12:48:13,23,2,120,0.19166666666666668,0.016666666666666666
2022-03-11T12:56:45,23,2,120,0.19166666666666668,0.016666666666666666
2022-03-11T13:05:17,23,2,120,0.19166666666666668,0.016666666666666666
2022-03-11T13:13:49,23,2,120,0.19166666666666668,0.016666666666666666
2022-03-11T13:22:21,23,2,120,0.19166666666666668,0.016666666666666666
2022-03-11T13:30:54,23,2,120,0.19166666666666668,0.016666666666666666
2022-03-11T13:39:26,23,2,120,0.19166666666666668,0.016666666666666666
2022-03-11T13:47:58,23,2,120,0.19166666666666668,0.016666666666666666
2022-03-11T13:56:30,23,2,120,0.19166666666666668,0.016666666666666666
2022-03-11T14:05:02,23,2,120,0.19166666666666668,0.016666666666666666
2022-03-11T14:13:35,23,2,120,0.19166666666666668,0.016666666666666666
2022-03-11T14:22:07,23,2,120,0.19166666666666668,0.016666666666666666
2022-03-11T14:30:48,23,2,120,0.19166666666666668,0.016666666666666666
2022-03-11T14:39:21,23,2,120,0.19166666666666668,0.016666666666666666
2022-03-11T14:47:53,23,2,120,0.19166666666666668,0.016666666666666666
2022-03-11T14:56:25,23,2,120,0.19166666666666668,0.016666666666666666
2022-03-11T15:04:58,23,2,120,0.19166666666666668,0.016666666666666666
2022-03-11T15:13:30,23,2,120,0.19166666666666668,0.016666666666666666
2022-03-11T15:22:02,23,2,120,0.19166666666666668,0.016666666666666666
2022-03-11T15:30:34,23,2,120,0.19166666666666668,0.016666666666666666
2022-03-11T15:39:07,23,2,120,0.19166666666666668,0.016666666666666666
2022-03-11T15:47:39,23,2,120,0.19166666666666668,0.016666666666666666
2022-03-11T15:56:10,23,2,120,0.19166666666666668,0.016666666666666666
2022-03-11T16:04:43,23,2,120,0.19166666666666668,0.016666666666666666
2022-03-11T16:13:15,23,2,120,0.19166666666666668,0.016666666666666666
2022-03-11T16:21:57,23,2,120,0.19166666666666668,0.016666666666666666
2022-03-11T16:30:29,23,2,120,0.19166666666666668,0.016666666666666666
2022-03-11T16:39:01,23,2,120,0.19166666666666668,0.016666666666666666
2022-03-11T16:47:33,23,2,120,0.19166666666666668,0.016666666666666666
2022-03-11T16:56:05,23,2,120,0.19166666666666668,0.016666666666666666
2022-03-11T17:04:37,23,2,120,0.19166666666666668,0.016666666666666666
2022-03-11T17:13:09,23,2,120,0.19166666666666668,0.016666666666666666
2022-03-11T17:21:41,23,2,120,0.19166666666666668,0.016666666666666666
2022-03-11T17:30:13,23,2,120,0.19166666666666668,0.016666666666666666
2022-03-11T17:38:44,23,2,120,0.19166666666666668,0.016666666666666666
2022-03-11T17:47:16,23,2,120,0.19166666666666668,0.016666666666666666
2022-03-11T17:55:48,23,2,120,0.19166666666666668,0.016666666666666666
2022-03-11T18:04:20,23,2,120,0.19166666666666668,0.016666666666666666
2022-03-11T18:12:52,23,2,120,0.19166666666666668,0.016666666666666666
2022-03-11T18:21:24,23,2,120,0.19166666666666668,0.016666666666666666
2022-03-11T18:29:56,23,2,120,0.19166666666666668,0.016666666666666666
2022-03-11T18:38:28,23,2,120,0.19166666666666668,0.016666666666666666
2022-03-11T18:47:03,23,2,120,0.19166666666666668,0.016666666666666666
2022-03-11T18:55:34,23,2,120,0.19166666666666668,0.016666666666666666
2022-03-11T19:04:16,23,2,120,0.19166666666666668,0.016666666666666666
2022-03-11T19:12:48,23,2,120,0.19166666666666668,0.016666666666666666
2022-03-11T19:21:20,23,2,120,0.19166666666666668,0.016666666666666666
2022-03-11T19:29:51,23,2,120,0.19166666666666668,0.016666666666666666
2022-03-11T19:38:23,23,2,120,0.19166666666666668,0.016666666666666666
2022-03-11T19:46:55,23,2,120,0.19166666666666668,0.016666666666666666
2022-03-11T19:55:26,23,2,120,0.19166666666666668,0.016666666666666666
2022-03-11T20:03:58,23,2,120,0.19166666666666668,0.016666666666666666
2022-03-11T20:12:30,23,2,120,0.19166666666666668,0.016666666666666666
2022-03-11T20:21:01,23,2,120,0.19166666666666668,0.016666666666666666
2022-03-11T20:29:33,23,2,120,0.19166666666666668,0.016666666666666666
2022-03-11T20:38:05,23,2,120,0.19166666666666668,0.016666666666666666
2022-03-11T20:46:37,23,2,120,0.19166666666666668,0.016666666666666666
2022-03-11T20:55:09,23,2,120,0.19166666666666668,0.016666666666666666
2022-03-11T21:03:40,23,2,120,0.19166666666666668,0.016666666666666666
2022-03-11T21:12:12,23,2,120,0.19166666666666668,0.016666666666666666
2022-03-11T21:20:44,23,2,120,0.19166666666666668,0.016666666666666666
2022-03-11T21:29:16,23,2,120,0.19166666666666668,0.016666666666666666
2022-03-11T21:37:48,23,2,120,0.19166666666666668,0.016666666666666666
2022-03-11T21:46:19,23,2,120,0.19166666666666668,0.016666666666666666
2022-03-11T21:54:51,23,2,120,0.19166666666666668,0.016666666666666666
2022-03-11T22:03:23,23,2,120,0.19166666666666668,0.016666666666666666
2022-03-11T22:11:55,23,2,120,0.19166666666666668,0.016666666666666666
2022-03-11T22:20:27,23,2,120,0.19166666666666668,0.016666666666666666
2022-03-11T22:28:58,23,2,120,0.19166666666666668,0.016666666666666666
2022-03-11T22:37:30,23,2,120,0.19166666666666668,0.016666666666666666
2022-03-11T22:46:02,23,2,120,0.19166666666666668,0.016666666666666666
2022-03-11T22:54:34,23,2,120,0.19166666666666668,0.016666666666666666
2022-03-11T23:03:05,23,2,120,0.19166666666666668,0.016666666666666666
2022-03-11T23:11:37,23,2,120,0.19166666666666668,0.016666666666666666
2022-03-11T23:20:09,23,2,120,0.19166666666666668,0.016666666666666666
2022-03-11T23:28:41,23,2,120,0.19166666666666668,0.016666666666666666
2022-03-11T23:37:13,23,2,120,0.19166666666666668,0.016666666666666666
2022-03-11T23:45:44,23,2,120,0.19166666666666668,0.016666666666666666
2022-03-11T23:54:16,23,2,120,0.19166666666666668,0.016666666666666666
2022-03-12T00:02:48,23,2,120,0.19166666666666668,0.016666666666666666
2022-03-12T00:11:20,23,2,120,0.19166666666666668,0.016666666666666666
2022-03-12T00:19:53,23,2,120,0.19166666666666668,0.016666666666666666
2022-03-12T00:28:25,23,2,120,0.19166666666666668,0.016666666666666666
2022-03-12T00:36:57,23,2,120,0.19166666666666668,0.016666666666666666
2022-03-12T00:45:30,23,2,120,0.19166666666666668,0.016666666666666666
2022-03-12T00:54:02,23,2,120,0.19166666666666668,0.016666666666666666
2022-03-12T01:02:34,23,2,120,0.19166666666666668,0.016666666666666666
2022-03-12T01:11:06,23,2,120,0.19166666666666668,0.016666666666666666
2022-03-12T01:19:39,23,2,120,0.19166666666666668,0.016666666666666666
2022-03-12T01:28:11,23,2,120,0.19166666666666668,0.016666666666666666
2022-03-12T01:36:43,23,2,120,0.19166666666666668,0.016666666666666666
2022-03-12T01:45:15,23,2,120,0.19166666666666668,0.016666666666666666
2022-03-12T01:53:47,23,2,120,0.19166666666666668,0.016666666666666666
2022-03-12T02:02:29,23,2,120,0.19166666666666668,0.016666666666666666
2022-03-12T02:11:01,23,2,120,0.19166666666666668,0.016666666666666666
2022-03-12T02:19:33,23,2,120,0.19166666666666668,0.016666666666666666
2022-03-12T02:28:05,23,2,120,0.19166666666666668,0.016666666666666666
2022-03-12T02:36:37,23,2,120,0.19166666666666668,0.016666666666666666
2022-03-12T02:45:08,23,2,120,0.19166666666666668,0.016666666666666666
2022-03-12T02:53:40,23,2,120,0.19166666666666668,0.016666666666666666
2022-03-12T03:02:12,23,2,120,0.19166666666666668,0.016666666666666666
2022-03-12T03:10:44,23,2,120,0.19166666666666668,0.016666666666666666
2022-03-12T03:19:59,23,2,120,0.19166666666666668,0.016666666666666666
2022-03-12T03:28:32,23,2,120,0.19166666666666668,0.016666666666666666
2022-03-12T03:37:04,23,2,120,0.19166666666666668,0.016666666666666666
2022-03-12T03:45:36,23,2,120,0.19166666666666668,0.016666666666666666
2022-03-12T03:54:08,23,2,120,0.19166666666666668,0.016666666666666666
2022-03-12T04:02:40,23,2,120,0.19166666666666668,0.016666666666666666
2022-03-12T04:16:01,23,2,120,0.19166666666666668,0.016666666666666666
2022-03-12T04:24:35,23,2,120,0.19166666666666668,0.016666666666666666
2022-03-12T04:33:07,23,2,120,0.19166666666666668,0.016666666666666666
2022-03-12T04:42:52,23,2,120,0.19166666666666668,0.016666666666666666
2022-03-12T04:51:25,23,2,120,0.19166666666666668,0.016666666666666666
2022-03-12T04:59:57,23,2,120,0.19166666666666668,0.016666666666666666
2022-03-12T05:08:30,23,2,120,0.19166666666666668,0.016666666666666666
2022-03-12T05:17:03,23,2,120,0.19166666666666668,0.016666666666666666
2022-03-12T05:25:35,23,2,120,0.19166666666666668,0.016666666666666666
2022-03-12T05:34:08,23,2,120,0.19166666666666668,0.016666666666666666
2022-03-12T05:42:40,23,2,120,0.19166666666666668,0.016666666666666666
2022-03-12T05:51:13,23,2,120,0.19166666666666668,0.016666666666666666
2022-03-12T05:59:45,23,2,120,0.19166666666666668,0.016666666666666666
2022-03-12T06:08:17,23,2,120,0.19166666666666668,0.016666666666666666
2022-03-12T06:16:50,23,2,120,0.19166666666666668,0.016666666666666666
2022-03-12T06:25:22,23,2,120,0.19166666666666668,0.016666666666666666
2022-03-12T06:33:54,23,2,120,0.19166666666666668,0.016666666666666666
2022-03-12T06:42:27,23,2,120,0.19166666666666668,0.016666666666666666
2022-03-12T06:50:59,23,2,120,0.19166666666666668,0.016666666666666666
2022-03-12T06:59:32,23,2,120,0.19166666666666668,0.016666666666666666
2022-03-12T07:08:04,23,2,120,0.19166666666666668,0.016666666666666666
2022-03-12T07:16:36,23,2,120,0.19166666666666668,0.016666666666666666
2022-03-12T07:25:09,23,2,120,0.19166666666666668,0.016666666666666666
2022-03-12T07:33:41,23,2,120,0.19166666666666668,0.016666666666666666
2022-03-12T07:42:14,23,2,120,0.19166666666666668,0.016666666666666666
2022-03-12T07:50:46,23,2,120,0.19166666666666668,0.016666666666666666
2022-03-12T07:59:18,23,2,120,0.19166666666666668,0.016666666666666666
2022-03-12T08:07:49,23,2,120,0.19166666666666668,0.016666666666666666
2022-03-12T08:16:22,23,2,120,0.19166666666666668,0.016666666666666666
2022-03-12T08:24:54,23,2,120,0.19166666666666668,0.016666666666666666
2022-03-12T08:33:26,23,2,120,0.19166666666666668,0.016666666666666666
2022-03-12T08:41:58,23,2,120,0.19166666666666668,0.016666666666666666
2022-03-12T08:50:30,23,2,120,0.19166666666666668,0.016666666666666666
2022-03-12T08:59:01,23,2,120,0.19166666666666668,0.016666666666666666
2022-03-12T09:07:33,23,2,120,0.19166666666666668,0.016666666666666666
2022-03-12T09:16:05,23,2,120,0.19166666666666668,0.016666666666666666
2022-03-12T09:24:37,23,2,120,0.19166666666666668,0.016666666666666666
2022-03-12T09:33:09,23,2,120,0.19166666666666668,0.016666666666666666
2022-03-12T09:41:41,23,2,120,0.19166666666666668,0.016666666666666666
2022-03-12T09:50:12,23,2,120,0.19166666666666668,0.016666666666666666
2022-03-12T09:58:44,23,2,120,0.19166666666666668,0.016666666666666666
2022-03-12T10:07:16,23,2,120,0.19166666666666668,0.016666666666666666
2022-03-12T10:15:47,23,2,120,0.19166666666666668,0.016666666666666666
2022-03-12T10:24:19,23,2,120,0.19166666666666668,0.016666666666666666
2022-03-12T10:32:51,23,2,120,0.19166666666666668,0.016666666666666666
2022-03-12T10:41:23,23,2,120,0.19166666666666668,0.016666666666666666
2022-03-12T10:49:54,23,2,120,0.19166666666666668,0.016666666666666666
2022-03-12T10:58:26,23,2,120,0.19166666666666668,0.016666666666666666
2022-03-12T11:06:58,23,2,120,0.19166666666666668,0.016666666666666666
2022-03-12T11:15:30,23,2,120,0.19166666666666668,0.016666666666666666
2022-03-12T11:24:01,23,2,120,0.19166666666666668,0.016666666666666666
2022-03-12T11:32:33,23,2,120,0.19166666666666668,0.016666666666666666
2022-03-12T11:41:05,23,2,120,0.19166666666666668,0.016666666666666666
2022-03-12T11:49:37,23,2,120,0.19166666666666668,0.016666666666666666
2022-03-12T11:58:09,23,2,120,0.19166666666666668,0.016666666666666666
2022-03-12T12:06:41,23,2,120,0.19166666666666668,0.016666666666666666
2022-03-12T12:15:12,23,2,120,0.19166666666666668,0.016666666666666666
2022-03-12T12:23:44,23,2,120,0.19166666666666668,0.016666666666666666
2022-03-12T12:32:16,23,2,120,0.19166666666666668,0.016666666666666666
2022-03-12T12:40:47,23,2,120,0.19166666666666668,0.016666666666666666
2022-03-12T12:49:19,23,2,120,0.19166666666666668,0.016666666666666666
2022-03-12T12:57:51,23,2,120,0.19166666666666668,0.016666666666666666
2022-03-12T13:06:23,23,2,120,0.19166666666666668,0.016666666666666666
2022-03-12T13:14:54,23,2,120,0.19166666666666668,0.016666666666666666
2022-03-12T13:23:26,23,2,120,0.19166666666666668,0.016666666666666666
2022-03-12T13:31:58,23,2,120,0.19166666666666668,0.016666666666666666
2022-03-12T13:40:30,23,2,120,0.19166666666666668,0.016666666666666666
2022-03-12T13:49:01,23,2,120,0.19166666666666668,0.016666666666666666
2022-03-12T13:57:33,23,2,120,0.19166666666666668,0.016666666666666666
2022-03-12T14:06:05,23,2,120,0.19166666666666668,0.016666666666666666
2022-03-12T14:14:37,23,2,120,0.19166666666666668,0.016666666666666666
2022-03-12T14:23:08,23,2,120,0.19166666666666668,0.016666666666666666
2022-03-12T14:31:40,23,2,120,0.19166666666666668,0.016666666666666666
2022-03-12T14:40:13,23,2,120,0.19166666666666668,0.016666666666666666
2022-03-12T14:48:45,23,2,120,0.19166666666666668,0.016666666666666666
2022-03-12T14:57:17,23,2,120,0.19166666666666668,0.016666666666666666
2022-03-12T15:05:48,23,2,120,0.19166666666666668,0.016666666666666666
2022-03-12T15:14:20,23,2,120,0.19166666666666668,0.016666666666666666
2022-03-12T15:22:52,23,2,120,0.19166666666666668,0.016666666666666666
2022-03-12T15:31:24,23,2,120,0.19166666666666668,0.016666666666666666
2022-03-12T15:39:55,23,2,120,0.19166666666666668,0.016666666666666666
2022-03-12T15:48:27,23,2,120,0.19166666666666668,0.016666666666666666
2022-03-12T15:56:59,23,2,120,0.19166666666666668,0.016666666666666666
2022-03-12T16:05:47,23,2,120,0.19166666666666668,0.016666666666666666
2022-03-12T16:14:19,23,2,120,0.19166666666666668,0.016666666666666666
2022-03-12T16:22:51,23,2,120,0.19166666666666668,0.016666666666666666
2022-03-12T16:31:23,23,2,120,0.19166666666666668,0.016666666666666666
2022-03-12T16:39:55,23,2,120,0.19166666666666668,0.016666666666666666
2022-03-12T16:48:26,23,2,120,0.19166666666666668,0.016666666666666666
2022-03-12T16:56:58,23,2,120,0.19166666666666668,0.016666666666666666
2022-03-12T17:05:30,23,2,120,0.19166666666666668,0.016666666666666666
2022-03-12T17:14:02,23,2,120,0.19166666666666668,0.016666666666666666
2022-03-12T17:22:34,23,2,120,0.19166666666666668,0.016666666666666666
2022-03-12T17:31:06,23,2,120,0.19166666666666668,0.016666666666666666
2022-03-12T17:39:37,23,2,120,0.19166666666666668,0.016666666666666666
2022-03-12T17:48:09,23,2,120,0.19166666666666668,0.016666666666666666
2022-03-12T17:56:41,23,2,120,0.19166666666666668,0.016666666666666666
2022-03-12T18:05:13,23,2,120,0.19166666666666668,0.016666666666666666
2022-03-12T18:13:44,23,2,120,0.19166666666666668,0.016666666666666666
2022-03-12T18:22:16,23,2,120,0.19166666666666668,0.016666666666666666
2022-03-12T18:30:48,23,2,120,0.19166666666666668,0.016666666666666666
2022-03-12T18:39:20,23,2,120,0.19166666666666668,0.016666666666666666
2022-03-12T18:47:51,23,2,120,0.19166666666666668,0.016666666666666666
2022-03-12T18:56:23,23,2,120,0.19166666666666668,0.016666666666666666
2022-03-12T19:04:55,23,2,120,0.19166666666666668,0.016666666666666666
2022-03-12T19:13:26,23,2,120,0.19166666666666668,0.016666666666666666
2022-03-12T19:21:58,23,2,120,0.19166666666666668,0.016666666666666666
2022-03-12T19:30:30,23,2,120,0.19166666666666668,0.016666666666666666
2022-03-12T19:39:01,23,2,120,0.19166666666666668,0.016666666666666666
2022-03-12T19:47:33,23,2,120,0.19166666666666668,0.016666666666666666
2022-03-12T19:56:05,23,2,120,0.19166666666666668,0.016666666666666666
2022-03-12T20:04:36,23,2,120,0.19166666666666668,0.016666666666666666
2022-03-12T20:13:08,23,2,120,0.19166666666666668,0.016666666666666666
2022-03-12T20:21:40,23,2,120,0.19166666666666668,0.016666666666666666
2022-03-12T20:30:12,23,2,120,0.19166666666666668,0.016666666666666666
2022-03-12T20:38:43,23,2,120,0.19166666666666668,0.016666666666666666
2022-03-12T20:47:15,23,2,120,0.19166666666666668,0.016666666666666666
2022-03-12T20:55:47,23,2,120,0.19166666666666668,0.016666666666666666
2022-03-12T21:04:18,23,2,120,0.19166666666666668,0.016666666666666666
2022-03-12T21:12:50,23,2,120,0.19166666666666668,0.016666666666666666
2022-03-12T21:21:22,23,2,120,0.19166666666666668,0.016666666666666666
2022-03-12T21:29:53,23,2,120,0.19166666666666668,0.016666666666666666
2022-03-12T21:38:25,23,2,120,0.19166666666666668,0.016666666666666666
2022-03-12T21:46:57,23,2,120,0.19166666666666668,0.016666666666666666
2022-03-12T21:55:29,23,2,120,0.19166666666666668,0.016666666666666666
2022-03-12T22:04:00,23,2,120,0.19166666666666668,0.016666666666666666
2022-03-12T22:12:32,23,2,120,0.19166666666666668,0.016666666666666666
2022-03-12T22:21:04,23,2,120,0.19166666666666668,0.016666666666666666
2022-03-12T22:29:36,23,2,120,0.19166666666666668,0.016666666666666666
2022-03-12T22:38:07,23,2,120,0.19166666666666668,0.016666666666666666
2022-03-12T22:46:39,23,2,120,0.19166666666666668,0.016666666666666666
2022-03-12T22:55:11,23,2,120,0.19166666666666668,0.016666666666666666
2022-03-12T23:03:43,23,2,120,0.19166666666666668,0.016666666666666666
2022-03-12T23:12:15,23,2,120,0.19166666666666668,0.016666666666666666
2022-03-12T23:20:57,23,2,120,0.19166666666666668,0.016666666666666666
2022-03-12T23:29:28,23,2,120,0.19166666666666668,0.016666666666666666
2022-03-12T23:38:00,23,2,120,0.19166666666666668,0.016666666666666666
2022-03-12T23:46:32,23,2,120,0.19166666666666668,0.016666666666666666
2022-03-12T23:55:04,23,2,120,0.19166666666666668,0.016666666666666666
2022-03-13T00:03:35,23,2,120,0.19166666666666668,0.016666666666666666
2022-03-13T00:12:07,23,2,120,0.19166666666666668,0.016666666666666666
2022-03-13T00:20:40,23,2,120,0.19166666666666668,0.016666666666666666
2022-03-13T00:29:12,23,2,120,0.19166666666666668,0.016666666666666666
2022-03-13T00:37:43,23,2,120,0.19166666666666668,0.016666666666666666
2022-03-13T00:46:15,23,2,120,0.19166666666666668,0.016666666666666666
2022-03-13T00:54:47,23,2,120,0.19166666666666668,0.016666666666666666
2022-03-13T01:03:18,23,2,120,0.19166666666666668,0.016666666666666666
2022-03-13T01:11:50,23,2,120,0.19166666666666668,0.016666666666666666
2022-03-13T01:20:22,23,2,120,0.19166666666666668,0.016666666666666666
2022-03-13T01:28:54,23,2,120,0.19166666666666668,0.016666666666666666
2022-03-13T01:37:25,23,2,120,0.19166666666666668,0.016666666666666666
2022-03-13T01:45:57,23,2,120,0.19166666666666668,0.016666666666666666
2022-03-13T01:54:29,23,2,120,0.19166666666666668,0.016666666666666666
2022-03-13T03:03:00,23,2,120,0.19166666666666668,0.016666666666666666
2022-03-13T03:11:32,23,2,120,0.19166666666666668,0.016666666666666666
2022-03-13T03:20:04,23,2,120,0.19166666666666668,0.016666666666666666
2022-03-13T03:28:36,23,2,120,0.19166666666666668,0.016666666666666666
2022-03-13T03:37:07,23,2,120,0.19166666666666668,0.016666666666666666
2022-03-13T03:45:39,23,2,120,0.19166666666666668,0.016666666666666666
2022-03-13T03:54:10,23,2,120,0.19166666666666668,0.016666666666666666
2022-03-13T04:02:42,23,2,120,0.19166666666666668,0.016666666666666666
2022-03-13T04:15:55,23,2,120,0.19166666666666668,0.016666666666666666
2022-03-13T04:24:45,23,2,120,0.19166666666666668,0.016666666666666666
2022-03-13T04:33:18,23,2,120,0.19166666666666668,0.016666666666666666
2022-03-13T04:41:50,23,2,120,0.19166666666666668,0.016666666666666666
2022-03-13T04:50:21,23,2,120,0.19166666666666668,0.016666666666666666
2022-03-13T04:58:53,23,2,120,0.19166666666666668,0.016666666666666666
2022-03-13T05:07:27,23,2,120,0.19166666666666668,0.016666666666666666
2022-03-13T05:16:01,23,2,120,0.19166666666666668,0.016666666666666666
2022-03-13T05:24:34,23,2,120,0.19166666666666668,0.016666666666666666
2022-03-13T05:33:07,23,2,120,0.19166666666666668,0.016666666666666666
2022-03-13T05:41:39,23,2,120,0.19166666666666668,0.016666666666666666
2022-03-13T05:50:13,23,2,120,0.19166666666666668,0.016666666666666666
2022-03-13T05:59:12,23,2,120,0.19166666666666668,0.016666666666666666
2022-03-13T06:08:03,23,2,120,0.19166666666666668,0.016666666666666666
2022-03-13T06:16:35,23,2,120,0.19166666666666668,0.016666666666666666
2022-03-13T06:25:08,23,2,120,0.19166666666666668,0.016666666666666666
2022-03-13T06:33:41,23,2,120,0.19166666666666668,0.016666666666666666
2022-03-13T06:42:14,23,2,120,0.19166666666666668,0.016666666666666666
2022-03-13T06:50:46,23,2,120,0.19166666666666668,0.016666666666666666
2022-03-13T06:59:19,23,2,120,0.19166666666666668,0.016666666666666666
2022-03-13T07:07:51,23,2,120,0.19166666666666668,0.016666666666666666
2022-03-13T07:16:24,23,2,120,0.19166666666666668,0.016666666666666666
2022-03-13T07:24:57,23,2,120,0.19166666666666668,0.016666666666666666
2022-03-13T07:33:30,23,2,120,0.19166666666666668,0.016666666666666666
2022-03-13T07:42:02,23,2,120,0.19166666666666668,0.016666666666666666
2022-03-13T07:50:34,23,2,120,0.19166666666666668,0.016666666666666666
2022-03-13T07:59:06,23,2,120,0.19166666666666668,0.016666666666666666
2022-03-13T08:07:39,23,2,120,0.19166666666666668,0.016666666666666666
2022-03-13T08:16:11,23,2,120,0.19166666666666668,0.016666666666666666
2022-03-13T08:24:43,23,2,120,0.19166666666666668,0.016666666666666666
2022-03-13T08:33:15,23,2,120,0.19166666666666668,0.016666666666666666
2022-03-13T08:41:47,23,2,120,0.19166666666666668,0.016666666666666666
2022-03-13T08:50:19,23,2,120,0.19166666666666668,0.016666666666666666
2022-03-13T08:58:51,23,2,120,0.19166666666666668,0.016666666666666666
2022-03-13T09:07:24,23,2,120,0.19166666666666668,0.016666666666666666
2022-03-13T09:15:56,23,2,120,0.19166666666666668,0.016666666666666666
2022-03-13T09:24:28,23,2,120,0.19166666666666668,0.016666666666666666
2022-03-13T09:33:00,23,2,120,0.19166666666666668,0.016666666666666666
2022-03-13T09:41:32,23,2,120,0.19166666666666668,0.016666666666666666
2022-03-13T09:50:04,23,2,120,0.19166666666666668,0.016666666666666666
2022-03-13T09:58:35,23,2,120,0.19166666666666668,0.016666666666666666
2022-03-13T10:07:07,23,2,120,0.19166666666666668,0.016666666666666666
2022-03-13T10:15:39,23,2,120,0.19166666666666668,0.016666666666666666
2022-03-13T10:24:10,23,2,120,0.19166666666666668,0.016666666666666666
2022-03-13T10:32:42,23,2,120,0.19166666666666668,0.016666666666666666
2022-03-13T10:41:14,23,2,120,0.19166666666666668,0.016666666666666666
2022-03-13T10:49:46,23,2,120,0.19166666666666668,0.016666666666666666
2022-03-13T10:58:17,23,2,120,0.19166666666666668,0.016666666666666666
2022-03-13T11:06:49,23,2,120,0.19166666666666668,0.016666666666666666
2022-03-13T11:15:21,23,2,120,0.19166666666666668,0.016666666666666666
2022-03-13T11:23:53,23,2,120,0.19166666666666668,0.016666666666666666
2022-03-13T11:32:24,23,2,120,0.19166666666666668,0.016666666666666666
2022-03-13T11:40:56,23,2,120,0.19166666666666668,0.016666666666666666
2022-03-13T11:49:28,23,2,120,0.19166666666666668,0.016666666666666666
2022-03-13T11:58:00,23,2,120,0.19166666666666668,0.016666666666666666
2022-03-13T12:06:32,23,2,120,0.19166666666666668,0.016666666666666666
2022-03-13T12:15:03,23,2,120,0.19166666666666668,0.016666666666666666
2022-03-13T12:23:36,23,2,120,0.19166666666666668,0.016666666666666666
2022-03-13T12:32:07,23,2,120,0.19166666666666668,0.016666666666666666
2022-03-13T12:40:39,23,2,120,0.19166666666666668,0.016666666666666666
2022-03-13T12:49:11,23,2,120,0.19166666666666668,0.016666666666666666
2022-03-13T12:57:42,23,2,120,0.19166666666666668,0.016666666666666666
2022-03-13T13:06:14,23,2,120,0.19166666666666668,0.016666666666666666
2022-03-13T13:14:46,23,2,120,0.19166666666666668,0.016666666666666666
2022-03-13T13:23:18,23,2,120,0.19166666666666668,0.016666666666666666
2022-03-13T13:31:49,23,2,120,0.19166666666666668,0.016666666666666666
2022-03-13T13:40:21,23,2,120,0.19166666666666668,0.016666666666666666
2022-03-13T13:48:53,23,2,120,0.19166666666666668,0.016666666666666666
2022-03-13T13:57:24,23,2,120,0.19166666666666668,0.016666666666666666
2022-03-13T14:05:56,23,2,120,0.19166666666666668,0.016666666666666666
2022-03-13T14:14:28,23,2,120,0.19166666666666668,0.016666666666666666
2022-03-13T14:23:00,23,2,120,0.19166666666666668,0.016666666666666666
2022-03-13T14:31:32,23,2,120,0.19166666666666668,0.016666666666666666
2022-03-13T14:40:04,23,2,120,0.19166666666666668,0.016666666666666666
2022-03-13T14:48:35,23,2,120,0.19166666666666668,0.016666666666666666
2022-03-13T14:57:07,23,2,120,0.19166666666666668,0.016666666666666666
2022-03-13T15:05:39,23,2,120,0.19166666666666668,0.016666666666666666
2022-03-13T15:14:10,23,2,120,0.19166666666666668,0.016666666666666666
2022-03-13T15:22:44,23,2,120,0.19166666666666668,0.016666666666666666
2022-03-13T15:31:16,23,2,120,0.19166666666666668,0.016666666666666666
2022-03-13T15:39:47,23,2,120,0.19166666666666668,0.016666666666666666
2022-03-13T15:48:19,23,2,120,0.19166666666666668,0.016666666666666666
2022-03-13T15:56:51,23,2,120,0.19166666666666668,0.016666666666666666
2022-03-13T16:05:23,23,2,120,0.19166666666666668,0.016666666666666666
2022-03-13T16:13:55,23,2,120,0.19166666666666668,0.016666666666666666
2022-03-13T16:22:26,23,2,120,0.19166666666666668,0.016666666666666666
2022-03-13T16:30:58,23,2,120,0.19166666666666668,0.016666666666666666
2022-03-13T16:39:38,23,2,120,0.19166666666666668,0.016666666666666666
2022-03-13T16:48:10,23,2,120,0.19166666666666668,0.016666666666666666
2022-03-13T16:56:42,23,2,120,0.19166666666666668,0.016666666666666666
2022-03-13T17:05:14,23,2,120,0.19166666666666668,0.016666666666666666
2022-03-13T17:13:46,23,2,120,0.19166666666666668,0.016666666666666666
2022-03-13T17:22:17,23,2,120,0.19166666666666668,0.016666666666666666
2022-03-13T17:30:49,23,2,120,0.19166666666666668,0.016666666666666666
2022-03-13T17:39:21,23,2,120,0.19166666666666668,0.016666666666666666
2022-03-13T17:47:53,23,2,120,0.19166666666666668,0.016666666666666666
2022-03-13T17:56:24,23,2,120,0.19166666666666668,0.016666666666666666
2022-03-13T18:04:56,23,2,120,0.19166666666666668,0.016666666666666666
2022-03-13T18:13:28,23,2,120,0.19166666666666668,0.016666666666666666
2022-03-13T18:22:00,23,2,120,0.19166666666666668,0.016666666666666666
2022-03-13T18:30:31,23,2,120,0.19166666666666668,0.016666666666666666
2022-03-13T18:39:03,23,2,120,0.19166666666666668,0.016666666666666666
2022-03-13T18:47:35,23,2,120,0.19166666666666668,0.016666666666666666
2022-03-13T18:56:06,23,2,120,0.19166666666666668,0.016666666666666666
2022-03-13T19:04:38,23,2,120,0.19166666666666668,0.016666666666666666
2022-03-13T19:13:10,23,2,120,0.19166666666666668,0.016666666666666666
2022-03-13T19:21:42,23,2,120,0.19166666666666668,0.016666666666666666
2022-03-13T19:30:13,23,2,120,0.19166666666666668,0.016666666666666666
2022-03-13T19:38:45,23,2,120,0.19166666666666668,0.016666666666666666
2022-03-13T19:47:17,23,2,120,0.19166666666666668,0.016666666666666666
2022-03-13T19:55:49,23,2,120,0.19166666666666668,0.016666666666666666
2022-03-13T20:04:21,23,2,120,0.19166666666666668,0.016666666666666666
2022-03-13T20:12:53,23,2,120,0.19166666666666668,0.016666666666666666
2022-03-13T20:21:32,23,2,120,0.19166666666666668,0.016666666666666666
2022-03-13T20:30:04,23,2,120,0.19166666666666668,0.016666666666666666
2022-03-13T20:38:35,23,2,120,0.19166666666666668,0.016666666666666666
2022-03-13T20:47:07,23,2,120,0.19166666666666668,0.016666666666666666
2022-03-13T20:55:39,23,2,120,0.19166666666666668,0.016666666666666666
2022-03-13T21:04:11,23,2,120,0.19166666666666668,0.016666666666666666
2022-03-13T21:12:43,23,2,120,0.19166666666666668,0.016666666666666666
2022-03-13T21:21:15,23,2,120,0.19166666666666668,0.016666666666666666
2022-03-13T21:29:47,23,2,120,0.19166666666666668,0.016666666666666666
2022-03-13T21:38:18,23,2,120,0.19166666666666668,0.016666666666666666
2022-03-13T21:46:50,23,2,120,0.19166666666666668,0.016666666666666666
2022-03-13T21:55:22,23,2,120,0.19166666666666668,0.016666666666666666
2022-03-13T22:03:54,23,2,120,0.19166666666666668,0.016666666666666666
2022-03-13T22:12:26,23,2,120,0.19166666666666668,0.016666666666666666
2022-03-13T22:20:58,23,2,120,0.19166666666666668,0.016666666666666666
2022-03-13T22:29:30,23,2,120,0.19166666666666668,0.016666666666666666
2022-03-13T22:38:01,23,2,120,0.19166666666666668,0.016666666666666666
2022-03-13T22:46:33,23,2,120,0.19166666666666668,0.016666666666666666
2022-03-13T22:55:05,23,2,120,0.19166666666666668,0.016666666666666666
2022-03-13T23:03:37,23,2,120,0.19166666666666668,0.016666666666666666
2022-03-13T23:12:08,23,2,120,0.19166666666666668,0.016666666666666666
2022-03-13T23:20:40,23,2,120,0.19166666666666668,0.016666666666666666
2022-03-13T23:29:12,23,2,120,0.19166666666666668,0.016666666666666666
2022-03-13T23:37:44,23,2,120,0.19166666666666668,0.016666666666666666
2022-03-13T23:46:16,23,2,120,0.19166666666666668,0.016666666666666666
2022-03-13T23:54:47,23,2,120,0.19166666666666668,0.016666666666666666
2022-03-14T00:03:19,23,2,120,0.19166666666666668,0.016666666666666666
2022-03-14T00:11:51,23,2,120,0.19166666666666668,0.016666666666666666
2022-03-14T00:20:23,23,2,120,0.19166666666666668,0.016666666666666666
2022-03-14T00:29:06,23,2,120,0.19166666666666668,0.016666666666666666
2022-03-14T00:37:38,23,2,120,0.19166666666666668,0.016666666666666666
2022-03-14T00:46:12,23,2,120,0.19166666666666668,0.016666666666666666
2022-03-14T00:54:44,23,2,120,0.19166666666666668,0.016666666666666666
2022-03-14T01:03:16,23,2,120,0.19166666666666668,0.016666666666666666
2022-03-14T01:11:47,23,2,120,0.19166666666666668,0.016666666666666666
2022-03-14T01:20:21,23,2,120,0.19166666666666668,0.016666666666666666
2022-03-14T01:28:53,23,2,120,0.19166666666666668,0.016666666666666666
2022-03-14T01:37:25,23,2,120,0.19166666666666668,0.016666666666666666
2022-03-14T01:45:57,23,2,120,0.19166666666666668,0.016666666666666666
2022-03-14T01:54:29,23,2,120,0.19166666666666668,0.016666666666666666
2022-03-14T02:03:02,23,2,120,0.19166666666666668,0.016666666666666666
2022-03-14T02:11:34,23,2,120,0.19166666666666668,0.016666666666666666
2022-03-14T02:20:06,23,2,120,0.19166666666666668,0.016666666666666666
2022-03-14T02:28:38,23,2,120,0.19166666666666668,0.016666666666666666
2022-03-14T02:37:10,23,2,120,0.19166666666666668,0.016666666666666666
2022-03-14T02:45:42,23,2,120,0.19166666666666668,0.016666666666666666
2022-03-14T02:54:14,23,2,120,0.19166666666666668,0.016666666666666666
2022-03-14T03:02:45,23,2,120,0.19166666666666668,0.016666666666666666
2022-03-14T03:11:17,23,2,120,0.19166666666666668,0.016666666666666666
2022-03-14T03:19:49,23,2,120,0.19166666666666668,0.016666666666666666
2022-03-14T03:28:21,23,2,120,0.19166666666666668,0.016666666666666666
2022-03-14T03:36:53,23,2,120,0.19166666666666668,0.016666666666666666
2022-03-14T03:45:25,23,2,120,0.19166666666666668,0.016666666666666666
2022-03-14T03:53:57,23,2,120,0.19166666666666668,0.016666666666666666
2022-03-14T04:02:29,23,2,120,0.19166666666666668,0.016666666666666666
2022-03-14T04:24:49,23,2,120,0.19166666666666668,0.016666666666666666
2022-03-14T04:33:36,23,2,120,0.19166666666666668,0.016666666666666666
2022-03-14T04:42:54,23,2,120,0.19166666666666668,0.016666666666666666
2022-03-14T04:51:27,23,2,120,0.19166666666666668,0.016666666666666666
2022-03-14T05:00:00,23,2,120,0.19166666666666668,0.016666666666666666
2022-03-14T05:08:33,23,2,120,0.19166666666666668,0.016666666666666666
2022-03-14T05:17:05,23,2,120,0.19166666666666668,0.016666666666666666
2022-03-14T05:25:38,23,2,120,0.19166666666666668,0.016666666666666666
2022-03-14T05:34:10,23,2,120,0.19166666666666668,0.016666666666666666
2022-03-14T05:42:43,23,2,120,0.19166666666666668,0.016666666666666666
2022-03-14T05:51:16,23,2,120,0.19166666666666668,0.016666666666666666
2022-03-14T05:59:48,23,2,120,0.19166666666666668,0.016666666666666666
2022-03-14T06:08:21,23,2,120,0.19166666666666668,0.016666666666666666
2022-03-14T06:16:53,23,2,120,0.19166666666666668,0.016666666666666666
2022-03-14T06:25:26,23,2,120,0.19166666666666668,0.016666666666666666
2022-03-14T06:34:02,23,2,120,0.19166666666666668,0.016666666666666666
2022-03-14T06:42:34,23,2,120,0.19166666666666668,0.016666666666666666
2022-03-14T06:51:06,23,2,120,0.19166666666666668,0.016666666666666666
2022-03-14T06:59:38,23,2,120,0.19166666666666668,0.016666666666666666
2022-03-14T07:08:10,23,2,120,0.19166666666666668,0.016666666666666666
2022-03-14T07:16:42,23,2,120,0.19166666666666668,0.016666666666666666
2022-03-14T07:25:14,23,2,120,0.19166666666666668,0.016666666666666666
2022-03-14T07:33:47,23,2,120,0.19166666666666668,0.016666666666666666
2022-03-14T07:42:18,23,2,120,0.19166666666666668,0.016666666666666666
2022-03-14T07:50:50,23,2,120,0.19166666666666668,0.016666666666666666
2022-03-14T07:59:23,23,2,120,0.19166666666666668,0.016666666666666666
2022-03-14T08:07:56,23,2,120,0.19166666666666668,0.016666666666666666
2022-03-14T08:16:28,23,2,120,0.19166666666666668,0.016666666666666666
2022-03-14T08:25:01,23,2,120,0.19166666666666668,0.016666666666666666
2022-03-14T08:33:33,23,2,120,0.19166666666666668,0.016666666666666666
2022-03-14T08:42:05,23,2,120,0.19166666666666668,0.016666666666666666
2022-03-14T08:50:37,23,2,120,0.19166666666666668,0.016666666666666666
2022-03-14T08:59:09,23,2,120,0.19166666666666668,0.016666666666666666
2022-03-14T09:07:41,23,2,120,0.19166666666666668,0.016666666666666666
2022-03-14T09:16:13,23,2,120,0.19166666666666668,0.016666666666666666
2022-03-14T09:24:45,23,2,120,0.19166666666666668,0.016666666666666666
2022-03-14T09:33:17,23,2,120,0.19166666666666668,0.016666666666666666
2022-03-14T09:41:49,23,2,120,0.19166666666666668,0.016666666666666666
2022-03-14T09:50:21,23,2,120,0.19166666666666668,0.016666666666666666
2022-03-14T09:58:53,23,2,120,0.19166666666666668,0.016666666666666666
2022-03-14T10:07:25,23,2,120,0.19166666666666668,0.016666666666666666
2022-03-14T10:15:57,23,2,120,0.19166666666666668,0.016666666666666666
2022-03-14T10:24:29,23,2,120,0.19166666666666668,0.016666666666666666
2022-03-14T10:33:01,23,2,120,0.19166666666666668,0.016666666666666666
2022-03-14T10:41:33,23,2,120,0.19166666666666668,0.016666666666666666
2022-03-14T10:50:15,23,2,120,0.19166666666666668,0.016666666666666666
2022-03-14T10:58:47,23,2,120,0.19166666666666668,0.016666666666666666
2022-03-14T11:07:19,23,2,120,0.19166666666666668,0.016666666666666666
2022-03-14T11:15:51,23,2,120,0.19166666666666668,0.016666666666666666
2022-03-14T11:24:23,23,2,120,0.19166666666666668,0.016666666666666666
2022-03-14T11:32:55,23,2,120,0.19166666666666668,0.016666666666666666
2022-03-14T11:41:27,23,2,120,0.19166666666666668,0.016666666666666666
2022-03-14T11:49:59,23,2,120,0.19166666666666668,0.016666666666666666
2022-03-14T11:58:31,23,2,120,0.19166666666666668,0.016666666666666666
2022-03-14T12:07:05,23,2,120,0.19166666666666668,0.016666666666666666
2022-03-14T12:15:37,23,2,120,0.19166666666666668,0.016666666666666666
2022-03-14T12:24:09,23,2,120,0.19166666666666668,0.016666666666666666
2022-03-14T12:32:41,23,2,120,0.19166666666666668,0.016666666666666666
2022-03-14T12:41:13,23,2,120,0.19166666666666668,0.016666666666666666
2022-03-14T12:49:56,23,2,120,0.19166666666666668,0.016666666666666666
2022-03-14T12:58:28,23,2,120,0.19166666666666668,0.016666666666666666
2022-03-14T13:07:00,23,2,120,0.19166666666666668,0.016666666666666666
2022-03-14T13:15:32,23,2,120,0.19166666666666668,0.016666666666666666
2022-03-14T13:24:04,23,2,120,0.19166666666666668,0.016666666666666666
2022-03-14T13:32:36,23,2,120,0.19166666666666668,0.016666666666666666
2022-03-14T13:41:10,23,2,120,0.19166666666666668,0.016666666666666666
2022-03-14T13:49:42,23,2,120,0.19166666666666668,0.016666666666666666
2022-03-14T13:58:14,23,2,120,0.19166666666666668,0.016666666666666666
2022-03-14T14:06:47,23,2,120,0.19166666666666668,0.016666666666666666
2022-03-14T14:15:27,23,2,120,0.19166666666666668,0.016666666666666666
2022-03-14T14:23:59,23,2,120,0.19166666666666668,0.016666666666666666
2022-03-14T14:32:31,23,2,120,0.19166666666666668,0.016666666666666666
2022-03-14T14:41:03,23,2,120,0.19166666666666668,0.016666666666666666
2022-03-14T14:49:35,23,2,120,0.19166666666666668,0.016666666666666666
2022-03-14T14:58:07,23,2,120,0.19166666666666668,0.016666666666666666
2022-03-14T15:06:39,23,2,120,0.19166666666666668,0.016666666666666666
2022-03-14T15:15:20,23,2,120,0.19166666666666668,0.016666666666666666
2022-03-14T15:23:52,23,2,120,0.19166666666666668,0.016666666666666666
2022-03-14T15:32:25,23,2,120,0.19166666666666668,0.016666666666666666
2022-03-14T15:40:57,23,2,120,0.19166666666666668,0.016666666666666666
2022-03-14T15:49:28,23,2,120,0.19166666666666668,0.016666666666666666
2022-03-14T15:58:01,23,2,120,0.19166666666666668,0.016666666666666666
2022-03-14T16:06:33,23,2,120,0.19166666666666668,0.016666666666666666
2022-03-14T16:15:04,23,2,120,0.19166666666666668,0.016666666666666666
2022-03-14T16:23:36,23,2,120,0.19166666666666668,0.016666666666666666
2022-03-14T16:32:17,23,2,120,0.19166666666666668,0.016666666666666666
2022-03-14T16:40:49,23,2,120,0.19166666666666668,0.016666666666666666
2022-03-14T16:49:21,23,2,120,0.19166666666666668,0.016666666666666666
2022-03-14T16:57:53,23,2,120,0.19166666666666668,0.016666666666666666
2022-03-14T17:06:25,23,2,120,0.19166666666666668,0.016666666666666666
2022-03-14T17:14:57,23,2,120,0.19166666666666668,0.016666666666666666
2022-03-14T17:23:29,23,2,120,0.19166666666666668,0.016666666666666666
2022-03-14T17:32:01,23,2,120,0.19166666666666668,0.016666666666666666
2022-03-14T17:40:33,23,2,120,0.19166666666666668,0.016666666666666666
2022-03-14T17:49:04,23,2,120,0.19166666666666668,0.016666666666666666
2022-03-14T17:57:36,23,2,120,0.19166666666666668,0.016666666666666666
2022-03-14T18:06:18,23,2,120,0.19166666666666668,0.016666666666666666
2022-03-14T18:14:50,23,2,120,0.19166666666666668,0.016666666666666666
2022-03-14T18:23:23,23,2,120,0.19166666666666668,0.016666666666666666
2022-03-14T18:31:55,23,2,120,0.19166666666666668,0.016666666666666666
2022-03-14T18:40:27,23,2,120,0.19166666666666668,0.016666666666666666
2022-03-14T18:48:58,23,2,120,0.19166666666666668,0.016666666666666666
2022-03-14T18:57:30,23,2,120,0.19166666666666668,0.016666666666666666
2022-03-14T19:06:02,23,2,120,0.19166666666666668,0.016666666666666666
2022-03-14T19:14:34,23,2,120,0.19166666666666668,0.016666666666666666
2022-03-14T19:23:06,23,2,120,0.19166666666666668,0.016666666666666666
2022-03-14T19:31:38,23,2,120,0.19166666666666668,0.016666666666666666
2022-03-14T19:40:19,23,2,120,0.19166666666666668,0.016666666666666666
2022-03-14T19:48:50,23,2,120,0.19166666666666668,0.016666666666666666
2022-03-14T19:57:22,23,2,120,0.19166666666666668,0.016666666666666666
2022-03-14T20:05:54,23,2,120,0.19166666666666668,0.016666666666666666
2022-03-14T20:14:26,23,2,120,0.19166666666666668,0.016666666666666666
2022-03-14T20:22:58,23,2,120,0.19166666666666668,0.016666666666666666
2022-03-14T20:31:29,23,2,120,0.19166666666666668,0.016666666666666666
2022-03-14T20:40:01,23,2,120,0.19166666666666668,0.016666666666666666
2022-03-14T20:48:33,23,2,120,0.19166666666666668,0.016666666666666666
2022-03-14T20:57:05,23,2,120,0.19166666666666668,0.016666666666666666
2022-03-14T21:05:37,23,2,120,0.19166666666666668,0.016666666666666666
2022-03-14T21:14:09,23,2,120,0.19166666666666668,0.016666666666666666
2022-03-14T21:22:40,23,2,120,0.19166666666666668,0.016666666666666666
2022-03-14T21:31:12,23,2,120,0.19166666666666668,0.016666666666666666
2022-03-14T21:39:44,23,2,120,0.19166666666666668,0.016666666666666666
2022-03-14T21:48:26,23,2,120,0.19166666666666668,0.016666666666666666
2022-03-14T21:56:58,23,2,120,0.19166666666666668,0.016666666666666666
2022-03-14T22:05:30,23,2,120,0.19166666666666668,0.016666666666666666
2022-03-14T22:14:02,23,2,120,0.19166666666666668,0.016666666666666666
2022-03-14T22:22:33,23,2,120,0.19166666666666668,0.016666666666666666
2022-03-14T22:31:05,23,2,120,0.19166666666666668,0.016666666666666666
2022-03-14T22:39:37,23,2,120,0.19166666666666668,0.016666666666666666
2022-03-14T22:48:09,23,2,120,0.19166666666666668,0.016666666666666666
2022-03-14T22:56:41,23,2,120,0.19166666666666668,0.016666666666666666
2022-03-14T23:05:13,23,2,120,0.19166666666666668,0.016666666666666666
2022-03-14T23:13:45,23,2,120,0.19166666666666668,0.016666666666666666
2022-03-14T23:22:18,23,2,120,0.19166666666666668,0.016666666666666666
2022-03-14T23:30:50,23,2,120,0.19166666666666668,0.016666666666666666
2022-03-14T23:39:23,23,2,120,0.19166666666666668,0.016666666666666666
2022-03-14T23:47:56,23,2,120,0.19166666666666668,0.016666666666666666
2022-03-14T23:56:28,23,2,120,0.19166666666666668,0.016666666666666666
2022-03-15T00:05:01,23,2,120,0.19166666666666668,0.016666666666666666
2022-03-15T00:13:34,23,2,120,0.19166666666666668,0.016666666666666666
2022-03-15T00:22:07,23,2,120,0.19166666666666668,0.016666666666666666
2022-03-15T00:30:40,23,2,120,0.19166666666666668,0.016666666666666666
2022-03-15T00:39:13,23,2,120,0.19166666666666668,0.016666666666666666
2022-03-15T00:47:46,23,2,120,0.19166666666666668,0.016666666666666666
2022-03-15T00:56:19,23,2,120,0.19166666666666668,0.016666666666666666
2022-03-15T01:04:51,23,2,120,0.19166666666666668,0.016666666666666666
2022-03-15T01:13:23,23,2,120,0.19166666666666668,0.016666666666666666
2022-03-15T01:21:56,23,2,120,0.19166666666666668,0.016666666666666666
2022-03-15T01:30:37,23,2,120,0.19166666666666668,0.016666666666666666
2022-03-15T01:39:09,23,2,120,0.19166666666666668,0.016666666666666666
2022-03-15T01:47:41,23,2,120,0.19166666666666668,0.016666666666666666
2022-03-15T01:56:13,23,2,120,0.19166666666666668,0.016666666666666666
2022-03-15T02:04:45,23,2,120,0.19166666666666668,0.016666666666666666
2022-03-15T02:13:17,23,2,120,0.19166666666666668,0.016666666666666666
2022-03-15T02:21:49,23,2,120,0.19166666666666668,0.016666666666666666
2022-03-15T02:30:21,23,2,120,0.19166666666666668,0.016666666666666666
2022-03-15T02:38:52,23,2,120,0.19166666666666668,0.016666666666666666
2022-03-15T02:47:24,23,2,120,0.19166666666666668,0.016666666666666666
2022-03-15T02:55:56,23,2,120,0.19166666666666668,0.016666666666666666
2022-03-15T03:04:27,23,2,120,0.19166666666666668,0.016666666666666666
2022-03-15T03:12:59,23,2,120,0.19166666666666668,0.016666666666666666
2022-03-15T03:21:31,23,2,120,0.19166666666666668,0.016666666666666666
2022-03-15T03:30:03,23,2,120,0.19166666666666668,0.016666666666666666
2022-03-15T03:38:36,23,2,120,0.19166666666666668,0.016666666666666666
2022-03-15T03:47:08,23,2,120,0.19166666666666668,0.016666666666666666
2022-03-15T03:55:40,23,2,120,0.19166666666666668,0.016666666666666666
2022-03-15T04:04:12,23,2,120,0.19166666666666668,0.016666666666666666
2022-03-15T04:18:35,23,2,120,0.19166666666666668,0.016666666666666666
2022-03-15T04:29:13,23,2,120,0.19166666666666668,0.016666666666666666
2022-03-15T04:37:46,23,2,120,0.19166666666666668,0.016666666666666666
2022-03-15T04:47:33,23,2,120,0.19166666666666668,0.016666666666666666
2022-03-15T04:56:23,23,2,120,0.19166666666666668,0.016666666666666666
2022-03-15T05:04:56,23,2,120,0.19166666666666668,0.016666666666666666
2022-03-15T05:13:28,23,2,120,0.19166666666666668,0.016666666666666666
2022-03-15T05:22:01,23,2,120,0.19166666666666668,0.016666666666666666
2022-03-15T05:30:34,23,2,120,0.19166666666666668,0.016666666666666666
2022-03-15T05:39:06,23,2,120,0.19166666666666668,0.016666666666666666
2022-03-15T05:47:43,23,2,120,0.19166666666666668,0.016666666666666666
2022-03-15T05:56:17,23,2,120,0.19166666666666668,0.016666666666666666
2022-03-15T06:04:50,23,2,120,0.19166666666666668,0.016666666666666666
2022-03-15T06:13:22,23,2,120,0.19166666666666668,0.016666666666666666
2022-03-15T06:21:54,23,2,120,0.19166666666666668,0.016666666666666666
2022-03-15T06:30:26,23,2,120,0.19166666666666668,0.016666666666666666
2022-03-15T06:38:58,23,2,120,0.19166666666666668,0.016666666666666666
2022-03-15T06:47:31,23,2,120,0.19166666666666668,0.016666666666666666
2022-03-15T06:56:11,23,2,120,0.19166666666666668,0.016666666666666666
2022-03-15T07:04:43,23,2,120,0.19166666666666668,0.016666666666666666
2022-03-15T07:13:14,23,2,120,0.19166666666666668,0.016666666666666666
2022-03-15T07:21:46,23,2,120,0.19166666666666668,0.016666666666666666
2022-03-15T07:30:18,23,2,120,0.19166666666666668,0.016666666666666666
2022-03-15T07:38:50,23,2,120,0.19166666666666668,0.016666666666666666
2022-03-15T07:47:21,23,2,120,0.19166666666666668,0.016666666666666666
2022-03-15T07:55:53,23,2,120,0.19166666666666668,0.016666666666666666
2022-03-15T08:04:25,23,2,120,0.19166666666666668,0.016666666666666666
2022-03-15T08:12:57,23,2,120,0.19166666666666668,0.016666666666666666
2022-03-15T08:21:29,23,2,120,0.19166666666666668,0.016666666666666666
2022-03-15T08:30:01,23,2,120,0.19166666666666668,0.016666666666666666
2022-03-15T08:38:33,23,2,120,0.19166666666666668,0.016666666666666666
2022-03-15T08:47:05,23,2,120,0.19166666666666668,0.016666666666666666
2022-03-15T08:55:37,23,2,120,0.19166666666666668,0.016666666666666666
2022-03-15T09:04:08,23,2,120,0.19166666666666668,0.016666666666666666
2022-03-15T09:12:54,23,2,120,0.19166666666666668,0.016666666666666666
2022-03-15T09:21:26,23,2,120,0.19166666666666668,0.016666666666666666
2022-03-15T09:29:58,23,2,120,0.19166666666666668,0.016666666666666666
2022-03-15T09:38:30,23,2,120,0.19166666666666668,0.016666666666666666
2022-03-15T09:47:02,23,2,120,0.19166666666666668,0.016666666666666666
2022-03-15T09:55:34,23,2,120,0.19166666666666668,0.016666666666666666
2022-03-15T10:04:05,23,2,120,0.19166666666666668,0.016666666666666666
2022-03-15T10:12:37,23,2,120,0.19166666666666668,0.016666666666666666
2022-03-15T10:21:09,23,2,120,0.19166666666666668,0.016666666666666666
2022-03-15T10:29:41,23,2,120,0.19166666666666668,0.016666666666666666
2022-03-15T10:38:13,23,2,120,0.19166666666666668,0.016666666666666666
2022-03-15T10:46:45,23,2,120,0.19166666666666668,0.016666666666666666
2022-03-15T10:55:17,23,2,120,0.19166666666666668,0.016666666666666666
2022-03-15T11:03:57,23,2,120,0.19166666666666668,0.016666666666666666
2022-03-15T11:12:29,23,2,120,0.19166666666666668,0.016666666666666666
2022-03-15T11:21:01,23,2,120,0.19166666666666668,0.016666666666666666
2022-03-15T11:29:33,23,2,120,0.19166666666666668,0.016666666666666666
2022-03-15T11:38:05,23,2,120,0.19166666666666668,0.016666666666666666
2022-03-15T11:46:37,23,2,120,0.19166666666666668,0.016666666666666666
2022-03-15T11:55:09,23,2,120,0.19166666666666668,0.016666666666666666
2022-03-15T12:03:40,23,2,120,0.19166666666666668,0.016666666666666666
2022-03-15T12:12:12,23,2,120,0.19166666666666668,0.016666666666666666
2022-03-15T12:20:44,23,2,120,0.19166666666666668,0.016666666666666666
2022-03-15T12:29:16,23,2,120,0.19166666666666668,0.016666666666666666
2022-03-15T12:37:48,23,2,120,0.19166666666666668,0.016666666666666666
2022-03-15T12:46:20,23,2,120,0.19166666666666668,0.016666666666666666
2022-03-15T12:55:01,23,2,120,0.19166666666666668,0.016666666666666666
2022-03-15T13:03:33,23,2,120,0.19166666666666668,0.016666666666666666
2022-03-15T13:12:05,23,2,120,0.19166666666666668,0.016666666666666666
2022-03-15T13:20:37,23,2,120,0.19166666666666668,0.016666666666666666
2022-03-15T13:29:09,23,2,120,0.19166666666666668,0.016666666666666666
2022-03-15T13:37:41,23,2,120,0.19166666666666668,0.016666666666666666
2022-03-15T13:46:13,23,2,120,0.19166666666666668,0.016666666666666666
2022-03-15T13:54:45,23,2,120,0.19166666666666668,0.016666666666666666
2022-03-15T14:03:17,23,2,120,0.19166666666666668,0.016666666666666666
2022-03-15T14:11:49,23,2,120,0.19166666666666668,0.016666666666666666
2022-03-15T14:20:21,23,2,120,0.19166666666666668,0.016666666666666666
2022-03-15T14:29:05,23,2,120,0.19166666666666668,0.016666666666666666
2022-03-15T14:37:36,23,2,120,0.19166666666666668,0.016666666666666666
2022-03-15T14:46:09,23,2,120,0.19166666666666668,0.016666666666666666
2022-03-15T14:54:40,23,2,120,0.19166666666666668,0.016666666666666666
2022-03-15T15:03:13,23,2,120,0.19166666666666668,0.016666666666666666
2022-03-15T15:11:45,23,2,120,0.19166666666666668,0.016666666666666666
2022-03-15T15:20:17,23,2,120,0.19166666666666668,0.016666666666666666
2022-03-15T15:28:49,23,2,120,0.19166666666666668,0.016666666666666666
2022-03-15T15:37:22,23,2,120,0.19166666666666668,0.016666666666666666
2022-03-15T15:45:54,23,2,120,0.19166666666666668,0.016666666666666666
2022-03-15T15:54:35,23,2,120,0.19166666666666668,0.016666666666666666
2022-03-15T16:03:07,23,2,120,0.19166666666666668,0.016666666666666666
2022-03-15T16:11:39,23,2,120,0.19166666666666668,0.016666666666666666
2022-03-15T16:20:11,23,2,120,0.19166666666666668,0.016666666666666666
2022-03-15T16:28:43,23,2,120,0.19166666666666668,0.016666666666666666
2022-03-15T16:37:15,23,2,120,0.19166666666666668,0.016666666666666666
2022-03-15T16:45:47,23,2,120,0.19166666666666668,0.016666666666666666
2022-03-15T16:54:19,23,2,120,0.19166666666666668,0.016666666666666666
2022-03-15T17:02:51,23,2,120,0.19166666666666668,0.016666666666666666
2022-03-15T17:11:22,23,2,120,0.19166666666666668,0.016666666666666666
2022-03-15T17:20:06,23,2,120,0.19166666666666668,0.016666666666666666
2022-03-15T17:28:38,23,2,120,0.19166666666666668,0.016666666666666666
2022-03-15T17:37:10,23,2,120,0.19166666666666668,0.016666666666666666
2022-03-15T17:45:42,23,2,120,0.19166666666666668,0.016666666666666666
2022-03-15T17:54:14,23,2,120,0.19166666666666668,0.016666666666666666
2022-03-15T18:02:46,23,2,120,0.19166666666666668,0.016666666666666666
2022-03-15T18:11:18,23,2,120,0.19166666666666668,0.016666666666666666
2022-03-15T18:19:59,23,2,120,0.19166666666666668,0.016666666666666666
2022-03-15T18:28:31,23,2,120,0.19166666666666668,0.016666666666666666
2022-03-15T18:37:03,23,2,120,0.19166666666666668,0.016666666666666666
2022-03-15T18:45:35,23,2,120,0.19166666666666668,0.016666666666666666
2022-03-15T18:54:07,23,2,120,0.19166666666666668,0.016666666666666666
2022-03-15T19:02:39,23,2,120,0.19166666666666668,0.016666666666666666
2022-03-15T19:11:10,23,2,120,0.19166666666666668,0.016666666666666666
2022-03-15T19:19:42,23,2,120,0.19166666666666668,0.016666666666666666
2022-03-15T19:28:14,23,2,120,0.19166666666666668,0.016666666666666666
2022-03-15T19:36:46,23,2,120,0.19166666666666668,0.016666666666666666
2022-03-15T19:45:28,23,2,120,0.19166666666666668,0.016666666666666666
2022-03-15T19:54:00,23,2,120,0.19166666666666668,0.016666666666666666
2022-03-15T20:02:32,23,2,120,0.19166666666666668,0.016666666666666666
2022-03-15T20:11:04,23,2,120,0.19166666666666668,0.016666666666666666
2022-03-15T20:19:36,23,2,120,0.19166666666666668,0.016666666666666666
2022-03-15T20:28:07,23,2,120,0.19166666666666668,0.016666666666666666
2022-03-15T20:36:39,23,2,120,0.19166666666666668,0.016666666666666666
2022-03-15T20:45:11,23,2,120,0.19166666666666668,0.016666666666666666
2022-03-15T20:53:43,23,2,120,0.19166666666666668,0.016666666666666666
2022-03-15T21:02:14,23,2,120,0.19166666666666668,0.016666666666666666
2022-03-15T21:10:46,23,2,120,0.19166666666666668,0.016666666666666666
2022-03-15T21:19:18,23,2,120,0.19166666666666668,0.016666666666666666
2022-03-15T21:27:50,23,2,120,0.19166666666666668,0.016666666666666666
2022-03-15T21:36:29,23,2,120,0.19166666666666668,0.016666666666666666
2022-03-15T21:45:01,23,2,120,0.19166666666666668,0.016666666666666666
2022-03-15T21:53:33,23,2,120,0.19166666666666668,0.016666666666666666
2022-03-15T22:02:04,23,2,120,0.19166666666666668,0.016666666666666666
2022-03-15T22:10:36,23,2,120,0.19166666666666668,0.016666666666666666
2022-03-15T22:19:09,23,2,120,0.19166666666666668,0.016666666666666666
2022-03-15T22:27:40,23,2,120,0.19166666666666668,0.016666666666666666
2022-03-15T22:36:12,23,2,120,0.19166666666666668,0.016666666666666666
2022-03-15T22:44:44,23,2,120,0.19166666666666668,0.016666666666666666
2022-03-15T22:53:16,23,2,120,0.19166666666666668,0.016666666666666666
2022-03-15T23:01:57,23,2,120,0.19166666666666668,0.016666666666666666
2022-03-15T23:10:28,23,2,120,0.19166666666666668,0.016666666666666666
2022-03-15T23:19:00,23,2,120,0.19166666666666668,0.016666666666666666
2022-03-15T23:27:32,23,2,120,0.19166666666666668,0.016666666666666666
2022-03-15T23:36:04,23,2,120,0.19166666666666668,0.016666666666666666
2022-03-15T23:44:35,23,2,120,0.19166666666666668,0.016666666666666666
2022-03-15T23:53:07,23,2,120,0.19166666666666668,0.016666666666666666
2022-03-16T00:01:39,23,2,120,0.19166666666666668,0.016666666666666666
2022-03-16T00:10:11,23,2,120,0.19166666666666668,0.016666666666666666
2022-03-16T00:18:43,23,2,120,0.19166666666666668,0.016666666666666666
2022-03-16T00:27:15,23,2,120,0.19166666666666668,0.016666666666666666
2022-03-16T00:35:47,23,2,120,0.19166666666666668,0.016666666666666666
2022-03-16T00:44:19,23,2,120,0.19166666666666668,0.016666666666666666
2022-03-16T00:53:00,23,2,120,0.19166666666666668,0.016666666666666666
2022-03-16T01:01:32,23,2,120,0.19166666666666668,0.016666666666666666
2022-03-16T01:10:04,23,2,120,0.19166666666666668,0.016666666666666666
2022-03-16T01:18:36,23,2,120,0.19166666666666668,0.016666666666666666
2022-03-16T01:27:08,23,2,120,0.19166666666666668,0.016666666666666666
2022-03-16T01:35:40,23,2,120,0.19166666666666668,0.016666666666666666
2022-03-16T01:44:12,23,2,120,0.19166666666666668,0.016666666666666666
2022-03-16T01:52:43,23,2,120,0.19166666666666668,0.016666666666666666
2022-03-16T02:01:15,23,2,120,0.19166666666666668,0.016666666666666666
2022-03-16T02:09:47,23,2,120,0.19166666666666668,0.016666666666666666
2022-03-16T02:18:19,23,2,120,0.19166666666666668,0.016666666666666666
2022-03-16T02:27:00,23,2,120,0.19166666666666668,0.016666666666666666
2022-03-16T02:35:37,23,2,120,0.19166666666666668,0.016666666666666666
2022-03-16T02:44:09,23,2,120,0.19166666666666668,0.016666666666666666
2022-03-16T02:52:41,23,2,120,0.19166666666666668,0.016666666666666666
2022-03-16T03:01:13,23,2,120,0.19166666666666668,0.016666666666666666
2022-03-16T03:09:45,23,2,120,0.19166666666666668,0.016666666666666666
2022-03-16T03:18:17,23,2,120,0.19166666666666668,0.016666666666666666
2022-03-16T03:26:49,23,2,120,0.19166666666666668,0.016666666666666666
2022-03-16T03:35:21,23,2,120,0.19166666666666668,0.016666666666666666
2022-03-16T03:43:52,23,2,120,0.19166666666666668,0.016666666666666666
2022-03-16T03:52:24,23,2,120,0.19166666666666668,0.016666666666666666
2022-03-16T04:00:56,23,2,120,0.19166666666666668,0.016666666666666666
2022-03-16T04:10:39,23,2,120,0.19166666666666668,0.016666666666666666
2022-03-16T04:28:11,23,2,120,0.19166666666666668,0.016666666666666666
2022-03-16T04:37:00,23,2,120,0.19166666666666668,0.016666666666666666
2022-03-16T04:45:33,23,2,120,0.19166666666666668,0.016666666666666666
2022-03-16T04:54:06,23,2,120,0.19166666666666668,0.016666666666666666
2022-03-16T05:02:38,23,2,120,0.19166666666666668,0.016666666666666666
2022-03-16T05:11:11,23,2,120,0.19166666666666668,0.016666666666666666
2022-03-16T05:19:43,23,2,120,0.19166666666666668,0.016666666666666666
2022-03-16T05:28:15,23,2,120,0.19166666666666668,0.016666666666666666
2022-03-16T05:36:49,23,2,120,0.19166666666666668,0.016666666666666666
2022-03-16T05:45:21,23,2,120,0.19166666666666668,0.016666666666666666
2022-03-16T05:53:53,23,2,120,0.19166666666666668,0.016666666666666666
2022-03-16T06:02:26,23,2,120,0.19166666666666668,0.016666666666666666
2022-03-16T06:11:01,23,2,120,0.19166666666666668,0.016666666666666666
2022-03-16T06:19:33,23,2,120,0.19166666666666668,0.016666666666666666
2022-03-16T06:28:05,23,2,120,0.19166666666666668,0.016666666666666666
2022-03-16T06:36:38,23,2,120,0.19166666666666668,0.016666666666666666
2022-03-16T06:45:10,23,2,120,0.19166666666666668,0.016666666666666666
2022-03-16T06:53:42,23,2,120,0.19166666666666668,0.016666666666666666
2022-03-16T07:02:14,23,2,120,0.19166666666666668,0.016666666666666666
2022-03-16T07:10:46,23,2,120,0.19166666666666668,0.016666666666666666
2022-03-16T07:19:18,23,2,120,0.19166666666666668,0.016666666666666666
2022-03-16T07:27:50,23,2,120,0.19166666666666668,0.016666666666666666
2022-03-16T07:36:22,23,2,120,0.19166666666666668,0.016666666666666666
2022-03-16T07:44:53,23,2,120,0.19166666666666668,0.016666666666666666
2022-03-16T07:53:25,23,2,120,0.19166666666666668,0.016666666666666666
2022-03-16T08:01:57,23,2,120,0.19166666666666668,0.016666666666666666
2022-03-16T08:10:29,23,2,120,0.19166666666666668,0.016666666666666666
2022-03-16T08:19:01,23,2,120,0.19166666666666668,0.016666666666666666
2022-03-16T08:27:33,23,2,120,0.19166666666666668,0.016666666666666666
2022-03-16T08:36:04,23,2,120,0.19166666666666668,0.016666666666666666
2022-03-16T08:44:36,23,2,120,0.19166666666666668,0.016666666666666666
2022-03-16T08:53:08,23,2,120,0.19166666666666668,0.016666666666666666
2022-03-16T09:01:40,23,2,120,0.19166666666666668,0.016666666666666666
2022-03-16T09:10:12,23,2,120,0.19166666666666668,0.016666666666666666
2022-03-16T09:18:55,23,2,120,0.19166666666666668,0.016666666666666666
2022-03-16T09:27:26,23,2,120,0.19166666666666668,0.016666666666666666
2022-03-16T09:35:58,23,2,120,0.19166666666666668,0.016666666666666666
2022-03-16T09:44:30,23,2,120,0.19166666666666668,0.016666666666666666
2022-03-16T09:53:02,23,2,120,0.19166666666666668,0.016666666666666666
2022-03-16T10:01:34,23,2,120,0.19166666666666668,0.016666666666666666
2022-03-16T10:10:06,23,2,120,0.19166666666666668,0.016666666666666666
2022-03-16T10:18:38,23,2,120,0.19166666666666668,0.016666666666666666
2022-03-16T10:27:10,23,2,120,0.19166666666666668,0.016666666666666666
2022-03-16T10:35:42,23,2,120,0.19166666666666668,0.016666666666666666
2022-03-16T10:44:14,23,2,120,0.19166666666666668,0.016666666666666666
2022-03-16T10:52:46,23,2,120,0.19166666666666668,0.016666666666666666
2022-03-16T11:01:18,23,2,120,0.19166666666666668,0.016666666666666666
2022-03-16T11:09:50,23,2,120,0.19166666666666668,0.016666666666666666
2022-03-16T11:18:34,23,2,120,0.19166666666666668,0.016666666666666666
2022-03-16T11:27:06,23,2,120,0.19166666666666668,0.016666666666666666
2022-03-16T11:35:38,23,2,120,0.19166666666666668,0.016666666666666666
2022-03-16T11:44:10,23,2,120,0.19166666666666668,0.016666666666666666
2022-03-16T11:52:42,23,2,120,0.19166666666666668,0.016666666666666666
2022-03-16T12:01:14,23,2,120,0.19166666666666668,0.016666666666666666
2022-03-16T12:09:46,23,2,120,0.19166666666666668,0.016666666666666666
2022-03-16T12:18:18,23,2,120,0.19166666666666668,0.016666666666666666
2022-03-16T12:26:50,23,2,120,0.19166666666666668,0.016666666666666666
2022-03-16T12:35:22,23,2,120,0.19166666666666668,0.016666666666666666
2022-03-16T12:43:53,23,2,120,0.19166666666666668,0.016666666666666666
2022-03-16T12:52:36,23,2,120,0.19166666666666668,0.016666666666666666
2022-03-16T13:01:07,23,2,120,0.19166666666666668,0.016666666666666666
2022-03-16T13:09:39,23,2,120,0.19166666666666668,0.016666666666666666
2022-03-16T13:18:11,23,2,120,0.19166666666666668,0.016666666666666666
2022-03-16T13:26:43,23,2,120,0.19166666666666668,0.016666666666666666
2022-03-16T13:35:15,23,2,120,0.19166666666666668,0.016666666666666666
2022-03-16T13:43:49,23,2,120,0.19166666666666668,0.016666666666666666
2022-03-16T13:52:21,23,2,120,0.19166666666666668,0.016666666666666666
2022-03-16T14:01:02,23,2,120,0.19166666666666668,0.016666666666666666
2022-03-16T14:09:34,23,2,120,0.19166666666666668,0.016666666666666666
2022-03-16T14:18:06,23,2,120,0.19166666666666668,0.016666666666666666
2022-03-16T14:26:38,22,2,120,0.18333333333333332,0.016666666666666666
2022-03-16T14:35:11,22,2,120,0.18333333333333332,0.016666666666666666
2022-03-16T14:43:50,22,2,120,0.18333333333333332,0.016666666666666666
2022-03-16T14:52:23,22,2,120,0.18333333333333332,0.016666666666666666
2022-03-16T15:01:06,22,2,120,0.18333333333333332,0.016666666666666666
2022-03-16T15:09:38,22,2,120,0.18333333333333332,0.016666666666666666
2022-03-16T15:18:10,22,2,120,0.18333333333333332,0.016666666666666666
2022-03-16T15:26:43,22,2,120,0.18333333333333332,0.016666666666666666
2022-03-16T15:35:15,22,2,120,0.18333333333333332,0.016666666666666666
2022-03-16T15:43:47,22,2,120,0.18333333333333332,0.016666666666666666
2022-03-16T15:52:19,22,2,120,0.18333333333333332,0.016666666666666666
2022-03-16T16:00:51,22,2,120,0.18333333333333332,0.016666666666666666
2022-03-16T16:09:23,22,2,120,0.18333333333333332,0.016666666666666666
2022-03-16T16:17:55,22,2,120,0.18333333333333332,0.016666666666666666
2022-03-16T16:26:27,22,2,120,0.18333333333333332,0.016666666666666666
2022-03-16T16:34:59,22,2,120,0.18333333333333332,0.016666666666666666
2022-03-16T16:43:40,22,2,120,0.18333333333333332,0.016666666666666666
2022-03-16T16:52:12,22,2,120,0.18333333333333332,0.016666666666666666
2022-03-16T17:00:44,22,2,120,0.18333333333333332,0.016666666666666666
2022-03-16T17:09:16,22,2,120,0.18333333333333332,0.016666666666666666
2022-03-16T17:17:48,22,2,120,0.18333333333333332,0.016666666666666666
2022-03-16T17:26:19,22,2,120,0.18333333333333332,0.016666666666666666
2022-03-16T17:34:51,22,2,120,0.18333333333333332,0.016666666666666666
2022-03-16T17:43:23,22,2,120,0.18333333333333332,0.016666666666666666
2022-03-16T17:51:55,22,2,120,0.18333333333333332,0.016666666666666666
2022-03-16T18:00:35,22,2,120,0.18333333333333332,0.016666666666666666
2022-03-16T18:09:07,22,2,120,0.18333333333333332,0.016666666666666666
2022-03-16T18:17:38,22,2,120,0.18333333333333332,0.016666666666666666
2022-03-16T18:26:10,22,2,120,0.18333333333333332,0.016666666666666666
2022-03-16T18:34:42,22,2,120,0.18333333333333332,0.016666666666666666
2022-03-16T18:43:14,22,2,120,0.18333333333333332,0.016666666666666666
2022-03-16T18:51:46,22,2,120,0.18333333333333332,0.016666666666666666
2022-03-16T19:00:17,22,2,120,0.18333333333333332,0.016666666666666666
2022-03-16T19:08:58,22,2,120,0.18333333333333332,0.016666666666666666
2022-03-16T19:17:30,22,2,120,0.18333333333333332,0.016666666666666666
2022-03-16T19:26:02,22,2,120,0.18333333333333332,0.016666666666666666
2022-03-16T19:34:34,22,2,120,0.18333333333333332,0.016666666666666666
2022-03-16T19:43:06,22,2,120,0.18333333333333332,0.016666666666666666
2022-03-16T19:51:37,22,2,120,0.18333333333333332,0.016666666666666666
2022-03-16T20:00:09,22,2,120,0.18333333333333332,0.016666666666666666
2022-03-16T20:08:41,22,2,120,0.18333333333333332,0.016666666666666666
2022-03-16T20:17:13,22,2,120,0.18333333333333332,0.016666666666666666
2022-03-16T20:25:44,22,2,120,0.18333333333333332,0.016666666666666666
2022-03-16T20:34:27,22,2,120,0.18333333333333332,0.016666666666666666
2022-03-16T20:42:59,22,2,120,0.18333333333333332,0.016666666666666666
2022-03-16T20:51:31,22,2,120,0.18333333333333332,0.016666666666666666
2022-03-16T21:00:02,22,2,120,0.18333333333333332,0.016666666666666666
2022-03-16T21:08:34,22,2,120,0.18333333333333332,0.016666666666666666
2022-03-16T21:17:06,22,2,120,0.18333333333333332,0.016666666666666666
2022-03-16T21:25:37,22,2,120,0.18333333333333332,0.016666666666666666
2022-03-16T21:34:09,22,2,120,0.18333333333333332,0.016666666666666666
2022-03-16T21:42:41,22,2,120,0.18333333333333332,0.016666666666666666
2022-03-16T21:51:13,22,2,120,0.18333333333333332,0.016666666666666666
2022-03-16T21:59:45,22,2,120,0.18333333333333332,0.016666666666666666
2022-03-16T22:08:17,22,2,120,0.18333333333333332,0.016666666666666666
2022-03-16T22:16:57,22,2,120,0.18333333333333332,0.016666666666666666
2022-03-16T22:25:29,22,2,120,0.18333333333333332,0.016666666666666666
2022-03-16T22:34:01,22,2,120,0.18333333333333332,0.016666666666666666
2022-03-16T22:42:32,22,2,120,0.18333333333333332,0.016666666666666666
2022-03-16T22:51:04,22,2,120,0.18333333333333332,0.016666666666666666
2022-03-16T22:59:36,22,2,120,0.18333333333333332,0.016666666666666666
2022-03-16T23:08:08,22,2,120,0.18333333333333332,0.016666666666666666
2022-03-16T23:16:39,22,2,120,0.18333333333333332,0.016666666666666666
2022-03-16T23:25:11,22,2,120,0.18333333333333332,0.016666666666666666
2022-03-16T23:33:52,22,2,120,0.18333333333333332,0.016666666666666666
2022-03-16T23:42:24,22,2,120,0.18333333333333332,0.016666666666666666
2022-03-16T23:50:56,22,2,120,0.18333333333333332,0.016666666666666666
2022-03-16T23:59:27,22,2,120,0.18333333333333332,0.016666666666666666
2022-03-17T00:07:59,22,2,120,0.18333333333333332,0.016666666666666666
2022-03-17T00:16:31,22,2,120,0.18333333333333332,0.016666666666666666
2022-03-17T00:25:03,22,2,120,0.18333333333333332,0.016666666666666666
2022-03-17T00:33:35,22,2,120,0.18333333333333332,0.016666666666666666
2022-03-17T00:42:08,22,2,120,0.18333333333333332,0.016666666666666666
2022-03-17T00:50:40,22,2,120,0.18333333333333332,0.016666666666666666
2022-03-17T00:59:12,22,2,120,0.18333333333333332,0.016666666666666666
2022-03-17T01:07:44,22,2,120,0.18333333333333332,0.016666666666666666
2022-03-17T01:16:16,22,2,120,0.18333333333333332,0.016666666666666666
2022-03-17T01:24:56,22,2,120,0.18333333333333332,0.016666666666666666
2022-03-17T01:33:28,22,2,120,0.18333333333333332,0.016666666666666666
2022-03-17T01:42:00,22,2,120,0.18333333333333332,0.016666666666666666
2022-03-17T01:50:31,22,2,120,0.18333333333333332,0.016666666666666666
2022-03-17T01:59:03,22,2,120,0.18333333333333332,0.016666666666666666
2022-03-17T02:07:35,22,2,120,0.18333333333333332,0.016666666666666666
2022-03-17T02:16:06,22,2,120,0.18333333333333332,0.016666666666666666
2022-03-17T02:24:38,22,2,120,0.18333333333333332,0.016666666666666666
2022-03-17T02:33:11,22,2,120,0.18333333333333332,0.016666666666666666
2022-03-17T02:41:42,22,2,120,0.18333333333333332,0.016666666666666666
2022-03-17T02:50:15,22,2,120,0.18333333333333332,0.016666666666666666
2022-03-17T02:58:47,22,2,120,0.18333333333333332,0.016666666666666666
2022-03-17T03:07:19,22,2,120,0.18333333333333332,0.016666666666666666
2022-03-17T03:15:50,22,2,120,0.18333333333333332,0.016666666666666666
2022-03-17T03:24:31,22,2,120,0.18333333333333332,0.016666666666666666
2022-03-17T03:33:03,22,2,120,0.18333333333333332,0.016666666666666666
2022-03-17T03:41:34,22,2,120,0.18333333333333332,0.016666666666666666
2022-03-17T03:50:06,22,2,120,0.18333333333333332,0.016666666666666666
2022-03-17T03:58:38,22,2,120,0.18333333333333332,0.016666666666666666
2022-03-17T04:07:10,22,2,120,0.18333333333333332,0.016666666666666666
2022-03-17T04:18:48,22,2,120,0.18333333333333332,0.016666666666666666
2022-03-17T04:28:10,22,2,120,0.18333333333333332,0.016666666666666666
2022-03-17T04:36:52,22,2,120,0.18333333333333332,0.016666666666666666
2022-03-17T04:45:25,22,2,120,0.18333333333333332,0.016666666666666666
2022-03-17T04:53:58,22,2,120,0.18333333333333332,0.016666666666666666
2022-03-17T05:02:30,22,2,120,0.18333333333333332,0.016666666666666666
2022-03-17T05:11:03,22,2,120,0.18333333333333332,0.016666666666666666
2022-03-17T05:19:35,22,2,120,0.18333333333333332,0.016666666666666666
2022-03-17T05:28:07,22,2,120,0.18333333333333332,0.016666666666666666
2022-03-17T05:36:39,22,2,120,0.18333333333333332,0.016666666666666666
2022-03-17T05:45:11,22,2,120,0.18333333333333332,0.016666666666666666
2022-03-17T05:53:43,22,2,120,0.18333333333333332,0.016666666666666666
2022-03-17T06:02:15,22,2,120,0.18333333333333332,0.016666666666666666
2022-03-17T06:10:46,22,2,120,0.18333333333333332,0.016666666666666666
2022-03-17T06:19:18,22,2,120,0.18333333333333332,0.016666666666666666
2022-03-17T06:27:50,22,2,120,0.18333333333333332,0.016666666666666666
2022-03-17T06:36:22,22,2,120,0.18333333333333332,0.016666666666666666
2022-03-17T06:44:54,22,2,120,0.18333333333333332,0.016666666666666666
2022-03-17T06:53:26,22,2,120,0.18333333333333332,0.016666666666666666
2022-03-17T07:01:59,22,2,120,0.18333333333333332,0.016666666666666666
2022-03-17T07:10:32,22,2,120,0.18333333333333332,0.016666666666666666
2022-03-17T07:19:04,22,2,120,0.18333333333333332,0.016666666666666666
2022-03-17T07:27:36,22,2,120,0.18333333333333332,0.016666666666666666
2022-03-17T07:36:08,22,2,120,0.18333333333333332,0.016666666666666666
2022-03-17T07:44:40,22,2,120,0.18333333333333332,0.016666666666666666
2022-03-17T07:53:12,22,2,120,0.18333333333333332,0.016666666666666666
2022-03-17T08:01:43,22,2,120,0.18333333333333332,0.016666666666666666
2022-03-17T08:10:24,22,2,120,0.18333333333333332,0.016666666666666666
2022-03-17T08:18:56,22,2,120,0.18333333333333332,0.016666666666666666
2022-03-17T08:27:29,22,2,120,0.18333333333333332,0.016666666666666666
2022-03-17T08:36:01,21,2,120,0.175,0.016666666666666666
2022-03-17T08:44:34,21,2,120,0.175,0.016666666666666666
2022-03-17T08:53:06,21,2,120,0.175,0.016666666666666666
2022-03-17T09:01:38,21,2,120,0.175,0.016666666666666666
2022-03-17T09:10:11,21,2,120,0.175,0.016666666666666666
2022-03-17T09:18:43,21,2,120,0.175,0.016666666666666666
2022-03-17T09:27:15,21,2,120,0.175,0.016666666666666666
2022-03-17T09:35:47,21,2,120,0.175,0.016666666666666666
2022-03-17T09:44:19,21,2,120,0.175,0.016666666666666666
2022-03-17T09:52:52,21,2,120,0.175,0.016666666666666666
2022-03-17T10:01:24,21,2,120,0.175,0.016666666666666666
2022-03-17T10:09:56,21,2,120,0.175,0.016666666666666666
2022-03-17T10:18:28,21,2,120,0.175,0.016666666666666666
2022-03-17T10:27:00,21,2,120,0.175,0.016666666666666666
2022-03-17T10:35:41,21,2,120,0.175,0.016666666666666666
2022-03-17T10:44:13,21,2,120,0.175,0.016666666666666666
2022-03-17T10:52:46,21,2,120,0.175,0.016666666666666666
2022-03-17T11:01:18,21,2,120,0.175,0.016666666666666666
2022-03-17T11:09:50,21,2,120,0.175,0.016666666666666666
2022-03-17T11:18:22,21,2,120,0.175,0.016666666666666666
2022-03-17T11:26:54,21,2,120,0.175,0.016666666666666666
2022-03-17T11:35:26,21,2,120,0.175,0.016666666666666666
2022-03-17T11:43:58,21,2,120,0.175,0.016666666666666666
2022-03-17T11:52:43,21,2,120,0.175,0.016666666666666666
2022-03-17T12:01:15,21,2,120,0.175,0.016666666666666666
2022-03-17T12:09:47,21,2,120,0.175,0.016666666666666666
2022-03-17T12:18:19,21,2,120,0.175,0.016666666666666666
2022-03-17T12:26:51,21,2,120,0.175,0.016666666666666666
2022-03-17T12:35:23,21,2,120,0.175,0.016666666666666666
2022-03-17T12:43:56,21,2,120,0.175,0.016666666666666666
2022-03-17T12:52:28,21,2,120,0.175,0.016666666666666666
2022-03-17T13:01:07,21,2,120,0.175,0.016666666666666666
2022-03-17T13:09:39,21,2,120,0.175,0.016666666666666666
2022-03-17T13:18:12,21,2,120,0.175,0.016666666666666666
2022-03-17T13:26:44,21,2,120,0.175,0.016666666666666666
2022-03-17T13:35:16,21,2,120,0.175,0.016666666666666666
2022-03-17T13:43:49,21,2,120,0.175,0.016666666666666666
2022-03-17T13:52:21,21,2,120,0.175,0.016666666666666666
2022-03-17T14:00:54,21,2,120,0.175,0.016666666666666666
2022-03-17T14:09:26,21,2,120,0.175,0.016666666666666666
2022-03-17T14:17:59,21,2,120,0.175,0.016666666666666666
2022-03-17T14:26:44,21,2,120,0.175,0.016666666666666666
2022-03-17T14:35:16,21,2,120,0.175,0.016666666666666666
2022-03-17T14:43:49,21,2,120,0.175,0.016666666666666666
2022-03-17T14:52:21,21,2,120,0.175,0.016666666666666666
2022-03-17T15:00:54,21,2,120,0.175,0.016666666666666666
2022-03-17T15:09:26,21,2,120,0.175,0.016666666666666666
2022-03-17T15:17:59,21,2,120,0.175,0.016666666666666666
2022-03-17T15:26:43,21,2,120,0.175,0.016666666666666666
2022-03-17T15:35:15,21,2,120,0.175,0.016666666666666666
2022-03-17T15:43:48,21,2,120,0.175,0.016666666666666666
2022-03-17T15:52:20,21,2,120,0.175,0.016666666666666666
2022-03-17T16:01:00,21,2,120,0.175,0.016666666666666666
2022-03-17T16:09:32,21,2,120,0.175,0.016666666666666666
2022-03-17T16:18:04,21,2,120,0.175,0.016666666666666666
2022-03-17T16:26:36,21,2,120,0.175,0.016666666666666666
2022-03-17T16:35:08,21,2,120,0.175,0.016666666666666666
2022-03-17T16:43:49,21,2,120,0.175,0.016666666666666666
2022-03-17T16:52:21,21,2,120,0.175,0.016666666666666666
2022-03-17T17:00:53,21,2,120,0.175,0.016666666666666666
2022-03-17T17:09:25,21,2,120,0.175,0.016666666666666666
2022-03-17T17:17:57,21,2,120,0.175,0.016666666666666666
2022-03-17T17:26:29,21,2,120,0.175,0.016666666666666666
2022-03-17T17:35:00,21,2,120,0.175,0.016666666666666666
2022-03-17T17:43:41,21,2,120,0.175,0.016666666666666666
2022-03-17T17:52:13,21,2,120,0.175,0.016666666666666666
2022-03-17T18:00:45,21,2,120,0.175,0.016666666666666666
2022-03-17T18:09:17,21,2,120,0.175,0.016666666666666666
2022-03-17T18:17:49,21,2,120,0.175,0.016666666666666666
2022-03-17T18:26:21,21,2,120,0.175,0.016666666666666666
2022-03-17T18:35:02,21,2,120,0.175,0.016666666666666666
2022-03-17T18:43:34,21,2,120,0.175,0.016666666666666666
2022-03-17T18:52:06,21,2,120,0.175,0.016666666666666666
2022-03-17T19:00:38,21,2,120,0.175,0.016666666666666666
2022-03-17T19:09:10,21,2,120,0.175,0.016666666666666666
2022-03-17T19:17:42,21,2,120,0.175,0.016666666666666666
2022-03-17T19:26:13,21,2,120,0.175,0.016666666666666666
2022-03-17T19:34:45,21,2,120,0.175,0.016666666666666666
2022-03-17T19:43:17,21,2,120,0.175,0.016666666666666666
2022-03-17T19:51:49,21,2,120,0.175,0.016666666666666666
2022-03-17T20:00:29,21,2,120,0.175,0.016666666666666666
2022-03-17T20:09:01,21,2,120,0.175,0.016666666666666666
2022-03-17T20:17:32,21,2,120,0.175,0.016666666666666666
2022-03-17T20:26:04,21,2,120,0.175,0.016666666666666666
2022-03-17T20:34:36,21,2,120,0.175,0.016666666666666666
2022-03-17T20:43:08,21,2,120,0.175,0.016666666666666666
2022-03-17T20:51:40,21,2,120,0.175,0.016666666666666666
2022-03-17T21:00:12,21,2,120,0.175,0.016666666666666666
2022-03-17T21:08:54,21,2,120,0.175,0.016666666666666666
2022-03-17T21:17:26,21,2,120,0.175,0.016666666666666666
2022-03-17T21:25:58,21,2,120,0.175,0.016666666666666666
2022-03-17T21:34:30,21,2,120,0.175,0.016666666666666666
2022-03-17T21:43:01,21,2,120,0.175,0.016666666666666666
2022-03-17T21:51:33,21,2,120,0.175,0.016666666666666666
2022-03-17T22:00:05,21,2,120,0.175,0.016666666666666666
2022-03-17T22:08:37,21,2,120,0.175,0.016666666666666666
2022-03-17T22:17:09,21,2,120,0.175,0.016666666666666666
2022-03-17T22:25:51,21,2,120,0.175,0.016666666666666666
2022-03-17T22:34:22,21,2,120,0.175,0.016666666666666666
2022-03-17T22:42:54,21,2,120,0.175,0.016666666666666666
2022-03-17T22:51:26,21,2,120,0.175,0.016666666666666666
2022-03-17T22:59:58,21,2,120,0.175,0.016666666666666666
2022-03-17T23:08:33,21,2,120,0.175,0.016666666666666666
2022-03-17T23:17:08,21,2,120,0.175,0.016666666666666666
2022-03-17T23:25:42,21,2,120,0.175,0.016666666666666666
2022-03-17T23:34:17,21,2,120,0.175,0.016666666666666666
2022-03-17T23:42:52,21,2,120,0.175,0.016666666666666666
2022-03-17T23:51:27,21,2,120,0.175,0.016666666666666666
2022-03-18T00:00:12,21,2,120,0.175,0.016666666666666666
2022-03-18T00:08:47,21,2,120,0.175,0.016666666666666666
2022-03-18T00:17:22,21,2,120,0.175,0.016666666666666666
2022-03-18T00:25:57,21,2,120,0.175,0.016666666666666666
2022-03-18T00:34:32,21,2,120,0.175,0.016666666666666666
2022-03-18T00:43:07,21,2,120,0.175,0.016666666666666666
2022-03-18T00:51:43,21,2,120,0.175,0.016666666666666666
2022-03-18T01:00:18,21,2,120,0.175,0.016666666666666666
2022-03-18T01:08:54,21,2,120,0.175,0.016666666666666666
2022-03-18T01:17:29,21,2,120,0.175,0.016666666666666666
2022-03-18T01:26:04,21,2,120,0.175,0.016666666666666666
2022-03-18T01:34:39,21,2,120,0.175,0.016666666666666666
2022-03-18T01:43:14,21,2,120,0.175,0.016666666666666666
2022-03-18T01:51:49,21,2,120,0.175,0.016666666666666666
2022-03-18T02:00:35,21,2,120,0.175,0.016666666666666666
2022-03-18T02:09:09,21,2,120,0.175,0.016666666666666666
2022-03-18T02:17:44,21,2,120,0.175,0.016666666666666666
2022-03-18T02:26:19,21,2,120,0.175,0.016666666666666666
2022-03-18T02:34:54,21,2,120,0.175,0.016666666666666666
2022-03-18T02:43:29,21,2,120,0.175,0.016666666666666666
2022-03-18T02:52:03,21,2,120,0.175,0.016666666666666666
2022-03-18T03:00:38,21,2,120,0.175,0.016666666666666666
2022-03-18T03:09:23,21,2,120,0.175,0.016666666666666666
2022-03-18T03:17:58,21,2,120,0.175,0.016666666666666666
2022-03-18T03:26:33,21,2,120,0.175,0.016666666666666666
2022-03-18T03:35:07,21,2,120,0.175,0.016666666666666666
2022-03-18T03:43:42,21,2,120,0.175,0.016666666666666666
2022-03-18T03:52:16,21,2,120,0.175,0.016666666666666666
2022-03-18T04:00:51,21,2,120,0.175,0.016666666666666666
2022-03-18T04:09:26,21,2,120,0.175,0.016666666666666666
2022-03-18T04:33:32,21,2,120,0.175,0.016666666666666666
2022-03-18T04:42:08,21,2,120,0.175,0.016666666666666666
2022-03-18T04:50:43,21,2,120,0.175,0.016666666666666666
2022-03-18T04:59:19,21,2,120,0.175,0.016666666666666666
2022-03-18T05:07:55,21,2,120,0.175,0.016666666666666666
2022-03-18T05:16:31,21,2,120,0.175,0.016666666666666666
2022-03-18T05:25:06,21,2,120,0.175,0.016666666666666666
2022-03-18T05:33:42,21,2,120,0.175,0.016666666666666666
2022-03-18T05:42:17,21,2,120,0.175,0.016666666666666666
2022-03-18T05:50:52,21,2,120,0.175,0.016666666666666666
2022-03-18T05:59:28,21,2,120,0.175,0.016666666666666666
2022-03-18T06:08:03,21,2,120,0.175,0.016666666666666666
2022-03-18T06:16:38,21,2,120,0.175,0.016666666666666666
2022-03-18T06:25:14,21,2,120,0.175,0.016666666666666666
2022-03-18T06:33:49,21,2,120,0.175,0.016666666666666666
2022-03-18T06:42:24,21,2,120,0.175,0.016666666666666666
2022-03-18T06:50:59,21,2,120,0.175,0.016666666666666666
2022-03-18T06:59:34,21,2,120,0.175,0.016666666666666666
2022-03-18T07:08:09,21,2,120,0.175,0.016666666666666666
2022-03-18T07:16:52,21,2,120,0.175,0.016666666666666666
2022-03-18T07:25:27,21,2,120,0.175,0.016666666666666666
2022-03-18T07:34:02,21,2,120,0.175,0.016666666666666666
2022-03-18T07:42:37,21,2,120,0.175,0.016666666666666666
2022-03-18T07:51:12,21,2,120,0.175,0.016666666666666666
2022-03-18T07:59:47,21,2,120,0.175,0.016666666666666666
2022-03-18T08:08:22,21,2,120,0.175,0.016666666666666666
2022-03-18T08:16:57,21,2,120,0.175,0.016666666666666666
2022-03-18T08:25:32,21,2,120,0.175,0.016666666666666666
2022-03-18T08:34:08,21,2,120,0.175,0.016666666666666666
2022-03-18T08:42:43,21,2,120,0.175,0.016666666666666666
2022-03-18T08:51:18,21,2,120,0.175,0.016666666666666666
2022-03-18T08:59:53,21,2,120,0.175,0.016666666666666666
2022-03-18T09:08:28,21,2,120,0.175,0.016666666666666666
2022-03-18T09:17:03,21,2,120,0.175,0.016666666666666666
2022-03-18T09:25:38,21,2,120,0.175,0.016666666666666666
2022-03-18T09:34:13,21,2,120,0.175,0.016666666666666666
2022-03-18T09:42:48,21,2,120,0.175,0.016666666666666666
2022-03-18T09:51:23,21,2,120,0.175,0.016666666666666666
2022-03-18T09:59:58,21,2,120,0.175,0.016666666666666666
2022-03-18T10:08:33,21,2,120,0.175,0.016666666666666666
2022-03-18T10:17:08,21,2,120,0.175,0.016666666666666666
2022-03-18T10:25:56,21,2,120,0.175,0.016666666666666666
2022-03-18T10:34:31,21,2,120,0.175,0.016666666666666666
2022-03-18T10:43:06,21,2,120,0.175,0.016666666666666666
2022-03-18T10:51:42,21,2,120,0.175,0.016666666666666666
2022-03-18T11:00:17,21,2,120,0.175,0.016666666666666666
2022-03-18T11:08:52,21,2,120,0.175,0.016666666666666666
2022-03-18T11:17:27,21,2,120,0.175,0.016666666666666666
2022-03-18T11:26:03,21,2,120,0.175,0.016666666666666666
2022-03-18T11:34:39,21,2,120,0.175,0.016666666666666666
2022-03-18T11:43:15,21,2,120,0.175,0.016666666666666666
2022-03-18T11:51:53,21,2,120,0.175,0.016666666666666666
2022-03-18T12:00:30,21,2,120,0.175,0.016666666666666666
2022-03-18T12:09:06,21,2,120,0.175,0.016666666666666666
2022-03-18T12:17:55,21,2,120,0.175,0.016666666666666666
2022-03-18T12:26:31,21,2,120,0.175,0.016666666666666666
2022-03-18T12:35:10,21,2,120,0.175,0.016666666666666666
2022-03-18T12:43:47,21,2,120,0.175,0.016666666666666666
2022-03-18T12:52:25,22,2,120,0.18333333333333332,0.016666666666666666
2022-03-18T13:01:02,22,2,120,0.18333333333333332,0.016666666666666666
2022-03-18T13:09:38,22,2,120,0.18333333333333332,0.016666666666666666
2022-03-18T13:18:17,22,2,120,0.18333333333333332,0.016666666666666666
2022-03-18T13:26:53,22,2,120,0.18333333333333332,0.016666666666666666
2022-03-18T13:35:40,22,2,120,0.18333333333333332,0.016666666666666666
2022-03-18T13:44:16,22,2,120,0.18333333333333332,0.016666666666666666
2022-03-18T13:52:52,22,2,120,0.18333333333333332,0.016666666666666666
2022-03-18T14:01:29,22,2,120,0.18333333333333332,0.016666666666666666
2022-03-18T14:10:04,21,2,120,0.175,0.016666666666666666
2022-03-18T14:18:41,21,2,120,0.175,0.016666666666666666
2022-03-18T14:27:16,21,2,120,0.175,0.016666666666666666
2022-03-18T14:35:51,21,2,120,0.175,0.016666666666666666
2022-03-18T14:44:28,21,2,120,0.175,0.016666666666666666
2022-03-18T14:53:03,21,2,120,0.175,0.016666666666666666
2022-03-18T15:01:47,21,2,120,0.175,0.016666666666666666
2022-03-18T15:10:22,21,2,120,0.175,0.016666666666666666
2022-03-18T15:18:57,21,2,120,0.175,0.016666666666666666
2022-03-18T15:27:32,21,2,120,0.175,0.016666666666666666
2022-03-18T15:36:07,21,2,120,0.175,0.016666666666666666
2022-03-18T15:44:42,21,2,120,0.175,0.016666666666666666
2022-03-18T15:53:17,21,2,120,0.175,0.016666666666666666
2022-03-18T16:01:52,21,2,120,0.175,0.016666666666666666
2022-03-18T16:10:27,21,2,120,0.175,0.016666666666666666
2022-03-18T16:19:10,21,2,120,0.175,0.016666666666666666
2022-03-18T16:27:45,21,2,120,0.175,0.016666666666666666
2022-03-18T16:36:20,21,2,120,0.175,0.016666666666666666
2022-03-18T16:44:55,21,2,120,0.175,0.016666666666666666
2022-03-18T16:53:30,21,2,120,0.175,0.016666666666666666
2022-03-18T17:02:04,21,2,120,0.175,0.016666666666666666
2022-03-18T17:10:39,21,2,120,0.175,0.016666666666666666
2022-03-18T17:19:14,21,2,120,0.175,0.016666666666666666
2022-03-18T17:27:49,21,2,120,0.175,0.016666666666666666
2022-03-18T17:36:34,21,2,120,0.175,0.016666666666666666
2022-03-18T17:45:08,21,2,120,0.175,0.016666666666666666
2022-03-18T17:53:43,21,2,120,0.175,0.016666666666666666
2022-03-18T18:02:18,21,2,120,0.175,0.016666666666666666
2022-03-18T18:10:53,21,2,120,0.175,0.016666666666666666
2022-03-18T18:19:28,21,2,120,0.175,0.016666666666666666
2022-03-18T18:28:03,21,2,120,0.175,0.016666666666666666
2022-03-18T18:36:38,21,2,120,0.175,0.016666666666666666
2022-03-18T18:45:13,21,2,120,0.175,0.016666666666666666
2022-03-18T18:53:48,21,2,120,0.175,0.016666666666666666
2022-03-18T19:02:22,21,2,120,0.175,0.016666666666666666
2022-03-18T19:10:57,21,2,120,0.175,0.016666666666666666
2022-03-18T19:19:44,21,2,120,0.175,0.016666666666666666
2022-03-18T19:28:19,21,2,120,0.175,0.016666666666666666
2022-03-18T19:36:53,21,2,120,0.175,0.016666666666666666
2022-03-18T19:45:28,21,2,120,0.175,0.016666666666666666
2022-03-18T19:54:03,21,2,120,0.175,0.016666666666666666
2022-03-18T20:02:38,21,2,120,0.175,0.016666666666666666
2022-03-18T20:11:12,21,2,120,0.175,0.016666666666666666
2022-03-18T20:19:47,21,2,120,0.175,0.016666666666666666
2022-03-18T20:28:22,21,2,120,0.175,0.016666666666666666
2022-03-18T20:36:57,21,2,120,0.175,0.016666666666666666
2022-03-18T20:45:31,21,2,120,0.175,0.016666666666666666
2022-03-18T20:54:06,21,2,120,0.175,0.016666666666666666
2022-03-18T21:02:41,21,2,120,0.175,0.016666666666666666
2022-03-18T21:11:16,21,2,120,0.175,0.016666666666666666
2022-03-18T21:20:00,21,2,120,0.175,0.016666666666666666
2022-03-18T21:28:35,21,2,120,0.175,0.016666666666666666
2022-03-18T21:37:10,21,2,120,0.175,0.016666666666666666
2022-03-18T21:45:45,21,2,120,0.175,0.016666666666666666
2022-03-18T21:54:20,21,2,120,0.175,0.016666666666666666
2022-03-18T22:02:55,21,2,120,0.175,0.016666666666666666
2022-03-18T22:11:29,21,2,120,0.175,0.016666666666666666
2022-03-18T22:20:04,21,2,120,0.175,0.016666666666666666
2022-03-18T22:28:39,21,2,120,0.175,0.016666666666666666
2022-03-18T22:37:24,21,2,120,0.175,0.016666666666666666
2022-03-18T22:45:59,21,2,120,0.175,0.016666666666666666
2022-03-18T22:54:34,21,2,120,0.175,0.016666666666666666
2022-03-18T23:03:08,21,2,120,0.175,0.016666666666666666
2022-03-18T23:11:43,21,2,120,0.175,0.016666666666666666
2022-03-18T23:20:18,21,2,120,0.175,0.016666666666666666
2022-03-18T23:28:53,21,2,120,0.175,0.016666666666666666
2022-03-18T23:37:28,21,2,120,0.175,0.016666666666666666
2022-03-18T23:46:03,21,2,120,0.175,0.016666666666666666
2022-03-18T23:54:37,21,2,120,0.175,0.016666666666666666
2022-03-19T00:03:12,21,2,120,0.175,0.016666666666666666
2022-03-19T00:11:47,21,2,120,0.175,0.016666666666666666
2022-03-19T00:20:33,21,2,120,0.175,0.016666666666666666
2022-03-19T00:29:09,21,2,120,0.175,0.016666666666666666
2022-03-19T00:37:44,21,2,120,0.175,0.016666666666666666
2022-03-19T00:46:19,21,2,120,0.175,0.016666666666666666
2022-03-19T00:54:54,21,2,120,0.175,0.016666666666666666
2022-03-19T01:03:29,21,2,120,0.175,0.016666666666666666
2022-03-19T01:12:04,21,2,120,0.175,0.016666666666666666
2022-03-19T01:20:39,21,2,120,0.175,0.016666666666666666
2022-03-19T01:29:14,21,2,120,0.175,0.016666666666666666
2022-03-19T01:37:49,21,2,120,0.175,0.016666666666666666
2022-03-19T01:46:25,21,2,120,0.175,0.016666666666666666
2022-03-19T01:55:00,21,2,120,0.175,0.016666666666666666
2022-03-19T02:03:35,21,2,120,0.175,0.016666666666666666
2022-03-19T02:12:21,21,2,120,0.175,0.016666666666666666
2022-03-19T02:20:55,21,2,120,0.175,0.016666666666666666
2022-03-19T02:29:30,21,2,120,0.175,0.016666666666666666
2022-03-19T02:38:05,21,2,120,0.175,0.016666666666666666
2022-03-19T02:46:40,21,2,120,0.175,0.016666666666666666
2022-03-19T02:55:15,21,2,120,0.175,0.016666666666666666
2022-03-19T03:03:50,21,2,120,0.175,0.016666666666666666
2022-03-19T03:12:25,21,2,120,0.175,0.016666666666666666
2022-03-19T03:20:59,21,2,120,0.175,0.016666666666666666
2022-03-19T03:29:34,21,2,120,0.175,0.016666666666666666
2022-03-19T03:38:09,21,2,120,0.175,0.016666666666666666
2022-03-19T03:46:43,21,2,120,0.175,0.016666666666666666
2022-03-19T03:55:18,21,2,120,0.175,0.016666666666666666
2022-03-19T04:03:53,21,2,120,0.175,0.016666666666666666
2022-03-19T04:15:53,21,2,120,0.175,0.016666666666666666
2022-03-19T04:24:29,21,2,120,0.175,0.016666666666666666
2022-03-19T04:34:05,21,2,120,0.175,0.016666666666666666
2022-03-19T04:42:56,21,2,120,0.175,0.016666666666666666
2022-03-19T04:52:07,21,2,120,0.175,0.016666666666666666
2022-03-19T05:00:43,21,2,120,0.175,0.016666666666666666
2022-03-19T05:09:18,21,2,120,0.175,0.016666666666666666
2022-03-19T05:17:54,21,2,120,0.175,0.016666666666666666
2022-03-19T05:26:29,21,2,120,0.175,0.016666666666666666
2022-03-19T05:35:04,21,2,120,0.175,0.016666666666666666
2022-03-19T05:43:40,21,2,120,0.175,0.016666666666666666
2022-03-19T05:52:15,21,2,120,0.175,0.016666666666666666
2022-03-19T06:00:50,21,2,120,0.175,0.016666666666666666
2022-03-19T06:09:25,21,2,120,0.175,0.016666666666666666
2022-03-19T06:18:00,21,2,120,0.175,0.016666666666666666
2022-03-19T06:26:36,21,2,120,0.175,0.016666666666666666
2022-03-19T06:35:11,21,2,120,0.175,0.016666666666666666
2022-03-19T06:43:46,21,2,120,0.175,0.016666666666666666
2022-03-19T06:52:21,21,2,120,0.175,0.016666666666666666
2022-03-19T07:00:56,21,2,120,0.175,0.016666666666666666
2022-03-19T07:09:31,21,2,120,0.175,0.016666666666666666
2022-03-19T07:18:07,21,2,120,0.175,0.016666666666666666
2022-03-19T07:26:42,21,2,120,0.175,0.016666666666666666
2022-03-19T07:35:17,21,2,120,0.175,0.016666666666666666
2022-03-19T07:43:53,21,2,120,0.175,0.016666666666666666
2022-03-19T07:52:37,21,2,120,0.175,0.016666666666666666
2022-03-19T08:01:13,21,2,120,0.175,0.016666666666666666
2022-03-19T08:09:49,21,2,120,0.175,0.016666666666666666
2022-03-19T08:18:26,21,2,120,0.175,0.016666666666666666
2022-03-19T08:27:02,21,2,120,0.175,0.016666666666666666
2022-03-19T08:35:38,21,2,120,0.175,0.016666666666666666
2022-03-19T08:44:14,21,2,120,0.175,0.016666666666666666
2022-03-19T08:52:49,21,2,120,0.175,0.016666666666666666
2022-03-19T09:01:26,21,2,120,0.175,0.016666666666666666
2022-03-19T09:10:01,21,2,120,0.175,0.016666666666666666
2022-03-19T09:18:37,21,2,120,0.175,0.016666666666666666
2022-03-19T09:27:12,21,2,120,0.175,0.016666666666666666
2022-03-19T09:35:47,21,2,120,0.175,0.016666666666666666
2022-03-19T09:44:32,21,2,120,0.175,0.016666666666666666
2022-03-19T09:53:07,21,2,120,0.175,0.016666666666666666
2022-03-19T10:01:43,21,2,120,0.175,0.016666666666666666
2022-03-19T10:10:18,21,2,120,0.175,0.016666666666666666
2022-03-19T10:18:53,21,2,120,0.175,0.016666666666666666
2022-03-19T10:27:27,21,2,120,0.175,0.016666666666666666
2022-03-19T10:36:02,21,2,120,0.175,0.016666666666666666
2022-03-19T10:44:38,21,2,120,0.175,0.016666666666666666
2022-03-19T10:53:13,21,2,120,0.175,0.016666666666666666
2022-03-19T11:01:48,21,2,120,0.175,0.016666666666666666
2022-03-19T11:10:23,21,2,120,0.175,0.016666666666666666
2022-03-19T11:18:58,21,2,120,0.175,0.016666666666666666
2022-03-19T11:27:40,21,2,120,0.175,0.016666666666666666
2022-03-19T11:36:15,21,2,120,0.175,0.016666666666666666
2022-03-19T11:44:50,21,2,120,0.175,0.016666666666666666
2022-03-19T11:53:25,21,2,120,0.175,0.016666666666666666
2022-03-19T12:02:00,21,2,120,0.175,0.016666666666666666
2022-03-19T12:10:34,21,2,120,0.175,0.016666666666666666
2022-03-19T12:19:09,21,2,120,0.175,0.016666666666666666
2022-03-19T12:27:44,21,2,120,0.175,0.016666666666666666
2022-03-19T12:36:18,21,2,120,0.175,0.016666666666666666
2022-03-19T12:45:01,21,2,120,0.175,0.016666666666666666
2022-03-19T12:53:36,21,2,120,0.175,0.016666666666666666
2022-03-19T13:02:11,21,2,120,0.175,0.016666666666666666
2022-03-19T13:10:45,21,2,120,0.175,0.016666666666666666
2022-03-19T13:19:20,21,2,120,0.175,0.016666666666666666
2022-03-19T13:27:55,21,2,120,0.175,0.016666666666666666
2022-03-19T13:36:30,21,2,120,0.175,0.016666666666666666
2022-03-19T13:45:04,21,2,120,0.175,0.016666666666666666
2022-03-19T13:53:39,21,2,120,0.175,0.016666666666666666
2022-03-19T14:02:14,21,2,120,0.175,0.016666666666666666
2022-03-19T14:10:49,21,2,120,0.175,0.016666666666666666
2022-03-19T14:19:24,21,2,120,0.175,0.016666666666666666
2022-03-19T14:28:05,21,2,120,0.175,0.016666666666666666
2022-03-19T14:36:40,21,2,120,0.175,0.016666666666666666
2022-03-19T14:45:14,21,2,120,0.175,0.016666666666666666
2022-03-19T14:53:49,21,2,120,0.175,0.016666666666666666
2022-03-19T15:02:24,21,2,120,0.175,0.016666666666666666
2022-03-19T15:10:58,21,2,120,0.175,0.016666666666666666
2022-03-19T15:19:33,21,2,120,0.175,0.016666666666666666
2022-03-19T15:28:08,21,2,120,0.175,0.016666666666666666
2022-03-19T15:36:43,21,2,120,0.175,0.016666666666666666
2022-03-19T15:45:18,21,2,120,0.175,0.016666666666666666
2022-03-19T15:53:52,21,2,120,0.175,0.016666666666666666
2022-03-19T16:02:27,21,2,120,0.175,0.016666666666666666
2022-03-19T16:11:02,21,2,120,0.175,0.016666666666666666
2022-03-19T16:19:44,21,2,120,0.175,0.016666666666666666
2022-03-19T16:28:19,21,2,120,0.175,0.016666666666666666
2022-03-19T16:36:53,21,2,120,0.175,0.016666666666666666
2022-03-19T16:45:28,21,2,120,0.175,0.016666666666666666
2022-03-19T16:54:03,21,2,120,0.175,0.016666666666666666
2022-03-19T17:02:37,21,2,120,0.175,0.016666666666666666
2022-03-19T17:11:12,21,2,120,0.175,0.016666666666666666
2022-03-19T17:19:47,21,2,120,0.175,0.016666666666666666
2022-03-19T17:28:22,21,2,120,0.175,0.016666666666666666
2022-03-19T17:36:57,21,2,120,0.175,0.016666666666666666
2022-03-19T17:45:31,21,2,120,0.175,0.016666666666666666
2022-03-19T17:54:06,21,2,120,0.175,0.016666666666666666
2022-03-19T18:02:41,21,2,120,0.175,0.016666666666666666
2022-03-19T18:11:15,21,2,120,0.175,0.016666666666666666
2022-03-19T18:20:00,21,2,120,0.175,0.016666666666666666
2022-03-19T18:28:35,21,2,120,0.175,0.016666666666666666
2022-03-19T18:37:09,21,2,120,0.175,0.016666666666666666
2022-03-19T18:45:44,21,2,120,0.175,0.016666666666666666
2022-03-19T18:54:19,21,2,120,0.175,0.016666666666666666
2022-03-19T19:02:54,21,2,120,0.175,0.016666666666666666
2022-03-19T19:11:28,21,2,120,0.175,0.016666666666666666
2022-03-19T19:20:03,21,2,120,0.175,0.016666666666666666
2022-03-19T19:28:38,21,2,120,0.175,0.016666666666666666
2022-03-19T19:37:13,21,2,120,0.175,0.016666666666666666
2022-03-19T19:45:47,21,2,120,0.175,0.016666666666666666
2022-03-19T19:54:22,21,2,120,0.175,0.016666666666666666
2022-03-19T20:03:07,21,2,120,0.175,0.016666666666666666
2022-03-19T20:11:42,21,2,120,0.175,0.016666666666666666
2022-03-19T20:20:16,21,2,120,0.175,0.016666666666666666
2022-03-19T20:28:51,21,2,120,0.175,0.016666666666666666
2022-03-19T20:37:26,21,2,120,0.175,0.016666666666666666
2022-03-19T20:46:01,21,2,120,0.175,0.016666666666666666
2022-03-19T20:54:36,21,2,120,0.175,0.016666666666666666
2022-03-19T21:03:11,21,2,120,0.175,0.016666666666666666
2022-03-19T21:11:45,21,2,120,0.175,0.016666666666666666
2022-03-19T21:20:20,21,2,120,0.175,0.016666666666666666
2022-03-19T21:28:55,21,2,120,0.175,0.016666666666666666
2022-03-19T21:37:39,21,2,120,0.175,0.016666666666666666
2022-03-19T21:46:13,21,2,120,0.175,0.016666666666666666
2022-03-19T21:54:48,21,2,120,0.175,0.016666666666666666
2022-03-19T22:03:23,21,2,120,0.175,0.016666666666666666
2022-03-19T22:11:57,21,2,120,0.175,0.016666666666666666
2022-03-19T22:20:32,21,2,120,0.175,0.016666666666666666
2022-03-19T22:29:07,21,2,120,0.175,0.016666666666666666
2022-03-19T22:37:42,21,2,120,0.175,0.016666666666666666
2022-03-19T22:46:16,21,2,120,0.175,0.016666666666666666
2022-03-19T22:54:51,21,2,120,0.175,0.016666666666666666
2022-03-19T23:03:26,21,2,120,0.175,0.016666666666666666
2022-03-19T23:12:01,21,2,120,0.175,0.016666666666666666
2022-03-19T23:20:35,21,2,120,0.175,0.016666666666666666
2022-03-19T23:29:19,21,2,120,0.175,0.016666666666666666
2022-03-19T23:37:53,21,2,120,0.175,0.016666666666666666
2022-03-19T23:46:28,21,2,120,0.175,0.016666666666666666
2022-03-19T23:55:03,21,2,120,0.175,0.016666666666666666
2022-03-20T00:03:37,21,2,120,0.175,0.016666666666666666
2022-03-20T00:12:12,21,2,120,0.175,0.016666666666666666
2022-03-20T00:20:47,21,2,120,0.175,0.016666666666666666
2022-03-20T00:29:22,21,2,120,0.175,0.016666666666666666
2022-03-20T00:37:56,21,2,120,0.175,0.016666666666666666
2022-03-20T01:01:01,21,2,120,0.175,0.016666666666666666
2022-03-20T01:09:46,21,2,120,0.175,0.016666666666666666
2022-03-20T01:18:21,21,2,120,0.175,0.016666666666666666
2022-03-20T01:26:56,21,2,120,0.175,0.016666666666666666
2022-03-20T01:35:31,21,2,120,0.175,0.016666666666666666
2022-03-20T01:44:07,21,2,120,0.175,0.016666666666666666
2022-03-20T01:52:42,21,2,120,0.175,0.016666666666666666
2022-03-20T02:01:17,21,2,120,0.175,0.016666666666666666
2022-03-20T02:09:54,21,2,120,0.175,0.016666666666666666
2022-03-20T02:18:37,21,2,120,0.175,0.016666666666666666
2022-03-20T02:27:12,21,2,120,0.175,0.016666666666666666
2022-03-20T02:35:47,21,2,120,0.175,0.016666666666666666
2022-03-20T02:44:22,21,2,120,0.175,0.016666666666666666
2022-03-20T02:52:57,21,2,120,0.175,0.016666666666666666
2022-03-20T03:01:31,21,2,120,0.175,0.016666666666666666
2022-03-20T03:10:06,21,2,120,0.175,0.016666666666666666
2022-03-20T03:18:41,21,2,120,0.175,0.016666666666666666
2022-03-20T03:27:16,21,2,120,0.175,0.016666666666666666
2022-03-20T03:35:50,21,2,120,0.175,0.016666666666666666
2022-03-20T03:44:25,21,2,120,0.175,0.016666666666666666
2022-03-20T03:53:00,21,2,120,0.175,0.016666666666666666
2022-03-20T04:01:35,21,2,120,0.175,0.016666666666666666
2022-03-20T04:14:22,21,2,120,0.175,0.016666666666666666
2022-03-20T04:22:58,21,2,120,0.175,0.016666666666666666
2022-03-20T04:31:33,21,2,120,0.175,0.016666666666666666
2022-03-20T04:41:15,21,2,120,0.175,0.016666666666666666
2022-03-20T04:50:07,21,2,120,0.175,0.016666666666666666
2022-03-20T04:58:42,21,2,120,0.175,0.016666666666666666
2022-03-20T05:07:18,21,2,120,0.175,0.016666666666666666
2022-03-20T05:15:53,21,2,120,0.175,0.016666666666666666
2022-03-20T05:24:29,21,2,120,0.175,0.016666666666666666
2022-03-20T05:33:04,21,2,120,0.175,0.016666666666666666
2022-03-20T05:41:39,21,2,120,0.175,0.016666666666666666
2022-03-20T05:50:15,21,2,120,0.175,0.016666666666666666
2022-03-20T05:58:50,21,2,120,0.175,0.016666666666666666
2022-03-20T06:07:25,21,2,120,0.175,0.016666666666666666
2022-03-20T06:16:00,21,2,120,0.175,0.016666666666666666
2022-03-20T06:24:35,21,2,120,0.175,0.016666666666666666
2022-03-20T06:33:10,21,2,120,0.175,0.016666666666666666
2022-03-20T06:41:45,21,2,120,0.175,0.016666666666666666
2022-03-20T06:50:20,21,2,120,0.175,0.016666666666666666
2022-03-20T06:58:55,21,2,120,0.175,0.016666666666666666
2022-03-20T07:07:30,21,2,120,0.175,0.016666666666666666
2022-03-20T07:16:04,21,2,120,0.175,0.016666666666666666
2022-03-20T07:24:39,21,2,120,0.175,0.016666666666666666
2022-03-20T07:33:14,21,2,120,0.175,0.016666666666666666
2022-03-20T07:41:49,21,2,120,0.175,0.016666666666666666
2022-03-20T07:50:23,21,2,120,0.175,0.016666666666666666
2022-03-20T07:58:58,21,2,120,0.175,0.016666666666666666
2022-03-20T08:07:32,21,2,120,0.175,0.016666666666666666
2022-03-20T08:16:07,21,2,120,0.175,0.016666666666666666
2022-03-20T08:24:42,21,2,120,0.175,0.016666666666666666
2022-03-20T08:33:17,21,2,120,0.175,0.016666666666666666
2022-03-20T08:41:52,21,2,120,0.175,0.016666666666666666
2022-03-20T08:50:34,21,2,120,0.175,0.016666666666666666
2022-03-20T08:59:09,21,2,120,0.175,0.016666666666666666
2022-03-20T09:07:44,21,2,120,0.175,0.016666666666666666
2022-03-20T09:16:18,21,2,120,0.175,0.016666666666666666
2022-03-20T09:24:53,21,2,120,0.175,0.016666666666666666
2022-03-20T09:33:28,21,2,120,0.175,0.016666666666666666
2022-03-20T09:42:03,21,2,120,0.175,0.016666666666666666
2022-03-20T09:50:37,21,2,120,0.175,0.016666666666666666
2022-03-20T09:59:12,21,2,120,0.175,0.016666666666666666
2022-03-20T10:07:47,21,2,120,0.175,0.016666666666666666
2022-03-20T10:16:22,21,2,120,0.175,0.016666666666666666
2022-03-20T10:24:56,21,2,120,0.175,0.016666666666666666
2022-03-20T10:33:32,21,2,120,0.175,0.016666666666666666
2022-03-20T10:42:06,21,2,120,0.175,0.016666666666666666
2022-03-20T10:50:53,21,2,120,0.175,0.016666666666666666
2022-03-20T10:59:27,21,2,120,0.175,0.016666666666666666
2022-03-20T11:08:02,21,2,120,0.175,0.016666666666666666
2022-03-20T11:16:37,21,2,120,0.175,0.016666666666666666
2022-03-20T11:25:12,21,2,120,0.175,0.016666666666666666
2022-03-20T11:33:47,21,2,120,0.175,0.016666666666666666
2022-03-20T11:42:22,21,2,120,0.175,0.016666666666666666
2022-03-20T11:50:57,21,2,120,0.175,0.016666666666666666
2022-03-20T11:59:32,21,2,120,0.175,0.016666666666666666
2022-03-20T12:08:08,21,2,120,0.175,0.016666666666666666
2022-03-20T12:16:42,21,2,120,0.175,0.016666666666666666
2022-03-20T12:25:25,21,2,120,0.175,0.016666666666666666
2022-03-20T12:34:00,21,2,120,0.175,0.016666666666666666
2022-03-20T12:42:35,21,2,120,0.175,0.016666666666666666
2022-03-20T12:51:09,21,2,120,0.175,0.016666666666666666
2022-03-20T12:59:44,21,2,120,0.175,0.016666666666666666
2022-03-20T13:08:19,21,2,120,0.175,0.016666666666666666
2022-03-20T13:16:54,21,2,120,0.175,0.016666666666666666
2022-03-20T13:25:28,21,2,120,0.175,0.016666666666666666
2022-03-20T13:34:03,21,2,120,0.175,0.016666666666666666
2022-03-20T13:42:47,21,2,120,0.175,0.016666666666666666
2022-03-20T13:51:22,21,2,120,0.175,0.016666666666666666
2022-03-20T13:59:57,21,2,120,0.175,0.016666666666666666
2022-03-20T14:08:32,21,2,120,0.175,0.016666666666666666
2022-03-20T14:17:07,21,2,120,0.175,0.016666666666666666
2022-03-20T14:25:42,21,2,120,0.175,0.016666666666666666
2022-03-20T14:34:16,21,2,120,0.175,0.016666666666666666
2022-03-20T14:42:51,21,2,120,0.175,0.016666666666666666
2022-03-20T14:51:26,21,2,120,0.175,0.016666666666666666
2022-03-20T15:00:00,21,2,120,0.175,0.016666666666666666
2022-03-20T15:08:44,21,2,120,0.175,0.016666666666666666
2022-03-20T15:17:19,21,2,120,0.175,0.016666666666666666
2022-03-20T15:25:54,21,2,120,0.175,0.016666666666666666
2022-03-20T15:34:28,21,2,120,0.175,0.016666666666666666
2022-03-20T15:43:03,21,2,120,0.175,0.016666666666666666
2022-03-20T15:51:39,21,2,120,0.175,0.016666666666666666
2022-03-20T16:00:14,21,2,120,0.175,0.016666666666666666
2022-03-20T16:08:48,21,2,120,0.175,0.016666666666666666
2022-03-20T16:17:31,21,2,120,0.175,0.016666666666666666
2022-03-20T16:26:05,21,2,120,0.175,0.016666666666666666
2022-03-20T16:34:40,21,2,120,0.175,0.016666666666666666
2022-03-20T16:43:15,21,2,120,0.175,0.016666666666666666
2022-03-20T16:51:50,21,2,120,0.175,0.016666666666666666
2022-03-20T17:00:24,21,2,120,0.175,0.016666666666666666
2022-03-20T17:08:59,21,2,120,0.175,0.016666666666666666
2022-03-20T17:17:34,21,2,120,0.175,0.016666666666666666
2022-03-20T17:26:09,21,2,120,0.175,0.016666666666666666
2022-03-20T17:34:44,21,2,120,0.175,0.016666666666666666
2022-03-20T17:43:18,21,2,120,0.175,0.016666666666666666
2022-03-20T17:52:02,21,2,120,0.175,0.016666666666666666
2022-03-20T18:00:36,21,2,120,0.175,0.016666666666666666
2022-03-20T18:09:11,21,2,120,0.175,0.016666666666666666
2022-03-20T18:17:46,21,2,120,0.175,0.016666666666666666
2022-03-20T18:26:21,21,2,120,0.175,0.016666666666666666
2022-03-20T18:34:56,21,2,120,0.175,0.016666666666666666
2022-03-20T18:43:30,21,2,120,0.175,0.016666666666666666
2022-03-20T18:52:05,21,2,120,0.175,0.016666666666666666
2022-03-20T19:00:40,21,2,120,0.175,0.016666666666666666
2022-03-20T19:09:15,21,2,120,0.175,0.016666666666666666
2022-03-20T19:17:58,21,2,120,0.175,0.016666666666666666
2022-03-20T19:26:33,21,2,120,0.175,0.016666666666666666
2022-03-20T19:35:08,21,2,120,0.175,0.016666666666666666
2022-03-20T19:43:43,21,2,120,0.175,0.016666666666666666
2022-03-20T19:52:18,21,2,120,0.175,0.016666666666666666
2022-03-20T20:00:53,21,2,120,0.175,0.016666666666666666
2022-03-20T20:09:27,21,2,120,0.175,0.016666666666666666
2022-03-20T20:18:02,21,2,120,0.175,0.016666666666666666
2022-03-20T20:26:37,21,2,120,0.175,0.016666666666666666
2022-03-20T20:35:22,21,2,120,0.175,0.016666666666666666
2022-03-20T20:43:57,21,2,120,0.175,0.016666666666666666
2022-03-20T20:52:32,21,2,120,0.175,0.016666666666666666
2022-03-20T21:01:07,21,2,120,0.175,0.016666666666666666
2022-03-20T21:09:42,21,2,120,0.175,0.016666666666666666
2022-03-20T21:18:16,21,2,120,0.175,0.016666666666666666
2022-03-20T21:26:51,21,2,120,0.175,0.016666666666666666
2022-03-20T21:35:26,21,2,120,0.175,0.016666666666666666
2022-03-20T21:44:01,21,2,120,0.175,0.016666666666666666
2022-03-20T21:52:36,21,2,120,0.175,0.016666666666666666
2022-03-20T22:01:20,21,2,120,0.175,0.016666666666666666
2022-03-20T22:09:55,21,2,120,0.175,0.016666666666666666
2022-03-20T22:18:29,21,2,120,0.175,0.016666666666666666
2022-03-20T22:27:04,21,2,120,0.175,0.016666666666666666
2022-03-20T22:35:39,21,2,120,0.175,0.016666666666666666
2022-03-20T22:44:14,21,2,120,0.175,0.016666666666666666
2022-03-20T22:52:49,21,2,120,0.175,0.016666666666666666
2022-03-20T23:01:24,21,2,120,0.175,0.016666666666666666
2022-03-20T23:09:58,21,2,120,0.175,0.016666666666666666
2022-03-20T23:18:33,21,2,120,0.175,0.016666666666666666
2022-03-20T23:27:16,21,2,120,0.175,0.016666666666666666
2022-03-20T23:35:51,21,2,120,0.175,0.016666666666666666
2022-03-20T23:44:26,21,2,120,0.175,0.016666666666666666
2022-03-20T23:53:01,21,2,120,0.175,0.016666666666666666
2022-03-21T00:01:36,21,2,120,0.175,0.016666666666666666
2022-03-21T00:10:10,21,2,120,0.175,0.016666666666666666
2022-03-21T00:18:45,21,2,120,0.175,0.016666666666666666
2022-03-21T00:27:21,21,2,120,0.175,0.016666666666666666
2022-03-21T00:35:57,21,2,120,0.175,0.016666666666666666
2022-03-21T00:45:01,21,2,120,0.175,0.016666666666666666
2022-03-21T00:53:41,21,2,120,0.175,0.016666666666666666
2022-03-21T01:02:56,21,2,120,0.175,0.016666666666666666
2022-03-21T01:17:57,21,2,120,0.175,0.016666666666666666
2022-03-21T01:26:32,21,2,120,0.175,0.016666666666666666
2022-03-21T01:35:08,21,2,120,0.175,0.016666666666666666
2022-03-21T01:43:43,21,2,120,0.175,0.016666666666666666
2022-03-21T01:52:19,21,2,120,0.175,0.016666666666666666
2022-03-21T15:20:11,21,2,120,0.175,0.016666666666666666
2022-03-21T15:28:46,21,2,120,0.175,0.016666666666666666
2022-03-21T15:37:21,21,2,120,0.175,0.016666666666666666
2022-03-21T15:45:56,21,2,120,0.175,0.016666666666666666
2022-03-21T15:54:31,21,2,120,0.175,0.016666666666666666
2022-03-21T16:03:06,21,2,120,0.175,0.016666666666666666
2022-03-21T16:11:41,21,2,120,0.175,0.016666666666666666
2022-03-21T16:20:26,21,2,120,0.175,0.016666666666666666
2022-03-21T16:29:00,21,2,120,0.175,0.016666666666666666
2022-03-21T16:37:36,21,2,120,0.175,0.016666666666666666
2022-03-21T16:46:11,21,2,120,0.175,0.016666666666666666
2022-03-21T16:54:46,21,2,120,0.175,0.016666666666666666
2022-03-21T17:03:21,21,2,120,0.175,0.016666666666666666
2022-03-21T17:11:56,21,2,120,0.175,0.016666666666666666
2022-03-21T17:20:42,21,2,120,0.175,0.016666666666666666
2022-03-21T17:29:17,21,2,120,0.175,0.016666666666666666
2022-03-21T17:37:51,21,2,120,0.175,0.016666666666666666
2022-03-21T17:46:27,21,2,120,0.175,0.016666666666666666
2022-03-21T17:55:02,21,2,120,0.175,0.016666666666666666
2022-03-21T18:03:37,21,2,120,0.175,0.016666666666666666
2022-03-21T18:12:12,21,2,120,0.175,0.016666666666666666
2022-03-21T18:20:58,21,2,120,0.175,0.016666666666666666
2022-03-21T18:29:33,21,2,120,0.175,0.016666666666666666
2022-03-21T18:38:08,21,2,120,0.175,0.016666666666666666
2022-03-21T18:46:43,21,2,120,0.175,0.016666666666666666
2022-03-21T18:55:17,21,2,120,0.175,0.016666666666666666
2022-03-21T19:03:52,21,2,120,0.175,0.016666666666666666
2022-03-21T19:12:27,21,2,120,0.175,0.016666666666666666
2022-03-21T19:21:02,21,2,120,0.175,0.016666666666666666
2022-03-21T19:29:37,21,2,120,0.175,0.016666666666666666
2022-03-21T19:38:23,21,2,120,0.175,0.016666666666666666
2022-03-21T19:46:58,21,2,120,0.175,0.016666666666666666
2022-03-21T19:55:33,21,2,120,0.175,0.016666666666666666
2022-03-21T20:04:08,21,2,120,0.175,0.016666666666666666
2022-03-21T20:12:43,21,2,120,0.175,0.016666666666666666
2022-03-21T20:21:18,21,2,120,0.175,0.016666666666666666
2022-03-21T20:29:53,21,2,120,0.175,0.016666666666666666
2022-03-21T20:38:27,21,2,120,0.175,0.016666666666666666
2022-03-21T20:47:12,21,2,120,0.175,0.016666666666666666
2022-03-21T20:55:47,21,2,120,0.175,0.016666666666666666
2022-03-21T21:04:22,21,2,120,0.175,0.016666666666666666
2022-03-21T21:12:58,21,2,120,0.175,0.016666666666666666
2022-03-21T21:21:33,21,2,120,0.175,0.016666666666666666
2022-03-21T21:30:08,21,2,120,0.175,0.016666666666666666
2022-03-21T21:38:43,21,2,120,0.175,0.016666666666666666
2022-03-21T21:47:30,21,2,120,0.175,0.016666666666666666
2022-03-21T21:56:05,21,2,120,0.175,0.016666666666666666
2022-03-21T22:04:40,21,2,120,0.175,0.016666666666666666
2022-03-21T22:13:16,21,2,120,0.175,0.016666666666666666
2022-03-21T22:21:51,21,2,120,0.175,0.016666666666666666
2022-03-21T22:30:26,21,2,120,0.175,0.016666666666666666
2022-03-21T22:39:02,21,2,120,0.175,0.016666666666666666
2022-03-21T22:47:47,21,2,120,0.175,0.016666666666666666
2022-03-21T22:56:21,21,2,120,0.175,0.016666666666666666
2022-03-21T23:04:56,21,2,120,0.175,0.016666666666666666
2022-03-21T23:13:32,21,2,120,0.175,0.016666666666666666
2022-03-21T23:22:07,21,2,120,0.175,0.016666666666666666
2022-03-21T23:30:42,21,2,120,0.175,0.016666666666666666
2022-03-21T23:39:16,21,2,120,0.175,0.016666666666666666
2022-03-21T23:48:03,21,2,120,0.175,0.016666666666666666
2022-03-21T23:56:38,21,2,120,0.175,0.016666666666666666
2022-03-22T00:05:13,21,2,120,0.175,0.016666666666666666
2022-03-22T00:13:48,21,2,120,0.175,0.016666666666666666
2022-03-22T00:22:23,21,2,120,0.175,0.016666666666666666
2022-03-22T00:30:58,21,2,120,0.175,0.016666666666666666
2022-03-22T00:39:34,21,2,120,0.175,0.016666666666666666
2022-03-22T00:48:09,21,2,120,0.175,0.016666666666666666
2022-03-22T00:56:54,21,2,120,0.175,0.016666666666666666
2022-03-22T01:05:30,21,2,120,0.175,0.016666666666666666
2022-03-22T01:14:05,21,2,120,0.175,0.016666666666666666
2022-03-22T01:22:40,21,2,120,0.175,0.016666666666666666
2022-03-22T01:31:15,21,2,120,0.175,0.016666666666666666
2022-03-22T01:39:51,21,2,120,0.175,0.016666666666666666
2022-03-22T01:48:26,21,2,120,0.175,0.016666666666666666
2022-03-22T01:57:01,21,2,120,0.175,0.016666666666666666
2022-03-22T02:05:48,21,2,120,0.175,0.016666666666666666
2022-03-22T02:14:23,21,2,120,0.175,0.016666666666666666
2022-03-22T02:22:58,21,2,120,0.175,0.016666666666666666
2022-03-22T02:31:33,21,2,120,0.175,0.016666666666666666
2022-03-22T02:40:08,21,2,120,0.175,0.016666666666666666
2022-03-22T02:48:44,21,2,120,0.175,0.016666666666666666
2022-03-22T02:57:18,21,2,120,0.175,0.016666666666666666
2022-03-22T03:05:53,21,2,120,0.175,0.016666666666666666
2022-03-22T03:14:28,21,2,120,0.175,0.016666666666666666
2022-03-22T03:23:03,21,2,120,0.175,0.016666666666666666
2022-03-22T03:31:38,21,2,120,0.175,0.016666666666666666
2022-03-22T03:40:13,21,2,120,0.175,0.016666666666666666
2022-03-22T03:48:48,21,2,120,0.175,0.016666666666666666
2022-03-22T03:57:36,21,2,120,0.175,0.016666666666666666
2022-03-22T04:06:11,21,2,120,0.175,0.016666666666666666
2022-03-22T04:14:47,21,2,120,0.175,0.016666666666666666
2022-03-22T04:27:37,21,2,120,0.175,0.016666666666666666
2022-03-22T04:36:24,21,2,120,0.175,0.016666666666666666
2022-03-22T04:45:00,21,2,120,0.175,0.016666666666666666
2022-03-22T04:53:35,21,2,120,0.175,0.016666666666666666
2022-03-22T05:02:11,21,2,120,0.175,0.016666666666666666
2022-03-22T05:10:46,21,2,120,0.175,0.016666666666666666
2022-03-22T05:19:22,21,2,120,0.175,0.016666666666666666
2022-03-22T05:27:57,21,2,120,0.175,0.016666666666666666
2022-03-22T05:36:33,21,2,120,0.175,0.016666666666666666
2022-03-22T05:45:08,21,2,120,0.175,0.016666666666666666
2022-03-22T05:53:44,21,2,120,0.175,0.016666666666666666
2022-03-22T06:02:19,21,2,120,0.175,0.016666666666666666
2022-03-22T06:10:54,21,2,120,0.175,0.016666666666666666
2022-03-22T06:19:30,21,2,120,0.175,0.016666666666666666
2022-03-22T06:28:05,21,2,120,0.175,0.016666666666666666
2022-03-22T06:36:40,21,2,120,0.175,0.016666666666666666
2022-03-22T06:45:15,21,2,120,0.175,0.016666666666666666
2022-03-22T06:53:51,21,2,120,0.175,0.016666666666666666
2022-03-22T07:02:26,21,2,120,0.175,0.016666666666666666
2022-03-22T07:11:02,21,2,120,0.175,0.016666666666666666
2022-03-22T07:19:37,21,2,120,0.175,0.016666666666666666
2022-03-22T07:28:12,21,2,120,0.175,0.016666666666666666
2022-03-22T07:36:48,21,2,120,0.175,0.016666666666666666
2022-03-22T07:45:33,21,2,120,0.175,0.016666666666666666
2022-03-22T07:54:08,21,2,120,0.175,0.016666666666666666
2022-03-22T08:02:43,21,2,120,0.175,0.016666666666666666
2022-03-22T08:11:18,21,2,120,0.175,0.016666666666666666
2022-03-22T08:19:54,21,2,120,0.175,0.016666666666666666
2022-03-22T08:28:29,21,2,120,0.175,0.016666666666666666
2022-03-22T08:37:05,21,2,120,0.175,0.016666666666666666
2022-03-22T08:45:42,21,2,120,0.175,0.016666666666666666
2022-03-22T08:54:17,21,2,120,0.175,0.016666666666666666
2022-03-22T09:02:53,21,2,120,0.175,0.016666666666666666
2022-03-22T09:11:33,21,2,120,0.175,0.016666666666666666
2022-03-22T09:20:09,21,2,120,0.175,0.016666666666666666
2022-03-22T09:28:44,21,2,120,0.175,0.016666666666666666
2022-03-22T09:37:19,21,2,120,0.175,0.016666666666666666
2022-03-22T09:45:54,21,2,120,0.175,0.016666666666666666
2022-03-22T09:54:29,21,2,120,0.175,0.016666666666666666
2022-03-22T10:03:05,21,2,120,0.175,0.016666666666666666
2022-03-22T10:11:50,21,2,120,0.175,0.016666666666666666
2022-03-22T10:20:25,21,2,120,0.175,0.016666666666666666
2022-03-22T10:29:01,21,2,120,0.175,0.016666666666666666
2022-03-22T10:37:36,21,2,120,0.175,0.016666666666666666
2022-03-22T10:46:11,21,2,120,0.175,0.016666666666666666
2022-03-22T10:54:58,21,2,120,0.175,0.016666666666666666
2022-03-22T11:03:33,21,2,120,0.175,0.016666666666666666
2022-03-22T11:12:08,21,2,120,0.175,0.016666666666666666
2022-03-22T11:20:44,21,2,120,0.175,0.016666666666666666
2022-03-22T11:29:28,21,2,120,0.175,0.016666666666666666
2022-03-22T11:38:03,21,2,120,0.175,0.016666666666666666
2022-03-22T11:46:39,21,2,120,0.175,0.016666666666666666
2022-03-22T11:55:14,21,2,120,0.175,0.016666666666666666
2022-03-22T12:03:49,21,2,120,0.175,0.016666666666666666
2022-03-22T12:12:41,21,2,120,0.175,0.016666666666666666
2022-03-22T12:21:17,21,2,120,0.175,0.016666666666666666
2022-03-22T12:29:52,21,2,120,0.175,0.016666666666666666
2022-03-22T12:38:27,21,2,120,0.175,0.016666666666666666
2022-03-22T12:47:12,21,2,120,0.175,0.016666666666666666
2022-03-22T12:55:48,21,2,120,0.175,0.016666666666666666
2022-03-22T13:04:23,21,2,120,0.175,0.016666666666666666
2022-03-22T13:12:58,20,2,120,0.16666666666666666,0.016666666666666666
2022-03-22T13:21:44,20,2,120,0.16666666666666666,0.016666666666666666
2022-03-22T13:30:19,20,2,120,0.16666666666666666,0.016666666666666666
2022-03-22T13:38:54,20,2,120,0.16666666666666666,0.016666666666666666
2022-03-22T13:47:30,20,2,120,0.16666666666666666,0.016666666666666666
2022-03-22T13:56:18,20,2,120,0.16666666666666666,0.016666666666666666
2022-03-22T14:04:54,20,2,120,0.16666666666666666,0.016666666666666666
2022-03-22T14:13:29,20,2,120,0.16666666666666666,0.016666666666666666
2022-03-22T14:22:04,20,2,120,0.16666666666666666,0.016666666666666666
2022-03-22T14:30:50,20,2,120,0.16666666666666666,0.016666666666666666
2022-03-22T14:39:25,20,2,120,0.16666666666666666,0.016666666666666666
2022-03-22T14:48:00,20,2,120,0.16666666666666666,0.016666666666666666
2022-03-22T14:56:36,20,2,120,0.16666666666666666,0.016666666666666666
2022-03-22T15:05:23,20,2,120,0.16666666666666666,0.016666666666666666
2022-03-22T15:13:58,20,2,120,0.16666666666666666,0.016666666666666666
2022-03-22T15:22:33,20,2,120,0.16666666666666666,0.016666666666666666
2022-03-22T15:31:09,20,2,120,0.16666666666666666,0.016666666666666666
2022-03-22T15:39:54,20,2,120,0.16666666666666666,0.016666666666666666
2022-03-22T15:48:29,20,2,120,0.16666666666666666,0.016666666666666666
2022-03-22T15:57:04,20,2,120,0.16666666666666666,0.016666666666666666
2022-03-22T16:05:40,20,2,120,0.16666666666666666,0.016666666666666666
2022-03-22T16:14:25,20,2,120,0.16666666666666666,0.016666666666666666
2022-03-22T16:23:01,20,2,120,0.16666666666666666,0.016666666666666666
2022-03-22T16:31:36,20,2,120,0.16666666666666666,0.016666666666666666
2022-03-22T16:40:11,20,2,120,0.16666666666666666,0.016666666666666666
2022-03-22T16:48:56,20,2,120,0.16666666666666666,0.016666666666666666
2022-03-22T16:57:31,20,2,120,0.16666666666666666,0.016666666666666666
2022-03-22T17:06:06,20,2,120,0.16666666666666666,0.016666666666666666
2022-03-22T17:14:41,20,2,120,0.16666666666666666,0.016666666666666666
2022-03-22T17:23:16,20,2,120,0.16666666666666666,0.016666666666666666
2022-03-22T17:32:02,20,2,120,0.16666666666666666,0.016666666666666666
2022-03-22T17:40:37,20,2,120,0.16666666666666666,0.016666666666666666
2022-03-22T17:49:12,20,2,120,0.16666666666666666,0.016666666666666666
2022-03-22T17:57:47,20,2,120,0.16666666666666666,0.016666666666666666
2022-03-22T18:06:32,20,2,120,0.16666666666666666,0.016666666666666666
2022-03-22T18:15:07,20,2,120,0.16666666666666666,0.016666666666666666
2022-03-22T18:23:42,20,2,120,0.16666666666666666,0.016666666666666666
2022-03-22T18:32:17,20,2,120,0.16666666666666666,0.016666666666666666
2022-03-22T18:40:52,20,2,120,0.16666666666666666,0.016666666666666666
2022-03-22T18:49:34,20,2,120,0.16666666666666666,0.016666666666666666
2022-03-22T18:58:10,20,2,120,0.16666666666666666,0.016666666666666666
2022-03-22T19:06:44,20,2,120,0.16666666666666666,0.016666666666666666
2022-03-22T19:15:20,20,2,120,0.16666666666666666,0.016666666666666666
2022-03-22T19:23:55,20,2,120,0.16666666666666666,0.016666666666666666
2022-03-22T19:32:39,20,2,120,0.16666666666666666,0.016666666666666666
2022-03-22T19:41:14,20,2,120,0.16666666666666666,0.016666666666666666
2022-03-22T19:49:49,20,2,120,0.16666666666666666,0.016666666666666666
2022-03-22T19:58:24,20,2,120,0.16666666666666666,0.016666666666666666
2022-03-22T20:06:59,20,2,120,0.16666666666666666,0.016666666666666666
2022-03-22T20:15:43,20,2,120,0.16666666666666666,0.016666666666666666
2022-03-22T20:24:18,20,2,120,0.16666666666666666,0.016666666666666666
2022-03-22T20:32:53,20,2,120,0.16666666666666666,0.016666666666666666
2022-03-22T20:41:28,20,2,120,0.16666666666666666,0.016666666666666666
2022-03-22T20:50:03,20,2,120,0.16666666666666666,0.016666666666666666
2022-03-22T20:58:39,20,2,120,0.16666666666666666,0.016666666666666666
2022-03-22T21:07:24,20,2,120,0.16666666666666666,0.016666666666666666
2022-03-22T21:16:00,20,2,120,0.16666666666666666,0.016666666666666666
2022-03-22T21:24:35,20,2,120,0.16666666666666666,0.016666666666666666
2022-03-22T21:33:10,20,2,120,0.16666666666666666,0.016666666666666666
2022-03-22T21:41:47,20,2,120,0.16666666666666666,0.016666666666666666
2022-03-22T21:50:33,20,2,120,0.16666666666666666,0.016666666666666666
2022-03-22T21:59:08,20,2,120,0.16666666666666666,0.016666666666666666
2022-03-22T22:07:44,20,2,120,0.16666666666666666,0.016666666666666666
2022-03-22T22:16:19,20,2,120,0.16666666666666666,0.016666666666666666
2022-03-22T22:24:56,20,2,120,0.16666666666666666,0.016666666666666666
2022-03-22T22:33:42,20,2,120,0.16666666666666666,0.016666666666666666
2022-03-22T22:42:17,20,2,120,0.16666666666666666,0.016666666666666666
2022-03-22T22:50:52,20,2,120,0.16666666666666666,0.016666666666666666
2022-03-22T22:59:28,20,2,120,0.16666666666666666,0.016666666666666666
2022-03-22T23:08:13,20,2,120,0.16666666666666666,0.016666666666666666
2022-03-22T23:16:48,20,2,120,0.16666666666666666,0.016666666666666666
2022-03-22T23:25:24,20,2,120,0.16666666666666666,0.016666666666666666
2022-03-22T23:34:01,20,2,120,0.16666666666666666,0.016666666666666666
2022-03-22T23:42:47,20,2,120,0.16666666666666666,0.016666666666666666
2022-03-22T23:51:22,20,2,120,0.16666666666666666,0.016666666666666666
2022-03-22T23:59:57,20,2,120,0.16666666666666666,0.016666666666666666
2022-03-23T00:08:38,20,2,120,0.16666666666666666,0.016666666666666666
2022-03-23T00:17:25,20,2,120,0.16666666666666666,0.016666666666666666
2022-03-23T00:26:01,20,2,120,0.16666666666666666,0.016666666666666666
2022-03-23T00:34:37,20,2,120,0.16666666666666666,0.016666666666666666
2022-03-23T00:43:13,20,2,120,0.16666666666666666,0.016666666666666666
2022-03-23T00:51:59,20,2,120,0.16666666666666666,0.016666666666666666
2022-03-23T01:00:44,20,2,120,0.16666666666666666,0.016666666666666666
2022-03-23T01:09:19,20,2,120,0.16666666666666666,0.016666666666666666
2022-03-23T01:17:56,20,2,120,0.16666666666666666,0.016666666666666666
2022-03-23T01:26:34,20,2,120,0.16666666666666666,0.016666666666666666
2022-03-23T01:35:22,20,2,120,0.16666666666666666,0.016666666666666666
2022-03-23T01:43:59,20,2,120,0.16666666666666666,0.016666666666666666
2022-03-23T01:52:35,20,2,120,0.16666666666666666,0.016666666666666666
2022-03-23T02:01:10,20,2,120,0.16666666666666666,0.016666666666666666
2022-03-23T02:09:58,20,2,120,0.16666666666666666,0.016666666666666666
2022-03-23T02:18:34,20,2,120,0.16666666666666666,0.016666666666666666
2022-03-23T02:27:09,20,2,120,0.16666666666666666,0.016666666666666666
2022-03-23T02:35:44,20,2,120,0.16666666666666666,0.016666666666666666
2022-03-23T02:44:19,20,2,120,0.16666666666666666,0.016666666666666666
2022-03-23T02:52:53,20,2,120,0.16666666666666666,0.016666666666666666
2022-03-23T03:01:28,20,2,120,0.16666666666666666,0.016666666666666666
2022-03-23T03:10:12,20,2,120,0.16666666666666666,0.016666666666666666
2022-03-23T03:18:47,20,2,120,0.16666666666666666,0.016666666666666666
2022-03-23T03:27:22,20,2,120,0.16666666666666666,0.016666666666666666
2022-03-23T03:35:58,20,2,120,0.16666666666666666,0.016666666666666666
2022-03-23T03:44:33,20,2,120,0.16666666666666666,0.016666666666666666
2022-03-23T03:53:08,20,2,120,0.16666666666666666,0.016666666666666666
2022-03-23T04:01:43,20,2,120,0.16666666666666666,0.016666666666666666
2022-03-23T04:10:18,20,2,120,0.16666666666666666,0.016666666666666666
2022-03-23T04:24:45,20,2,120,0.16666666666666666,0.016666666666666666
2022-03-23T04:33:40,20,2,120,0.16666666666666666,0.016666666666666666
2022-03-23T04:42:16,20,2,120,0.16666666666666666,0.016666666666666666
2022-03-23T04:50:51,20,2,120,0.16666666666666666,0.016666666666666666
2022-03-23T04:59:26,20,2,120,0.16666666666666666,0.016666666666666666
2022-03-23T05:08:02,20,2,120,0.16666666666666666,0.016666666666666666
2022-03-23T05:17:32,20,2,120,0.16666666666666666,0.016666666666666666
2022-03-23T05:26:55,20,2,120,0.16666666666666666,0.016666666666666666
2022-03-23T05:35:31,20,2,120,0.16666666666666666,0.016666666666666666
2022-03-23T05:44:06,20,2,120,0.16666666666666666,0.016666666666666666
2022-03-23T05:52:41,20,2,120,0.16666666666666666,0.016666666666666666
2022-03-23T06:01:16,20,2,120,0.16666666666666666,0.016666666666666666
2022-03-23T06:09:52,20,2,120,0.16666666666666666,0.016666666666666666
2022-03-23T06:18:27,20,2,120,0.16666666666666666,0.016666666666666666
2022-03-23T06:27:02,20,2,120,0.16666666666666666,0.016666666666666666
2022-03-23T06:35:37,20,2,120,0.16666666666666666,0.016666666666666666
2022-03-23T06:44:13,20,2,120,0.16666666666666666,0.016666666666666666
2022-03-23T06:52:48,20,2,120,0.16666666666666666,0.016666666666666666
2022-03-23T07:01:34,20,2,120,0.16666666666666666,0.016666666666666666
2022-03-23T07:10:09,20,2,120,0.16666666666666666,0.016666666666666666
2022-03-23T07:18:44,20,2,120,0.16666666666666666,0.016666666666666666
2022-03-23T07:27:19,20,2,120,0.16666666666666666,0.016666666666666666
2022-03-23T07:35:55,20,2,120,0.16666666666666666,0.016666666666666666
2022-03-23T07:44:30,20,2,120,0.16666666666666666,0.016666666666666666
2022-03-23T07:53:05,20,2,120,0.16666666666666666,0.016666666666666666
2022-03-23T08:01:40,20,2,120,0.16666666666666666,0.016666666666666666
2022-03-23T08:10:25,20,2,120,0.16666666666666666,0.016666666666666666
2022-03-23T08:19:00,20,2,120,0.16666666666666666,0.016666666666666666
2022-03-23T08:27:36,20,2,120,0.16666666666666666,0.016666666666666666
2022-03-23T08:36:11,20,2,120,0.16666666666666666,0.016666666666666666
2022-03-23T08:44:46,20,2,120,0.16666666666666666,0.016666666666666666
2022-03-23T08:53:21,20,2,120,0.16666666666666666,0.016666666666666666
2022-03-23T09:01:56,20,2,120,0.16666666666666666,0.016666666666666666
2022-03-23T09:10:45,20,2,120,0.16666666666666666,0.016666666666666666
2022-03-23T09:19:21,20,2,120,0.16666666666666666,0.016666666666666666
2022-03-23T09:27:56,20,2,120,0.16666666666666666,0.016666666666666666
2022-03-23T09:36:31,20,2,120,0.16666666666666666,0.016666666666666666
2022-03-23T09:45:07,20,2,120,0.16666666666666666,0.016666666666666666
2022-03-23T09:53:53,20,2,120,0.16666666666666666,0.016666666666666666
2022-03-23T10:02:28,20,2,120,0.16666666666666666,0.016666666666666666
2022-03-23T10:11:03,20,2,120,0.16666666666666666,0.016666666666666666
2022-03-23T10:19:39,20,2,120,0.16666666666666666,0.016666666666666666
2022-03-23T10:28:24,20,2,120,0.16666666666666666,0.016666666666666666
2022-03-23T10:36:59,20,2,120,0.16666666666666666,0.016666666666666666
2022-03-23T10:45:35,20,2,120,0.16666666666666666,0.016666666666666666
2022-03-23T10:54:10,20,2,120,0.16666666666666666,0.016666666666666666
2022-03-23T11:02:57,20,2,120,0.16666666666666666,0.016666666666666666
2022-03-23T11:11:33,20,2,120,0.16666666666666666,0.016666666666666666
2022-03-23T11:20:08,20,2,120,0.16666666666666666,0.016666666666666666
2022-03-23T11:28:43,20,2,120,0.16666666666666666,0.016666666666666666
2022-03-23T11:37:28,20,2,120,0.16666666666666666,0.016666666666666666
2022-03-23T11:46:03,20,2,120,0.16666666666666666,0.016666666666666666
2022-03-23T11:54:39,20,2,120,0.16666666666666666,0.016666666666666666
2022-03-23T12:03:14,20,2,120,0.16666666666666666,0.016666666666666666
2022-03-23T12:11:59,20,2,120,0.16666666666666666,0.016666666666666666
2022-03-23T12:20:34,20,2,120,0.16666666666666666,0.016666666666666666
2022-03-23T12:29:09,20,2,120,0.16666666666666666,0.016666666666666666
2022-03-23T12:37:44,20,2,120,0.16666666666666666,0.016666666666666666
2022-03-23T12:46:19,20,2,120,0.16666666666666666,0.016666666666666666
2022-03-23T12:55:06,20,2,120,0.16666666666666666,0.016666666666666666
2022-03-23T13:03:41,20,2,120,0.16666666666666666,0.016666666666666666
2022-03-23T13:12:16,20,2,120,0.16666666666666666,0.016666666666666666
2022-03-23T13:20:51,20,2,120,0.16666666666666666,0.016666666666666666
2022-03-23T13:29:38,20,2,120,0.16666666666666666,0.016666666666666666
2022-03-23T13:38:13,20,2,120,0.16666666666666666,0.016666666666666666
2022-03-23T13:46:48,20,2,120,0.16666666666666666,0.016666666666666666
2022-03-23T13:55:23,20,2,120,0.16666666666666666,0.016666666666666666
2022-03-23T14:04:11,20,2,120,0.16666666666666666,0.016666666666666666
2022-03-23T14:12:46,20,2,120,0.16666666666666666,0.016666666666666666
2022-03-23T14:21:22,20,2,120,0.16666666666666666,0.016666666666666666
2022-03-23T14:29:57,20,2,120,0.16666666666666666,0.016666666666666666
2022-03-23T14:38:41,20,2,120,0.16666666666666666,0.016666666666666666
2022-03-23T14:47:16,20,2,120,0.16666666666666666,0.016666666666666666
2022-03-23T14:55:52,20,2,120,0.16666666666666666,0.016666666666666666
2022-03-23T15:04:27,20,2,120,0.16666666666666666,0.016666666666666666
2022-03-23T15:13:02,20,2,120,0.16666666666666666,0.016666666666666666
2022-03-23T15:21:37,20,2,120,0.16666666666666666,0.016666666666666666
2022-03-23T15:30:22,20,2,120,0.16666666666666666,0.016666666666666666
2022-03-23T15:38:57,20,2,120,0.16666666666666666,0.016666666666666666
2022-03-23T15:47:32,20,2,120,0.16666666666666666,0.016666666666666666
2022-03-23T15:56:07,20,2,120,0.16666666666666666,0.016666666666666666
2022-03-23T16:04:42,20,2,120,0.16666666666666666,0.016666666666666666
2022-03-23T16:13:17,20,2,120,0.16666666666666666,0.016666666666666666
2022-03-23T16:21:52,20,2,120,0.16666666666666666,0.016666666666666666
2022-03-23T16:30:27,20,2,120,0.16666666666666666,0.016666666666666666
2022-03-23T16:39:13,20,2,120,0.16666666666666666,0.016666666666666666
2022-03-23T16:47:47,21,2,120,0.175,0.016666666666666666
2022-03-23T16:56:22,21,2,120,0.175,0.016666666666666666
2022-03-23T17:04:57,21,2,120,0.175,0.016666666666666666
2022-03-23T17:13:32,21,2,120,0.175,0.016666666666666666
2022-03-23T17:22:19,21,2,120,0.175,0.016666666666666666
2022-03-23T17:30:54,21,2,120,0.175,0.016666666666666666
2022-03-23T17:39:29,21,2,120,0.175,0.016666666666666666
2022-03-23T17:48:04,21,2,120,0.175,0.016666666666666666
2022-03-23T17:56:39,21,2,120,0.175,0.016666666666666666
2022-03-23T18:05:14,21,2,120,0.175,0.016666666666666666
2022-03-23T18:13:49,21,2,120,0.175,0.016666666666666666
2022-03-23T18:22:31,21,2,120,0.175,0.016666666666666666
2022-03-23T18:31:06,21,2,120,0.175,0.016666666666666666
2022-03-23T18:39:40,21,2,120,0.175,0.016666666666666666
2022-03-23T18:48:15,21,2,120,0.175,0.016666666666666666
2022-03-23T18:56:58,21,2,120,0.175,0.016666666666666666
2022-03-23T19:05:33,21,2,120,0.175,0.016666666666666666
2022-03-23T19:14:08,21,2,120,0.175,0.016666666666666666
2022-03-23T19:22:43,21,2,120,0.175,0.016666666666666666
2022-03-23T19:31:18,21,2,120,0.175,0.016666666666666666
2022-03-23T19:40:01,21,2,120,0.175,0.016666666666666666
2022-03-23T19:48:36,21,2,120,0.175,0.016666666666666666
2022-03-23T19:57:11,21,2,120,0.175,0.016666666666666666
2022-03-23T20:05:46,21,2,120,0.175,0.016666666666666666
2022-03-23T20:14:21,21,2,120,0.175,0.016666666666666666
2022-03-23T20:22:56,21,2,120,0.175,0.016666666666666666
2022-03-23T20:31:40,21,2,120,0.175,0.016666666666666666
2022-03-23T20:40:15,21,2,120,0.175,0.016666666666666666
2022-03-23T20:48:50,21,2,120,0.175,0.016666666666666666
2022-03-23T20:57:25,21,2,120,0.175,0.016666666666666666
2022-03-23T21:06:00,21,2,120,0.175,0.016666666666666666
2022-03-23T21:14:35,21,2,120,0.175,0.016666666666666666
2022-03-23T21:23:19,21,2,120,0.175,0.016666666666666666
2022-03-23T21:31:54,21,2,120,0.175,0.016666666666666666
2022-03-23T21:40:29,21,2,120,0.175,0.016666666666666666
2022-03-23T21:49:03,21,2,120,0.175,0.016666666666666666
2022-03-23T21:57:38,21,2,120,0.175,0.016666666666666666
2022-03-23T22:06:24,21,2,120,0.175,0.016666666666666666
2022-03-23T22:14:59,21,2,120,0.175,0.016666666666666666
2022-03-23T22:23:34,21,2,120,0.175,0.016666666666666666
2022-03-23T22:32:08,21,2,120,0.175,0.016666666666666666
2022-03-23T22:40:43,21,2,120,0.175,0.016666666666666666
2022-03-23T22:49:18,21,2,120,0.175,0.016666666666666666
2022-03-23T22:58:02,21,2,120,0.175,0.016666666666666666
2022-03-23T23:06:37,21,2,120,0.175,0.016666666666666666
2022-03-23T23:15:12,21,2,120,0.175,0.016666666666666666
2022-03-23T23:23:47,21,2,120,0.175,0.016666666666666666
2022-03-23T23:32:22,21,2,120,0.175,0.016666666666666666
2022-03-23T23:40:57,21,2,120,0.175,0.016666666666666666
2022-03-23T23:49:32,21,2,120,0.175,0.016666666666666666
2022-03-23T23:58:20,21,2,120,0.175,0.016666666666666666
2022-03-24T00:06:55,21,2,120,0.175,0.016666666666666666
2022-03-24T00:15:30,21,2,120,0.175,0.016666666666666666
2022-03-24T00:24:05,21,2,120,0.175,0.016666666666666666
2022-03-24T00:32:40,21,2,120,0.175,0.016666666666666666
2022-03-24T00:41:15,21,2,120,0.175,0.016666666666666666
2022-03-24T00:49:50,21,2,120,0.175,0.016666666666666666
2022-03-24T00:58:26,21,2,120,0.175,0.016666666666666666
2022-03-24T01:07:12,21,2,120,0.175,0.016666666666666666
2022-03-24T01:15:48,21,2,120,0.175,0.016666666666666666
2022-03-24T01:24:23,21,2,120,0.175,0.016666666666666666
2022-03-24T01:32:58,21,2,120,0.175,0.016666666666666666
2022-03-24T01:41:33,21,2,120,0.175,0.016666666666666666
2022-03-24T01:50:08,21,2,120,0.175,0.016666666666666666
2022-03-24T01:58:44,21,2,120,0.175,0.016666666666666666
2022-03-24T02:07:19,21,2,120,0.175,0.016666666666666666
2022-03-24T02:15:54,21,2,120,0.175,0.016666666666666666
2022-03-24T02:24:29,21,2,120,0.175,0.016666666666666666
2022-03-24T02:33:04,21,2,120,0.175,0.016666666666666666
2022-03-24T02:41:39,21,2,120,0.175,0.016666666666666666
2022-03-24T02:50:14,21,2,120,0.175,0.016666666666666666
2022-03-24T02:58:50,21,2,120,0.175,0.016666666666666666
2022-03-24T03:07:38,21,2,120,0.175,0.016666666666666666
2022-03-24T03:16:17,21,2,120,0.175,0.016666666666666666
2022-03-24T03:24:53,21,2,120,0.175,0.016666666666666666
2022-03-24T03:33:28,21,2,120,0.175,0.016666666666666666
2022-03-24T03:42:03,21,2,120,0.175,0.016666666666666666
2022-03-24T03:50:38,21,2,120,0.175,0.016666666666666666
2022-03-24T03:59:13,21,2,120,0.175,0.016666666666666666
2022-03-24T04:07:48,21,2,120,0.175,0.016666666666666666
2022-03-24T04:18:19,21,2,120,0.175,0.016666666666666666
2022-03-24T04:29:26,21,2,120,0.175,0.016666666666666666
2022-03-24T04:38:21,21,2,120,0.175,0.016666666666666666
2022-03-24T04:46:57,21,2,120,0.175,0.016666666666666666
2022-03-24T04:55:32,21,2,120,0.175,0.016666666666666666
2022-03-24T05:04:08,21,2,120,0.175,0.016666666666666666
2022-03-24T05:12:44,21,2,120,0.175,0.016666666666666666
2022-03-24T05:21:20,21,2,120,0.175,0.016666666666666666
2022-03-24T05:29:55,21,2,120,0.175,0.016666666666666666
2022-03-24T05:38:30,21,2,120,0.175,0.016666666666666666
2022-03-24T05:47:06,21,2,120,0.175,0.016666666666666666
2022-03-24T05:55:41,21,2,120,0.175,0.016666666666666666
2022-03-24T06:04:16,21,2,120,0.175,0.016666666666666666
2022-03-24T06:12:52,21,2,120,0.175,0.016666666666666666
2022-03-24T06:21:28,21,2,120,0.175,0.016666666666666666
2022-03-24T06:30:03,21,2,120,0.175,0.016666666666666666
2022-03-24T06:38:37,21,2,120,0.175,0.016666666666666666
2022-03-24T06:47:12,21,2,120,0.175,0.016666666666666666
2022-03-24T06:55:56,21,2,120,0.175,0.016666666666666666
2022-03-24T07:04:31,21,2,120,0.175,0.016666666666666666
2022-03-24T07:13:06,21,2,120,0.175,0.016666666666666666
2022-03-24T07:21:41,21,2,120,0.175,0.016666666666666666
2022-03-24T07:30:16,21,2,120,0.175,0.016666666666666666
2022-03-24T07:38:51,21,2,120,0.175,0.016666666666666666
2022-03-24T07:47:26,21,2,120,0.175,0.016666666666666666
2022-03-24T07:56:02,21,2,120,0.175,0.016666666666666666
2022-03-24T08:04:37,21,2,120,0.175,0.016666666666666666
2022-03-24T08:13:12,21,2,120,0.175,0.016666666666666666
2022-03-24T08:21:47,21,2,120,0.175,0.016666666666666666
2022-03-24T08:30:22,21,2,120,0.175,0.016666666666666666
2022-03-24T08:38:57,21,2,120,0.175,0.016666666666666666
2022-03-24T08:47:33,21,2,120,0.175,0.016666666666666666
2022-03-24T08:56:20,21,2,120,0.175,0.016666666666666666
2022-03-24T09:04:56,21,2,120,0.175,0.016666666666666666
2022-03-24T09:13:33,21,2,120,0.175,0.016666666666666666
2022-03-24T09:22:09,21,2,120,0.175,0.016666666666666666
2022-03-24T09:30:46,21,2,120,0.175,0.016666666666666666
2022-03-24T09:39:24,21,2,120,0.175,0.016666666666666666
2022-03-24T09:48:02,21,2,120,0.175,0.016666666666666666
2022-03-24T09:56:39,21,2,120,0.175,0.016666666666666666
2022-03-24T10:05:17,21,2,120,0.175,0.016666666666666666
2022-03-24T10:13:54,21,2,120,0.175,0.016666666666666666
2022-03-24T10:22:31,21,2,120,0.175,0.016666666666666666
2022-03-24T10:31:08,21,2,120,0.175,0.016666666666666666
2022-03-24T10:39:45,21,2,120,0.175,0.016666666666666666
2022-03-24T10:48:33,21,2,120,0.175,0.016666666666666666
2022-03-24T10:57:09,21,2,120,0.175,0.016666666666666666
2022-03-24T11:05:45,21,2,120,0.175,0.016666666666666666
2022-03-24T11:14:21,21,2,120,0.175,0.016666666666666666
2022-03-24T11:22:58,21,2,120,0.175,0.016666666666666666
2022-03-24T11:31:34,21,2,120,0.175,0.016666666666666666
2022-03-24T11:40:10,21,2,120,0.175,0.016666666666666666
2022-03-24T11:48:46,21,2,120,0.175,0.016666666666666666
2022-03-24T11:57:21,21,2,120,0.175,0.016666666666666666
2022-03-24T12:06:03,21,2,120,0.175,0.016666666666666666
2022-03-24T12:14:38,21,2,120,0.175,0.016666666666666666
2022-03-24T12:23:13,21,2,120,0.175,0.016666666666666666
2022-03-24T12:31:48,21,2,120,0.175,0.016666666666666666
2022-03-24T12:40:23,21,2,120,0.175,0.016666666666666666
2022-03-24T12:48:58,21,2,120,0.175,0.016666666666666666
2022-03-24T12:57:41,21,2,120,0.175,0.016666666666666666
2022-03-24T13:06:16,21,2,120,0.175,0.016666666666666666
2022-03-24T13:14:51,21,2,120,0.175,0.016666666666666666
2022-03-24T13:23:26,21,2,120,0.175,0.016666666666666666
2022-03-24T13:32:01,21,2,120,0.175,0.016666666666666666
2022-03-24T13:40:36,21,2,120,0.175,0.016666666666666666
2022-03-24T13:49:11,21,2,120,0.175,0.016666666666666666
2022-03-24T13:57:56,21,2,120,0.175,0.016666666666666666
2022-03-24T14:06:31,21,2,120,0.175,0.016666666666666666
2022-03-24T14:15:06,21,2,120,0.175,0.016666666666666666
2022-03-24T14:23:41,21,2,120,0.175,0.016666666666666666
2022-03-24T14:32:16,21,2,120,0.175,0.016666666666666666
2022-03-24T14:40:51,21,2,120,0.175,0.016666666666666666
2022-03-24T14:49:26,21,2,120,0.175,0.016666666666666666
2022-03-24T14:58:01,21,2,120,0.175,0.016666666666666666
2022-03-24T15:06:49,21,2,120,0.175,0.016666666666666666
2022-03-24T15:15:24,21,2,120,0.175,0.016666666666666666
2022-03-24T15:23:59,21,2,120,0.175,0.016666666666666666
2022-03-24T15:32:34,21,2,120,0.175,0.016666666666666666
2022-03-24T15:41:09,21,2,120,0.175,0.016666666666666666
2022-03-24T15:49:44,21,2,120,0.175,0.016666666666666666
2022-03-24T15:58:19,21,2,120,0.175,0.016666666666666666
2022-03-24T16:06:54,21,2,120,0.175,0.016666666666666666
2022-03-24T16:15:40,21,2,120,0.175,0.016666666666666666
2022-03-24T16:24:15,21,2,120,0.175,0.016666666666666666
2022-03-24T16:32:51,21,2,120,0.175,0.016666666666666666
2022-03-24T16:41:25,21,2,120,0.175,0.016666666666666666
2022-03-24T16:50:00,21,2,120,0.175,0.016666666666666666
2022-03-24T16:58:35,21,2,120,0.175,0.016666666666666666
2022-03-24T17:07:10,21,2,120,0.175,0.016666666666666666
2022-03-24T17:15:45,21,2,120,0.175,0.016666666666666666
2022-03-24T17:24:20,21,2,120,0.175,0.016666666666666666
2022-03-24T17:32:55,21,2,120,0.175,0.016666666666666666
2022-03-24T17:41:39,21,2,120,0.175,0.016666666666666666
2022-03-24T17:50:14,21,2,120,0.175,0.016666666666666666
2022-03-24T17:58:49,21,2,120,0.175,0.016666666666666666
2022-03-24T18:07:24,21,2,120,0.175,0.016666666666666666
2022-03-24T18:15:59,21,2,120,0.175,0.016666666666666666
2022-03-24T18:24:33,21,2,120,0.175,0.016666666666666666
2022-03-24T18:33:08,21,2,120,0.175,0.016666666666666666
2022-03-24T18:41:52,21,2,120,0.175,0.016666666666666666
2022-03-24T18:50:27,21,2,120,0.175,0.016666666666666666
2022-03-24T18:59:02,21,2,120,0.175,0.016666666666666666
2022-03-24T19:07:37,21,2,120,0.175,0.016666666666666666
2022-03-24T19:16:12,21,2,120,0.175,0.016666666666666666
2022-03-24T19:24:46,21,2,120,0.175,0.016666666666666666
2022-03-24T19:33:21,21,2,120,0.175,0.016666666666666666
2022-03-24T19:41:56,21,2,120,0.175,0.016666666666666666
2022-03-24T19:50:40,21,2,120,0.175,0.016666666666666666
2022-03-24T19:59:15,21,2,120,0.175,0.016666666666666666
2022-03-24T20:07:50,21,2,120,0.175,0.016666666666666666
2022-03-24T20:16:24,21,2,120,0.175,0.016666666666666666
2022-03-24T20:24:59,21,2,120,0.175,0.016666666666666666
2022-03-24T20:33:34,21,2,120,0.175,0.016666666666666666
2022-03-24T20:42:09,21,2,120,0.175,0.016666666666666666
2022-03-24T20:50:52,21,2,120,0.175,0.016666666666666666
2022-03-24T20:59:27,21,2,120,0.175,0.016666666666666666
2022-03-24T21:08:02,21,2,120,0.175,0.016666666666666666
2022-03-24T21:16:36,21,2,120,0.175,0.016666666666666666
2022-03-24T21:25:11,21,2,120,0.175,0.016666666666666666
2022-03-24T21:33:46,21,2,120,0.175,0.016666666666666666
2022-03-24T21:42:21,21,2,120,0.175,0.016666666666666666
2022-03-24T21:51:06,21,2,120,0.175,0.016666666666666666
2022-03-24T21:59:41,21,2,120,0.175,0.016666666666666666
2022-03-24T22:08:16,21,2,120,0.175,0.016666666666666666
2022-03-24T22:16:51,21,2,120,0.175,0.016666666666666666
2022-03-24T22:25:26,21,2,120,0.175,0.016666666666666666
2022-03-24T22:34:00,21,2,120,0.175,0.016666666666666666
2022-03-24T22:42:35,21,2,120,0.175,0.016666666666666666
2022-03-24T22:51:10,21,2,120,0.175,0.016666666666666666
2022-03-24T22:59:45,21,2,120,0.175,0.016666666666666666
2022-03-24T23:08:31,21,2,120,0.175,0.016666666666666666
2022-03-24T23:17:06,21,2,120,0.175,0.016666666666666666
2022-03-24T23:25:41,21,2,120,0.175,0.016666666666666666
2022-03-24T23:34:16,21,2,120,0.175,0.016666666666666666
2022-03-24T23:42:51,21,2,120,0.175,0.016666666666666666
2022-03-24T23:51:25,21,2,120,0.175,0.016666666666666666
2022-03-25T00:00:00,21,2,120,0.175,0.016666666666666666
2022-03-25T00:08:35,21,2,120,0.175,0.016666666666666666
2022-03-25T00:17:11,21,2,120,0.175,0.016666666666666666
2022-03-25T00:25:56,21,2,120,0.175,0.016666666666666666
2022-03-25T00:34:31,21,2,120,0.175,0.016666666666666666
2022-03-25T00:43:07,21,2,120,0.175,0.016666666666666666
2022-03-25T00:51:43,21,2,120,0.175,0.016666666666666666
2022-03-25T01:00:18,21,2,120,0.175,0.016666666666666666
2022-03-25T01:08:53,21,2,120,0.175,0.016666666666666666
2022-03-25T01:17:29,21,2,120,0.175,0.016666666666666666
2022-03-25T01:26:05,21,2,120,0.175,0.016666666666666666
2022-03-25T01:34:41,21,2,120,0.175,0.016666666666666666
2022-03-25T01:43:17,21,2,120,0.175,0.016666666666666666
2022-03-25T01:51:53,21,2,120,0.175,0.016666666666666666
2022-03-25T02:00:29,21,2,120,0.175,0.016666666666666666
2022-03-25T02:09:06,21,2,120,0.175,0.016666666666666666
2022-03-25T02:17:41,21,2,120,0.175,0.016666666666666666
2022-03-25T02:26:17,21,2,120,0.175,0.016666666666666666
2022-03-25T02:34:52,21,2,120,0.175,0.016666666666666666
2022-03-25T02:43:39,21,2,120,0.175,0.016666666666666666
2022-03-25T02:52:14,21,2,120,0.175,0.016666666666666666
2022-03-25T03:00:50,21,2,120,0.175,0.016666666666666666
2022-03-25T03:09:25,21,2,120,0.175,0.016666666666666666
2022-03-25T03:18:24,21,2,120,0.175,0.016666666666666666
2022-03-25T03:26:59,21,2,120,0.175,0.016666666666666666
2022-03-25T03:35:34,21,2,120,0.175,0.016666666666666666
2022-03-25T03:44:09,21,2,120,0.175,0.016666666666666666
2022-03-25T03:52:45,21,2,120,0.175,0.016666666666666666
2022-03-25T04:01:19,21,2,120,0.175,0.016666666666666666
2022-03-25T04:16:41,21,2,120,0.175,0.016666666666666666
2022-03-25T04:25:17,21,2,120,0.175,0.016666666666666666
2022-03-25T04:35:05,21,2,120,0.175,0.016666666666666666
2022-03-25T04:43:56,21,2,120,0.175,0.016666666666666666
2022-03-25T04:52:31,21,2,120,0.175,0.016666666666666666
2022-03-25T05:01:07,21,2,120,0.175,0.016666666666666666
2022-03-25T05:09:42,21,2,120,0.175,0.016666666666666666
2022-03-25T05:18:18,21,2,120,0.175,0.016666666666666666
2022-03-25T05:26:53,21,2,120,0.175,0.016666666666666666
2022-03-25T05:35:29,21,2,120,0.175,0.016666666666666666
2022-03-25T05:44:04,21,2,120,0.175,0.016666666666666666
2022-03-25T05:52:40,21,2,120,0.175,0.016666666666666666
2022-03-25T06:01:15,21,2,120,0.175,0.016666666666666666
2022-03-25T06:09:50,21,2,120,0.175,0.016666666666666666
2022-03-25T06:18:25,21,2,120,0.175,0.016666666666666666
2022-03-25T06:27:01,21,2,120,0.175,0.016666666666666666
2022-03-25T06:35:36,21,2,120,0.175,0.016666666666666666
2022-03-25T06:44:11,21,2,120,0.175,0.016666666666666666
2022-03-25T06:52:46,21,2,120,0.175,0.016666666666666666
2022-03-25T07:01:22,21,2,120,0.175,0.016666666666666666
2022-03-25T07:10:05,21,2,120,0.175,0.016666666666666666
2022-03-25T07:18:40,21,2,120,0.175,0.016666666666666666
2022-03-25T07:27:15,21,2,120,0.175,0.016666666666666666
2022-03-25T07:35:50,21,2,120,0.175,0.016666666666666666
2022-03-25T07:44:25,21,2,120,0.175,0.016666666666666666
2022-03-25T07:53:00,21,2,120,0.175,0.016666666666666666
2022-03-25T08:01:35,21,2,120,0.175,0.016666666666666666
2022-03-25T08:10:10,21,2,120,0.175,0.016666666666666666
2022-03-25T08:18:45,21,2,120,0.175,0.016666666666666666
2022-03-25T08:27:21,21,2,120,0.175,0.016666666666666666
2022-03-25T08:35:56,21,2,120,0.175,0.016666666666666666
2022-03-25T08:44:31,21,2,120,0.175,0.016666666666666666
2022-03-25T08:53:06,21,2,120,0.175,0.016666666666666666
2022-03-25T09:01:41,21,2,120,0.175,0.016666666666666666
2022-03-25T09:10:29,21,2,120,0.175,0.016666666666666666
2022-03-25T09:19:04,21,2,120,0.175,0.016666666666666666
2022-03-25T09:27:39,21,2,120,0.175,0.016666666666666666
2022-03-25T09:36:13,21,2,120,0.175,0.016666666666666666
2022-03-25T09:44:48,20,2,120,0.16666666666666666,0.016666666666666666
2022-03-25T09:53:23,20,2,120,0.16666666666666666,0.016666666666666666
2022-03-25T10:01:58,20,2,120,0.16666666666666666,0.016666666666666666
2022-03-25T10:10:33,20,2,120,0.16666666666666666,0.016666666666666666
2022-03-25T10:19:08,20,2,120,0.16666666666666666,0.016666666666666666
2022-03-25T10:27:54,20,2,120,0.16666666666666666,0.016666666666666666
2022-03-25T10:36:29,20,2,120,0.16666666666666666,0.016666666666666666
2022-03-25T10:45:04,20,2,120,0.16666666666666666,0.016666666666666666
2022-03-25T10:53:39,20,2,120,0.16666666666666666,0.016666666666666666
2022-03-25T11:02:13,20,2,120,0.16666666666666666,0.016666666666666666
2022-03-25T11:10:48,20,2,120,0.16666666666666666,0.016666666666666666
2022-03-25T11:19:23,20,2,120,0.16666666666666666,0.016666666666666666
2022-03-25T11:27:58,20,2,120,0.16666666666666666,0.016666666666666666
2022-03-25T11:36:40,20,2,120,0.16666666666666666,0.016666666666666666
2022-03-25T11:45:15,20,2,120,0.16666666666666666,0.016666666666666666
2022-03-25T11:53:50,20,2,120,0.16666666666666666,0.016666666666666666
2022-03-25T12:02:25,20,2,120,0.16666666666666666,0.016666666666666666
2022-03-25T12:11:00,20,2,120,0.16666666666666666,0.016666666666666666
2022-03-25T12:19:34,20,2,120,0.16666666666666666,0.016666666666666666
2022-03-25T12:28:19,20,2,120,0.16666666666666666,0.016666666666666666
2022-03-25T12:36:54,20,2,120,0.16666666666666666,0.016666666666666666
2022-03-25T12:45:28,20,2,120,0.16666666666666666,0.016666666666666666
2022-03-25T12:54:03,20,2,120,0.16666666666666666,0.016666666666666666
2022-03-25T13:02:38,20,2,120,0.16666666666666666,0.016666666666666666
2022-03-25T13:11:13,20,2,120,0.16666666666666666,0.016666666666666666
2022-03-25T13:19:47,20,2,120,0.16666666666666666,0.016666666666666666
2022-03-25T13:28:32,20,2,120,0.16666666666666666,0.016666666666666666
2022-03-25T13:37:07,20,2,120,0.16666666666666666,0.016666666666666666
2022-03-25T13:45:42,20,2,120,0.16666666666666666,0.016666666666666666
2022-03-25T13:54:17,20,2,120,0.16666666666666666,0.016666666666666666
2022-03-25T14:02:52,20,2,120,0.16666666666666666,0.016666666666666666
2022-03-25T14:11:27,20,2,120,0.16666666666666666,0.016666666666666666
2022-03-25T14:20:11,20,2,120,0.16666666666666666,0.016666666666666666
2022-03-25T14:28:46,20,2,120,0.16666666666666666,0.016666666666666666
2022-03-25T14:37:21,20,2,120,0.16666666666666666,0.016666666666666666
2022-03-25T14:45:56,20,2,120,0.16666666666666666,0.016666666666666666
2022-03-25T14:54:31,20,2,120,0.16666666666666666,0.016666666666666666
2022-03-25T15:03:06,20,2,120,0.16666666666666666,0.016666666666666666
2022-03-25T15:11:40,20,2,120,0.16666666666666666,0.016666666666666666
2022-03-25T15:20:15,20,2,120,0.16666666666666666,0.016666666666666666
2022-03-25T15:29:00,20,2,120,0.16666666666666666,0.016666666666666666
2022-03-25T15:37:35,20,2,120,0.16666666666666666,0.016666666666666666
2022-03-25T15:46:10,20,2,120,0.16666666666666666,0.016666666666666666
2022-03-25T15:54:44,20,2,120,0.16666666666666666,0.016666666666666666
2022-03-25T16:03:19,20,2,120,0.16666666666666666,0.016666666666666666
2022-03-25T16:11:54,20,2,120,0.16666666666666666,0.016666666666666666
2022-03-25T16:20:29,20,2,120,0.16666666666666666,0.016666666666666666
2022-03-25T16:29:10,20,2,120,0.16666666666666666,0.016666666666666666
2022-03-25T16:37:45,20,2,120,0.16666666666666666,0.016666666666666666
2022-03-25T16:46:20,20,2,120,0.16666666666666666,0.016666666666666666
2022-03-25T16:54:54,20,2,120,0.16666666666666666,0.016666666666666666
2022-03-25T17:03:29,20,2,120,0.16666666666666666,0.016666666666666666
2022-03-25T17:12:04,20,2,120,0.16666666666666666,0.016666666666666666
2022-03-25T17:20:39,20,2,120,0.16666666666666666,0.016666666666666666
2022-03-25T17:29:13,20,2,120,0.16666666666666666,0.016666666666666666
2022-03-25T17:37:48,20,2,120,0.16666666666666666,0.016666666666666666
2022-03-25T17:46:32,20,2,120,0.16666666666666666,0.016666666666666666
2022-03-25T17:55:07,20,2,120,0.16666666666666666,0.016666666666666666
2022-03-25T18:03:43,20,2,120,0.16666666666666666,0.016666666666666666
2022-03-25T18:12:18,20,2,120,0.16666666666666666,0.016666666666666666
2022-03-25T18:20:53,20,2,120,0.16666666666666666,0.016666666666666666
2022-03-25T18:29:28,20,2,120,0.16666666666666666,0.016666666666666666
2022-03-25T18:38:02,20,2,120,0.16666666666666666,0.016666666666666666
2022-03-25T18:46:37,20,2,120,0.16666666666666666,0.016666666666666666
2022-03-25T18:55:22,20,2,120,0.16666666666666666,0.016666666666666666
2022-03-25T19:03:56,20,2,120,0.16666666666666666,0.016666666666666666
2022-03-25T19:12:31,20,2,120,0.16666666666666666,0.016666666666666666
2022-03-25T19:21:06,20,2,120,0.16666666666666666,0.016666666666666666
2022-03-25T19:29:41,20,2,120,0.16666666666666666,0.016666666666666666
2022-03-25T19:38:15,20,2,120,0.16666666666666666,0.016666666666666666
2022-03-25T19:46:50,20,2,120,0.16666666666666666,0.016666666666666666
2022-03-25T19:55:25,20,2,120,0.16666666666666666,0.016666666666666666
2022-03-25T20:04:00,20,2,120,0.16666666666666666,0.016666666666666666
2022-03-25T20:12:45,20,2,120,0.16666666666666666,0.016666666666666666
2022-03-25T20:21:20,20,2,120,0.16666666666666666,0.016666666666666666
2022-03-25T20:29:55,20,2,120,0.16666666666666666,0.016666666666666666
2022-03-25T20:38:30,20,2,120,0.16666666666666666,0.016666666666666666
2022-03-25T20:47:04,20,2,120,0.16666666666666666,0.016666666666666666
2022-03-25T20:55:39,20,2,120,0.16666666666666666,0.016666666666666666
2022-03-25T21:04:14,20,2,120,0.16666666666666666,0.016666666666666666
2022-03-25T21:12:49,20,2,120,0.16666666666666666,0.016666666666666666
2022-03-25T21:21:24,20,2,120,0.16666666666666666,0.016666666666666666
2022-03-25T21:30:11,20,2,120,0.16666666666666666,0.016666666666666666
2022-03-25T21:38:46,20,2,120,0.16666666666666666,0.016666666666666666
2022-03-25T21:47:20,20,2,120,0.16666666666666666,0.016666666666666666
2022-03-25T21:55:55,20,2,120,0.16666666666666666,0.016666666666666666
2022-03-25T22:04:30,20,2,120,0.16666666666666666,0.016666666666666666
2022-03-25T22:13:05,20,2,120,0.16666666666666666,0.016666666666666666
2022-03-25T22:21:40,20,2,120,0.16666666666666666,0.016666666666666666
2022-03-25T22:30:14,20,2,120,0.16666666666666666,0.016666666666666666
2022-03-25T22:38:49,20,2,120,0.16666666666666666,0.016666666666666666
2022-03-25T22:47:24,20,2,120,0.16666666666666666,0.016666666666666666
2022-03-25T22:56:09,20,2,120,0.16666666666666666,0.016666666666666666
2022-03-25T23:04:44,20,2,120,0.16666666666666666,0.016666666666666666
2022-03-25T23:13:19,20,2,120,0.16666666666666666,0.016666666666666666
2022-03-25T23:21:53,20,2,120,0.16666666666666666,0.016666666666666666
2022-03-25T23:30:28,20,2,120,0.16666666666666666,0.016666666666666666
2022-03-25T23:39:03,20,2,120,0.16666666666666666,0.016666666666666666
2022-03-25T23:47:38,20,2,120,0.16666666666666666,0.016666666666666666
2022-03-25T23:56:13,20,2,120,0.16666666666666666,0.016666666666666666
2022-03-26T00:04:48,20,2,120,0.16666666666666666,0.016666666666666666
2022-03-26T00:13:24,20,2,120,0.16666666666666666,0.016666666666666666
2022-03-26T00:22:00,20,2,120,0.16666666666666666,0.016666666666666666
2022-03-26T00:30:46,20,2,120,0.16666666666666666,0.016666666666666666
2022-03-26T00:39:21,20,2,120,0.16666666666666666,0.016666666666666666
2022-03-26T00:47:56,20,2,120,0.16666666666666666,0.016666666666666666
2022-03-26T00:56:31,20,2,120,0.16666666666666666,0.016666666666666666
2022-03-26T01:05:06,20,2,120,0.16666666666666666,0.016666666666666666
2022-03-26T01:13:41,20,2,120,0.16666666666666666,0.016666666666666666
2022-03-26T01:22:16,20,2,120,0.16666666666666666,0.016666666666666666
2022-03-26T01:30:51,20,2,120,0.16666666666666666,0.016666666666666666
2022-03-26T01:39:26,20,2,120,0.16666666666666666,0.016666666666666666
2022-03-26T01:48:01,20,2,120,0.16666666666666666,0.016666666666666666
2022-03-26T01:56:36,20,2,120,0.16666666666666666,0.016666666666666666
2022-03-26T02:05:22,20,2,120,0.16666666666666666,0.016666666666666666
2022-03-26T02:13:57,20,2,120,0.16666666666666666,0.016666666666666666
2022-03-26T02:22:32,20,2,120,0.16666666666666666,0.016666666666666666
2022-03-26T02:31:07,20,2,120,0.16666666666666666,0.016666666666666666
2022-03-26T02:39:42,20,2,120,0.16666666666666666,0.016666666666666666
2022-03-26T02:48:16,20,2,120,0.16666666666666666,0.016666666666666666
2022-03-26T02:56:51,20,2,120,0.16666666666666666,0.016666666666666666
2022-03-26T03:05:26,20,2,120,0.16666666666666666,0.016666666666666666
2022-03-26T03:14:01,20,2,120,0.16666666666666666,0.016666666666666666
2022-03-26T03:22:35,20,2,120,0.16666666666666666,0.016666666666666666
2022-03-26T03:31:10,20,2,120,0.16666666666666666,0.016666666666666666
2022-03-26T03:39:45,20,2,120,0.16666666666666666,0.016666666666666666
2022-03-26T03:48:20,20,2,120,0.16666666666666666,0.016666666666666666
2022-03-26T03:56:55,20,2,120,0.16666666666666666,0.016666666666666666
2022-03-26T04:05:30,20,2,120,0.16666666666666666,0.016666666666666666
2022-03-26T04:20:18,20,2,120,0.16666666666666666,0.016666666666666666
2022-03-26T04:29:14,20,2,120,0.16666666666666666,0.016666666666666666
2022-03-26T04:37:49,20,2,120,0.16666666666666666,0.016666666666666666
2022-03-26T04:46:25,20,2,120,0.16666666666666666,0.016666666666666666
2022-03-26T04:55:00,20,2,120,0.16666666666666666,0.016666666666666666
2022-03-26T05:03:36,20,2,120,0.16666666666666666,0.016666666666666666
2022-03-26T05:12:11,20,2,120,0.16666666666666666,0.016666666666666666
2022-03-26T05:20:47,20,2,120,0.16666666666666666,0.016666666666666666
2022-03-26T05:29:22,20,2,120,0.16666666666666666,0.016666666666666666
2022-03-26T05:37:57,20,2,120,0.16666666666666666,0.016666666666666666
2022-03-26T05:46:33,20,2,120,0.16666666666666666,0.016666666666666666
2022-03-26T05:55:08,20,2,120,0.16666666666666666,0.016666666666666666
2022-03-26T06:03:43,20,2,120,0.16666666666666666,0.016666666666666666
2022-03-26T06:12:24,20,2,120,0.16666666666666666,0.016666666666666666
2022-03-26T06:20:59,20,2,120,0.16666666666666666,0.016666666666666666
2022-03-26T06:29:34,20,2,120,0.16666666666666666,0.016666666666666666
2022-03-26T06:38:09,20,2,120,0.16666666666666666,0.016666666666666666
2022-03-26T06:46:44,20,2,120,0.16666666666666666,0.016666666666666666
2022-03-26T06:55:18,20,2,120,0.16666666666666666,0.016666666666666666
2022-03-26T07:03:53,20,2,120,0.16666666666666666,0.016666666666666666
2022-03-26T07:12:28,20,2,120,0.16666666666666666,0.016666666666666666
2022-03-26T07:21:03,20,2,120,0.16666666666666666,0.016666666666666666
2022-03-26T07:29:37,20,2,120,0.16666666666666666,0.016666666666666666
2022-03-26T07:38:12,20,2,120,0.16666666666666666,0.016666666666666666
2022-03-26T07:46:47,20,2,120,0.16666666666666666,0.016666666666666666
2022-03-26T07:55:30,20,2,120,0.16666666666666666,0.016666666666666666
2022-03-26T08:04:05,20,2,120,0.16666666666666666,0.016666666666666666
2022-03-26T08:12:40,20,2,120,0.16666666666666666,0.016666666666666666
2022-03-26T08:21:14,20,2,120,0.16666666666666666,0.016666666666666666
2022-03-26T08:29:49,20,2,120,0.16666666666666666,0.016666666666666666
2022-03-26T08:38:24,20,2,120,0.16666666666666666,0.016666666666666666
2022-03-26T08:46:59,20,2,120,0.16666666666666666,0.016666666666666666
2022-03-26T08:55:43,20,2,120,0.16666666666666666,0.016666666666666666
2022-03-26T09:04:17,20,2,120,0.16666666666666666,0.016666666666666666
2022-03-26T09:12:52,20,2,120,0.16666666666666666,0.016666666666666666
2022-03-26T09:21:27,20,2,120,0.16666666666666666,0.016666666666666666
2022-03-26T09:30:01,20,2,120,0.16666666666666666,0.016666666666666666
2022-03-26T09:38:36,20,2,120,0.16666666666666666,0.016666666666666666
2022-03-26T09:47:11,20,2,120,0.16666666666666666,0.016666666666666666
2022-03-26T09:55:45,20,2,120,0.16666666666666666,0.016666666666666666
2022-03-26T10:04:28,20,2,120,0.16666666666666666,0.016666666666666666
2022-03-26T10:13:03,20,2,120,0.16666666666666666,0.016666666666666666
2022-03-26T10:21:38,20,2,120,0.16666666666666666,0.016666666666666666
2022-03-26T10:30:12,20,2,120,0.16666666666666666,0.016666666666666666
2022-03-26T10:38:47,20,2,120,0.16666666666666666,0.016666666666666666
2022-03-26T10:47:22,20,2,120,0.16666666666666666,0.016666666666666666
2022-03-26T10:55:57,20,2,120,0.16666666666666666,0.016666666666666666
2022-03-26T11:04:31,20,2,120,0.16666666666666666,0.016666666666666666
2022-03-26T11:13:17,20,2,120,0.16666666666666666,0.016666666666666666
2022-03-26T11:21:52,20,2,120,0.16666666666666666,0.016666666666666666
2022-03-26T11:30:27,20,2,120,0.16666666666666666,0.016666666666666666
2022-03-26T11:39:01,20,2,120,0.16666666666666666,0.016666666666666666
2022-03-26T11:47:38,20,2,120,0.16666666666666666,0.016666666666666666
2022-03-26T11:56:12,20,2,120,0.16666666666666666,0.016666666666666666
2022-03-26T12:04:49,20,2,120,0.16666666666666666,0.016666666666666666
2022-03-26T12:13:32,20,2,120,0.16666666666666666,0.016666666666666666
2022-03-26T12:22:07,20,2,120,0.16666666666666666,0.016666666666666666
2022-03-26T12:30:42,20,2,120,0.16666666666666666,0.016666666666666666
2022-03-26T12:39:17,20,2,120,0.16666666666666666,0.016666666666666666
2022-03-26T12:47:52,20,2,120,0.16666666666666666,0.016666666666666666
2022-03-26T12:56:36,20,2,120,0.16666666666666666,0.016666666666666666
2022-03-26T13:05:10,20,2,120,0.16666666666666666,0.016666666666666666
2022-03-26T13:13:47,20,2,120,0.16666666666666666,0.016666666666666666
2022-03-26T13:22:22,20,2,120,0.16666666666666666,0.016666666666666666
2022-03-26T13:30:57,20,2,120,0.16666666666666666,0.016666666666666666
2022-03-26T13:39:31,20,2,120,0.16666666666666666,0.016666666666666666
2022-03-26T13:48:06,20,2,120,0.16666666666666666,0.016666666666666666
2022-03-26T13:56:40,20,2,120,0.16666666666666666,0.016666666666666666
2022-03-26T14:05:23,20,2,120,0.16666666666666666,0.016666666666666666
2022-03-26T14:13:57,20,2,120,0.16666666666666666,0.016666666666666666
2022-03-26T14:22:32,20,2,120,0.16666666666666666,0.016666666666666666
2022-03-26T14:31:07,20,2,120,0.16666666666666666,0.016666666666666666
2022-03-26T14:39:42,20,2,120,0.16666666666666666,0.016666666666666666
2022-03-26T14:48:16,20,2,120,0.16666666666666666,0.016666666666666666
2022-03-26T14:56:51,20,2,120,0.16666666666666666,0.016666666666666666
2022-03-26T15:05:26,20,2,120,0.16666666666666666,0.016666666666666666
2022-03-26T15:14:09,20,2,120,0.16666666666666666,0.016666666666666666
2022-03-26T15:22:44,20,2,120,0.16666666666666666,0.016666666666666666
2022-03-26T15:31:18,20,2,120,0.16666666666666666,0.016666666666666666
2022-03-26T15:39:53,20,2,120,0.16666666666666666,0.016666666666666666
2022-03-26T15:48:28,20,2,120,0.16666666666666666,0.016666666666666666
2022-03-26T15:57:03,20,2,120,0.16666666666666666,0.016666666666666666
2022-03-26T16:05:37,20,2,120,0.16666666666666666,0.016666666666666666
2022-03-26T16:14:12,20,2,120,0.16666666666666666,0.016666666666666666
2022-03-26T16:22:56,20,2,120,0.16666666666666666,0.016666666666666666
2022-03-26T16:31:31,20,2,120,0.16666666666666666,0.016666666666666666
2022-03-26T16:40:06,20,2,120,0.16666666666666666,0.016666666666666666
2022-03-26T16:48:40,20,2,120,0.16666666666666666,0.016666666666666666
2022-03-26T16:57:15,20,2,120,0.16666666666666666,0.016666666666666666
2022-03-26T17:05:50,20,2,120,0.16666666666666666,0.016666666666666666
2022-03-26T17:14:24,20,2,120,0.16666666666666666,0.016666666666666666
2022-03-26T17:22:59,20,2,120,0.16666666666666666,0.016666666666666666
2022-03-26T17:31:42,20,2,120,0.16666666666666666,0.016666666666666666
2022-03-26T17:40:17,20,2,120,0.16666666666666666,0.016666666666666666
2022-03-26T17:48:51,20,2,120,0.16666666666666666,0.016666666666666666
2022-03-26T17:57:26,20,2,120,0.16666666666666666,0.016666666666666666
2022-03-26T18:06:01,20,2,120,0.16666666666666666,0.016666666666666666
2022-03-26T18:14:36,20,2,120,0.16666666666666666,0.016666666666666666
2022-03-26T18:23:11,20,2,120,0.16666666666666666,0.016666666666666666
2022-03-26T18:31:45,20,2,120,0.16666666666666666,0.016666666666666666
2022-03-26T18:40:27,20,2,120,0.16666666666666666,0.016666666666666666
2022-03-26T18:49:02,20,2,120,0.16666666666666666,0.016666666666666666
2022-03-26T18:57:37,20,2,120,0.16666666666666666,0.016666666666666666
2022-03-26T19:06:12,20,2,120,0.16666666666666666,0.016666666666666666
2022-03-26T19:14:46,20,2,120,0.16666666666666666,0.016666666666666666
2022-03-26T19:23:21,20,2,120,0.16666666666666666,0.016666666666666666
2022-03-26T19:31:56,20,2,120,0.16666666666666666,0.016666666666666666
2022-03-26T19:40:31,20,2,120,0.16666666666666666,0.016666666666666666
2022-03-26T19:49:15,20,2,120,0.16666666666666666,0.016666666666666666
2022-03-26T19:57:49,20,2,120,0.16666666666666666,0.016666666666666666
2022-03-26T20:06:24,20,2,120,0.16666666666666666,0.016666666666666666
2022-03-26T20:14:59,20,2,120,0.16666666666666666,0.016666666666666666
2022-03-26T20:23:33,20,2,120,0.16666666666666666,0.016666666666666666
2022-03-26T20:32:08,20,2,120,0.16666666666666666,0.016666666666666666
2022-03-26T20:40:43,20,2,120,0.16666666666666666,0.016666666666666666
2022-03-26T20:49:17,20,2,120,0.16666666666666666,0.016666666666666666
2022-03-26T20:58:02,20,2,120,0.16666666666666666,0.016666666666666666
2022-03-26T21:06:36,20,2,120,0.16666666666666666,0.016666666666666666
2022-03-26T21:15:11,20,2,120,0.16666666666666666,0.016666666666666666
2022-03-26T21:23:46,20,2,120,0.16666666666666666,0.016666666666666666
2022-03-26T21:32:20,20,2,120,0.16666666666666666,0.016666666666666666
2022-03-26T21:40:55,20,2,120,0.16666666666666666,0.016666666666666666
2022-03-26T21:49:30,20,2,120,0.16666666666666666,0.016666666666666666
2022-03-26T21:58:15,20,2,120,0.16666666666666666,0.016666666666666666
2022-03-26T22:06:50,20,2,120,0.16666666666666666,0.016666666666666666
2022-03-26T22:15:25,20,2,120,0.16666666666666666,0.016666666666666666
2022-03-26T22:24:00,20,2,120,0.16666666666666666,0.016666666666666666
2022-03-26T22:32:34,20,2,120,0.16666666666666666,0.016666666666666666
2022-03-26T22:41:09,20,2,120,0.16666666666666666,0.016666666666666666
2022-03-26T22:49:44,20,2,120,0.16666666666666666,0.016666666666666666
2022-03-26T22:58:27,20,2,120,0.16666666666666666,0.016666666666666666
2022-03-26T23:07:02,20,2,120,0.16666666666666666,0.016666666666666666
2022-03-26T23:15:37,20,2,120,0.16666666666666666,0.016666666666666666
2022-03-26T23:24:12,20,2,120,0.16666666666666666,0.016666666666666666
2022-03-26T23:32:46,20,2,120,0.16666666666666666,0.016666666666666666
2022-03-26T23:41:21,20,2,120,0.16666666666666666,0.016666666666666666
2022-03-26T23:49:56,20,2,120,0.16666666666666666,0.016666666666666666
2022-03-26T23:58:31,20,2,120,0.16666666666666666,0.016666666666666666
2022-03-27T00:07:14,20,2,120,0.16666666666666666,0.016666666666666666
2022-03-27T00:15:49,20,2,120,0.16666666666666666,0.016666666666666666
2022-03-27T00:24:24,20,2,120,0.16666666666666666,0.016666666666666666
2022-03-27T00:32:59,20,2,120,0.16666666666666666,0.016666666666666666
2022-03-27T00:41:34,20,2,120,0.16666666666666666,0.016666666666666666
2022-03-27T00:50:08,20,2,120,0.16666666666666666,0.016666666666666666
2022-03-27T00:58:43,20,2,120,0.16666666666666666,0.016666666666666666
2022-03-27T01:07:18,20,2,120,0.16666666666666666,0.016666666666666666
2022-03-27T01:16:03,20,2,120,0.16666666666666666,0.016666666666666666
2022-03-27T01:24:38,20,2,120,0.16666666666666666,0.016666666666666666
2022-03-27T01:33:12,20,2,120,0.16666666666666666,0.016666666666666666
2022-03-27T01:41:47,20,2,120,0.16666666666666666,0.016666666666666666
2022-03-27T01:50:22,20,2,120,0.16666666666666666,0.016666666666666666
2022-03-27T01:58:56,20,2,120,0.16666666666666666,0.016666666666666666
2022-03-27T02:07:32,20,2,120,0.16666666666666666,0.016666666666666666
2022-03-27T02:16:08,20,2,120,0.16666666666666666,0.016666666666666666
2022-03-27T02:24:43,20,2,120,0.16666666666666666,0.016666666666666666
2022-03-27T02:33:19,20,2,120,0.16666666666666666,0.016666666666666666
2022-03-27T02:41:54,20,2,120,0.16666666666666666,0.016666666666666666
2022-03-27T02:50:30,20,2,120,0.16666666666666666,0.016666666666666666
2022-03-27T02:59:05,20,2,120,0.16666666666666666,0.016666666666666666
2022-03-27T03:07:42,20,2,120,0.16666666666666666,0.016666666666666666
2022-03-27T03:16:28,20,2,120,0.16666666666666666,0.016666666666666666
2022-03-27T03:25:03,20,2,120,0.16666666666666666,0.016666666666666666
2022-03-27T03:33:39,20,2,120,0.16666666666666666,0.016666666666666666
2022-03-27T03:42:14,20,2,120,0.16666666666666666,0.016666666666666666
2022-03-27T03:50:48,20,2,120,0.16666666666666666,0.016666666666666666
2022-03-27T03:59:23,20,2,120,0.16666666666666666,0.016666666666666666
2022-03-27T04:07:59,20,2,120,0.16666666666666666,0.016666666666666666
2022-03-27T04:21:55,20,2,120,0.16666666666666666,0.016666666666666666
2022-03-27T04:30:50,20,2,120,0.16666666666666666,0.016666666666666666
2022-03-27T04:39:25,20,2,120,0.16666666666666666,0.016666666666666666
2022-03-27T04:48:01,20,2,120,0.16666666666666666,0.016666666666666666
2022-03-27T04:56:36,20,2,120,0.16666666666666666,0.016666666666666666
2022-03-27T05:05:12,20,2,120,0.16666666666666666,0.016666666666666666
2022-03-27T05:13:47,20,2,120,0.16666666666666666,0.016666666666666666
2022-03-27T05:22:22,20,2,120,0.16666666666666666,0.016666666666666666
2022-03-27T05:30:57,20,2,120,0.16666666666666666,0.016666666666666666
2022-03-27T05:39:33,20,2,120,0.16666666666666666,0.016666666666666666
2022-03-27T05:48:16,20,2,120,0.16666666666666666,0.016666666666666666
2022-03-27T05:56:51,20,2,120,0.16666666666666666,0.016666666666666666
2022-03-27T06:05:26,20,2,120,0.16666666666666666,0.016666666666666666
2022-03-27T06:14:02,20,2,120,0.16666666666666666,0.016666666666666666
2022-03-27T06:22:37,20,2,120,0.16666666666666666,0.016666666666666666
2022-03-27T06:31:12,20,2,120,0.16666666666666666,0.016666666666666666
2022-03-27T06:39:47,20,2,120,0.16666666666666666,0.016666666666666666
2022-03-27T06:48:22,20,2,120,0.16666666666666666,0.016666666666666666
2022-03-27T06:56:57,20,2,120,0.16666666666666666,0.016666666666666666
2022-03-27T07:05:32,20,2,120,0.16666666666666666,0.016666666666666666
2022-03-27T07:14:07,20,2,120,0.16666666666666666,0.016666666666666666
2022-03-27T07:22:42,20,2,120,0.16666666666666666,0.016666666666666666
2022-03-27T07:31:17,20,2,120,0.16666666666666666,0.016666666666666666
2022-03-27T07:40:00,20,2,120,0.16666666666666666,0.016666666666666666
2022-03-27T07:48:35,20,2,120,0.16666666666666666,0.016666666666666666
2022-03-27T07:57:09,20,2,120,0.16666666666666666,0.016666666666666666
2022-03-27T08:05:44,20,2,120,0.16666666666666666,0.016666666666666666
2022-03-27T08:14:19,20,2,120,0.16666666666666666,0.016666666666666666
2022-03-27T08:22:54,20,2,120,0.16666666666666666,0.016666666666666666
2022-03-27T08:31:29,20,2,120,0.16666666666666666,0.016666666666666666
2022-03-27T08:40:04,20,2,120,0.16666666666666666,0.016666666666666666
2022-03-27T08:48:39,20,2,120,0.16666666666666666,0.016666666666666666
2022-03-27T08:57:14,20,2,120,0.16666666666666666,0.016666666666666666
2022-03-27T09:05:48,20,2,120,0.16666666666666666,0.016666666666666666
2022-03-27T09:14:23,20,2,120,0.16666666666666666,0.016666666666666666
2022-03-27T09:22:58,20,2,120,0.16666666666666666,0.016666666666666666
2022-03-27T09:31:32,20,2,120,0.16666666666666666,0.016666666666666666
2022-03-27T09:40:07,20,2,120,0.16666666666666666,0.016666666666666666
2022-03-27T09:48:52,20,2,120,0.16666666666666666,0.016666666666666666
2022-03-27T09:57:27,20,2,120,0.16666666666666666,0.016666666666666666
2022-03-27T10:06:02,20,2,120,0.16666666666666666,0.016666666666666666
2022-03-27T10:14:37,20,2,120,0.16666666666666666,0.016666666666666666
2022-03-27T10:23:11,20,2,120,0.16666666666666666,0.016666666666666666
2022-03-27T10:31:46,20,2,120,0.16666666666666666,0.016666666666666666
2022-03-27T10:40:21,20,2,120,0.16666666666666666,0.016666666666666666
2022-03-27T10:49:05,20,2,120,0.16666666666666666,0.016666666666666666
2022-03-27T10:57:40,20,2,120,0.16666666666666666,0.016666666666666666
2022-03-27T11:06:15,20,2,120,0.16666666666666666,0.016666666666666666
2022-03-27T11:14:50,20,2,120,0.16666666666666666,0.016666666666666666
2022-03-27T11:23:25,20,2,120,0.16666666666666666,0.016666666666666666
2022-03-27T11:32:00,20,2,120,0.16666666666666666,0.016666666666666666
2022-03-27T11:40:41,20,2,120,0.16666666666666666,0.016666666666666666
2022-03-27T11:49:16,20,2,120,0.16666666666666666,0.016666666666666666
2022-03-27T11:57:50,20,2,120,0.16666666666666666,0.016666666666666666
2022-03-27T12:06:25,20,2,120,0.16666666666666666,0.016666666666666666
2022-03-27T12:15:00,20,2,120,0.16666666666666666,0.016666666666666666
2022-03-27T12:23:34,20,2,120,0.16666666666666666,0.016666666666666666
2022-03-27T12:32:09,20,2,120,0.16666666666666666,0.016666666666666666
2022-03-27T12:40:53,20,2,120,0.16666666666666666,0.016666666666666666
2022-03-27T12:49:27,20,2,120,0.16666666666666666,0.016666666666666666
2022-03-27T12:58:02,20,2,120,0.16666666666666666,0.016666666666666666
2022-03-27T13:06:37,20,2,120,0.16666666666666666,0.016666666666666666
2022-03-27T13:15:12,20,2,120,0.16666666666666666,0.016666666666666666
2022-03-27T13:23:49,20,2,120,0.16666666666666666,0.016666666666666666
2022-03-27T13:32:24,20,2,120,0.16666666666666666,0.016666666666666666
2022-03-27T13:41:09,20,2,120,0.16666666666666666,0.016666666666666666
2022-03-27T13:49:44,20,2,120,0.16666666666666666,0.016666666666666666
2022-03-27T13:58:19,20,2,120,0.16666666666666666,0.016666666666666666
2022-03-27T14:06:54,20,2,120,0.16666666666666666,0.016666666666666666
2022-03-27T14:15:29,20,2,120,0.16666666666666666,0.016666666666666666
2022-03-27T14:24:03,20,2,120,0.16666666666666666,0.016666666666666666
2022-03-27T14:32:46,20,2,120,0.16666666666666666,0.016666666666666666
2022-03-27T14:41:21,20,2,120,0.16666666666666666,0.016666666666666666
2022-03-27T14:49:56,20,2,120,0.16666666666666666,0.016666666666666666
2022-03-27T14:58:31,20,2,120,0.16666666666666666,0.016666666666666666
2022-03-27T15:07:06,20,2,120,0.16666666666666666,0.016666666666666666
2022-03-27T15:15:41,20,2,120,0.16666666666666666,0.016666666666666666
2022-03-27T15:24:25,20,2,120,0.16666666666666666,0.016666666666666666
2022-03-27T15:33:00,20,2,120,0.16666666666666666,0.016666666666666666
2022-03-27T15:41:35,20,2,120,0.16666666666666666,0.016666666666666666
2022-03-27T15:50:10,21,2,120,0.175,0.016666666666666666
2022-03-27T15:58:55,21,2,120,0.175,0.016666666666666666
2022-03-27T16:07:29,21,2,120,0.175,0.016666666666666666
2022-03-27T16:16:05,21,2,120,0.175,0.016666666666666666
2022-03-27T16:24:40,21,2,120,0.175,0.016666666666666666
2022-03-27T16:33:14,21,2,120,0.175,0.016666666666666666
2022-03-27T16:41:56,21,2,120,0.175,0.016666666666666666
2022-03-27T16:50:31,21,2,120,0.175,0.016666666666666666
2022-03-27T16:59:06,21,2,120,0.175,0.016666666666666666
2022-03-27T17:07:41,21,2,120,0.175,0.016666666666666666
2022-03-27T17:16:16,21,2,120,0.175,0.016666666666666666
2022-03-27T17:25:00,21,2,120,0.175,0.016666666666666666
2022-03-27T17:33:34,21,2,120,0.175,0.016666666666666666
2022-03-27T17:42:09,21,2,120,0.175,0.016666666666666666
2022-03-27T17:50:44,21,2,120,0.175,0.016666666666666666
2022-03-27T17:59:26,21,2,120,0.175,0.016666666666666666
2022-03-27T18:08:02,21,2,120,0.175,0.016666666666666666
2022-03-27T18:16:37,21,2,120,0.175,0.016666666666666666
2022-03-27T18:25:11,21,2,120,0.175,0.016666666666666666
2022-03-27T18:33:54,21,2,120,0.175,0.016666666666666666
2022-03-27T18:42:29,21,2,120,0.175,0.016666666666666666
2022-03-27T18:51:04,21,2,120,0.175,0.016666666666666666
2022-03-27T18:59:40,21,2,120,0.175,0.016666666666666666
2022-03-27T19:08:24,21,2,120,0.175,0.016666666666666666
2022-03-27T19:17:00,21,2,120,0.175,0.016666666666666666
2022-03-27T19:25:35,21,2,120,0.175,0.016666666666666666
2022-03-27T19:34:09,21,2,120,0.175,0.016666666666666666
2022-03-27T19:42:44,21,2,120,0.175,0.016666666666666666
2022-03-27T19:51:30,21,2,120,0.175,0.016666666666666666
2022-03-27T20:00:04,21,2,120,0.175,0.016666666666666666
2022-03-27T20:08:39,21,2,120,0.175,0.016666666666666666
2022-03-27T20:17:14,21,2,120,0.175,0.016666666666666666
2022-03-27T20:25:57,21,2,120,0.175,0.016666666666666666
2022-03-27T20:34:32,21,2,120,0.175,0.016666666666666666
2022-03-27T20:43:07,21,2,120,0.175,0.016666666666666666
2022-03-27T20:51:42,21,2,120,0.175,0.016666666666666666
2022-03-27T21:00:25,21,2,120,0.175,0.016666666666666666
2022-03-27T21:09:00,21,2,120,0.175,0.016666666666666666
2022-03-27T21:17:35,21,2,120,0.175,0.016666666666666666
2022-03-27T21:26:10,21,2,120,0.175,0.016666666666666666
2022-03-27T21:34:45,21,2,120,0.175,0.016666666666666666
2022-03-27T21:43:29,21,2,120,0.175,0.016666666666666666
2022-03-27T21:52:03,21,2,120,0.175,0.016666666666666666
2022-03-27T22:00:38,21,2,120,0.175,0.016666666666666666
2022-03-27T22:09:13,21,2,120,0.175,0.016666666666666666
2022-03-27T22:17:58,21,2,120,0.175,0.016666666666666666
2022-03-27T22:26:33,21,2,120,0.175,0.016666666666666666
2022-03-27T22:35:08,21,2,120,0.175,0.016666666666666666
2022-03-27T22:43:43,21,2,120,0.175,0.016666666666666666
2022-03-27T22:52:27,21,2,120,0.175,0.016666666666666666
2022-03-27T23:01:02,22,2,120,0.18333333333333332,0.016666666666666666
2022-03-27T23:09:37,22,2,120,0.18333333333333332,0.016666666666666666
2022-03-27T23:18:12,22,2,120,0.18333333333333332,0.016666666666666666
2022-03-27T23:26:55,22,2,120,0.18333333333333332,0.016666666666666666
2022-03-27T23:35:30,22,2,120,0.18333333333333332,0.016666666666666666
2022-03-27T23:44:05,22,2,120,0.18333333333333332,0.016666666666666666
2022-03-27T23:52:40,22,2,120,0.18333333333333332,0.016666666666666666
2022-03-28T00:01:27,22,2,120,0.18333333333333332,0.016666666666666666
2022-03-28T00:10:03,23,2,120,0.19166666666666668,0.016666666666666666
2022-03-28T00:18:40,23,2,120,0.19166666666666668,0.016666666666666666
2022-03-28T00:27:15,23,2,120,0.19166666666666668,0.016666666666666666
2022-03-28T00:36:01,23,2,120,0.19166666666666668,0.016666666666666666
2022-03-28T00:44:36,23,2,120,0.19166666666666668,0.016666666666666666
2022-03-28T00:53:11,22,2,120,0.18333333333333332,0.016666666666666666
2022-03-28T01:01:46,22,2,120,0.18333333333333332,0.016666666666666666
2022-03-28T01:10:21,22,2,120,0.18333333333333332,0.016666666666666666
2022-03-28T01:19:06,22,2,120,0.18333333333333332,0.016666666666666666
2022-03-28T01:27:41,22,2,120,0.18333333333333332,0.016666666666666666
2022-03-28T01:36:16,22,2,120,0.18333333333333332,0.016666666666666666
2022-03-28T01:44:51,22,2,120,0.18333333333333332,0.016666666666666666
2022-03-28T01:53:26,22,2,120,0.18333333333333332,0.016666666666666666
2022-03-28T02:02:01,22,2,120,0.18333333333333332,0.016666666666666666
2022-03-28T02:10:54,22,2,120,0.18333333333333332,0.016666666666666666
2022-03-28T02:19:29,22,2,120,0.18333333333333332,0.016666666666666666
2022-03-28T02:28:04,22,2,120,0.18333333333333332,0.016666666666666666
2022-03-28T02:36:39,22,2,120,0.18333333333333332,0.016666666666666666
2022-03-28T02:45:14,22,2,120,0.18333333333333332,0.016666666666666666
2022-03-28T02:53:49,22,2,120,0.18333333333333332,0.016666666666666666
2022-03-28T03:02:23,22,2,120,0.18333333333333332,0.016666666666666666
2022-03-28T03:10:58,22,2,120,0.18333333333333332,0.016666666666666666
2022-03-28T03:19:33,22,2,120,0.18333333333333332,0.016666666666666666
2022-03-28T03:28:08,22,2,120,0.18333333333333332,0.016666666666666666
2022-03-28T03:36:43,22,2,120,0.18333333333333332,0.016666666666666666
2022-03-28T03:45:18,22,2,120,0.18333333333333332,0.016666666666666666
2022-03-28T03:54:01,22,2,120,0.18333333333333332,0.016666666666666666
2022-03-28T04:02:36,22,2,120,0.18333333333333332,0.016666666666666666
2022-03-28T04:11:11,22,2,120,0.18333333333333332,0.016666666666666666
2022-03-28T04:24:42,22,2,120,0.18333333333333332,0.016666666666666666
2022-03-28T04:33:18,22,2,120,0.18333333333333332,0.016666666666666666
2022-03-28T04:42:15,22,2,120,0.18333333333333332,0.016666666666666666
2022-03-28T04:50:51,22,2,120,0.18333333333333332,0.016666666666666666
2022-03-28T04:59:26,22,2,120,0.18333333333333332,0.016666666666666666
2022-03-28T05:08:02,22,2,120,0.18333333333333332,0.016666666666666666
2022-03-28T05:16:38,22,2,120,0.18333333333333332,0.016666666666666666
2022-03-28T05:25:13,22,2,120,0.18333333333333332,0.016666666666666666
2022-03-28T05:33:48,22,2,120,0.18333333333333332,0.016666666666666666
2022-03-28T05:42:29,22,2,120,0.18333333333333332,0.016666666666666666
2022-03-28T05:51:05,22,2,120,0.18333333333333332,0.016666666666666666
2022-03-28T05:59:40,22,2,120,0.18333333333333332,0.016666666666666666
2022-03-28T06:08:15,22,2,120,0.18333333333333332,0.016666666666666666
2022-03-28T06:16:50,22,2,120,0.18333333333333332,0.016666666666666666
2022-03-28T06:25:33,22,2,120,0.18333333333333332,0.016666666666666666
2022-03-28T06:34:08,22,2,120,0.18333333333333332,0.016666666666666666
2022-03-28T06:42:42,22,2,120,0.18333333333333332,0.016666666666666666
2022-03-28T06:51:17,22,2,120,0.18333333333333332,0.016666666666666666
2022-03-28T06:59:52,22,2,120,0.18333333333333332,0.016666666666666666
2022-03-28T07:08:27,22,2,120,0.18333333333333332,0.016666666666666666
2022-03-28T07:17:02,22,2,120,0.18333333333333332,0.016666666666666666
2022-03-28T07:25:37,21,2,120,0.175,0.016666666666666666
2022-03-28T07:34:12,21,2,120,0.175,0.016666666666666666
2022-03-28T07:42:56,21,2,120,0.175,0.016666666666666666
2022-03-28T07:51:31,21,2,120,0.175,0.016666666666666666
2022-03-28T08:00:06,21,2,120,0.175,0.016666666666666666
2022-03-28T08:08:42,21,2,120,0.175,0.016666666666666666
2022-03-28T08:17:18,21,2,120,0.175,0.016666666666666666
2022-03-28T08:26:02,21,2,120,0.175,0.016666666666666666
2022-03-28T08:34:38,21,2,120,0.175,0.016666666666666666
2022-03-28T08:43:13,20,2,120,0.16666666666666666,0.016666666666666666
2022-03-28T08:51:49,20,2,120,0.16666666666666666,0.016666666666666666
2022-03-28T09:00:33,19,2,120,0.15833333333333333,0.016666666666666666
2022-03-28T09:09:08,19,2,120,0.15833333333333333,0.016666666666666666
2022-03-28T09:17:44,19,2,120,0.15833333333333333,0.016666666666666666
2022-03-28T09:26:28,19,2,120,0.15833333333333333,0.016666666666666666
2022-03-28T09:35:04,19,2,120,0.15833333333333333,0.016666666666666666
2022-03-28T09:43:50,19,2,120,0.15833333333333333,0.016666666666666666
2022-03-28T09:52:26,19,2,120,0.15833333333333333,0.016666666666666666
2022-03-28T10:01:12,19,2,120,0.15833333333333333,0.016666666666666666
2022-03-28T10:09:48,19,2,120,0.15833333333333333,0.016666666666666666
2022-03-28T10:18:34,18,2,120,0.15,0.016666666666666666
2022-03-28T10:27:11,18,2,120,0.15,0.016666666666666666
2022-03-28T10:35:59,18,2,120,0.15,0.016666666666666666
2022-03-28T10:44:35,18,2,120,0.15,0.016666666666666666
2022-03-28T10:53:19,18,2,120,0.15,0.016666666666666666
2022-03-28T11:01:56,18,2,120,0.15,0.016666666666666666
2022-03-28T11:10:32,18,2,120,0.15,0.016666666666666666
2022-03-28T11:19:16,18,2,120,0.15,0.016666666666666666
2022-03-28T11:28:02,18,2,120,0.15,0.016666666666666666
2022-03-28T11:36:38,18,2,120,0.15,0.016666666666666666
2022-03-28T11:45:13,18,2,120,0.15,0.016666666666666666
2022-03-28T11:53:58,18,2,120,0.15,0.016666666666666666
2022-03-28T12:02:33,18,2,120,0.15,0.016666666666666666
2022-03-28T12:11:17,18,2,120,0.15,0.016666666666666666
2022-03-28T12:19:53,18,2,120,0.15,0.016666666666666666
2022-03-28T12:28:28,18,2,120,0.15,0.016666666666666666
2022-03-28T12:37:14,18,2,120,0.15,0.016666666666666666
2022-03-28T12:45:50,18,2,120,0.15,0.016666666666666666
2022-03-28T12:54:30,19,2,120,0.15833333333333333,0.016666666666666666
2022-03-28T13:03:06,19,2,120,0.15833333333333333,0.016666666666666666
2022-03-28T13:11:52,19,2,120,0.15833333333333333,0.016666666666666666
2022-03-28T13:20:27,19,2,120,0.15833333333333333,0.016666666666666666
2022-03-28T13:29:03,19,2,120,0.15833333333333333,0.016666666666666666
2022-03-28T13:37:47,19,2,120,0.15833333333333333,0.016666666666666666
2022-03-28T13:46:23,19,2,120,0.15833333333333333,0.016666666666666666
2022-03-28T13:54:59,19,2,120,0.15833333333333333,0.016666666666666666
2022-03-28T14:03:46,18,2,120,0.15,0.016666666666666666
2022-03-28T14:12:21,18,2,120,0.15,0.016666666666666666
2022-03-28T14:21:06,18,2,120,0.15,0.016666666666666666
2022-03-28T14:29:41,18,2,120,0.15,0.016666666666666666
2022-03-28T14:38:16,18,2,120,0.15,0.016666666666666666
2022-03-28T14:47:01,18,2,120,0.15,0.016666666666666666
2022-03-28T14:55:36,18,2,120,0.15,0.016666666666666666
2022-03-28T15:04:12,18,2,120,0.15,0.016666666666666666
2022-03-28T15:12:57,18,2,120,0.15,0.016666666666666666
2022-03-28T15:21:32,18,2,120,0.15,0.016666666666666666
2022-03-28T15:30:19,18,2,120,0.15,0.016666666666666666
2022-03-28T15:38:54,18,2,120,0.15,0.016666666666666666
2022-03-28T15:47:29,18,2,120,0.15,0.016666666666666666
2022-03-28T15:56:17,18,2,120,0.15,0.016666666666666666
2022-03-28T16:04:52,18,2,120,0.15,0.016666666666666666
2022-03-28T16:13:27,18,2,120,0.15,0.016666666666666666
2022-03-28T16:22:14,18,2,120,0.15,0.016666666666666666
2022-03-28T16:30:49,18,2,120,0.15,0.016666666666666666
2022-03-28T16:39:25,18,2,120,0.15,0.016666666666666666
2022-03-28T16:48:09,18,2,120,0.15,0.016666666666666666
2022-03-28T16:56:44,18,2,120,0.15,0.016666666666666666
2022-03-28T17:05:20,18,2,120,0.15,0.016666666666666666
2022-03-28T17:13:55,18,2,120,0.15,0.016666666666666666
2022-03-28T17:22:40,18,2,120,0.15,0.016666666666666666
2022-03-28T17:31:15,18,2,120,0.15,0.016666666666666666
2022-03-28T17:39:50,18,2,120,0.15,0.016666666666666666
2022-03-28T17:48:36,18,2,120,0.15,0.016666666666666666
2022-03-28T17:57:11,18,2,120,0.15,0.016666666666666666
2022-03-28T18:05:46,18,2,120,0.15,0.016666666666666666
2022-03-28T18:14:21,18,2,120,0.15,0.016666666666666666
2022-03-28T18:23:05,18,2,120,0.15,0.016666666666666666
2022-03-28T18:31:40,18,2,120,0.15,0.016666666666666666
2022-03-28T18:40:15,18,2,120,0.15,0.016666666666666666
2022-03-28T18:48:50,18,2,120,0.15,0.016666666666666666
2022-03-28T18:57:25,18,2,120,0.15,0.016666666666666666
2022-03-28T19:06:11,18,2,120,0.15,0.016666666666666666
2022-03-28T19:14:46,18,2,120,0.15,0.016666666666666666
2022-03-28T19:23:21,18,2,120,0.15,0.016666666666666666
2022-03-28T19:31:56,18,2,120,0.15,0.016666666666666666
2022-03-28T19:40:42,18,2,120,0.15,0.016666666666666666
2022-03-28T19:49:17,18,2,120,0.15,0.016666666666666666
2022-03-28T19:57:52,18,2,120,0.15,0.016666666666666666
2022-03-28T20:06:28,18,2,120,0.15,0.016666666666666666
2022-03-28T20:15:02,18,2,120,0.15,0.016666666666666666
2022-03-28T20:23:47,18,2,120,0.15,0.016666666666666666
2022-03-28T20:32:22,18,2,120,0.15,0.016666666666666666
2022-03-28T20:40:57,18,2,120,0.15,0.016666666666666666
2022-03-28T20:49:32,18,2,120,0.15,0.016666666666666666
2022-03-28T20:58:07,18,2,120,0.15,0.016666666666666666
2022-03-28T21:06:50,18,2,120,0.15,0.016666666666666666
2022-03-28T21:15:25,18,2,120,0.15,0.016666666666666666
2022-03-28T21:24:00,18,2,120,0.15,0.016666666666666666
2022-03-28T21:32:35,18,2,120,0.15,0.016666666666666666
2022-03-28T21:41:19,18,2,120,0.15,0.016666666666666666
2022-03-28T21:49:54,18,2,120,0.15,0.016666666666666666
2022-03-28T21:58:29,18,2,120,0.15,0.016666666666666666
2022-03-28T22:07:04,18,2,120,0.15,0.016666666666666666
2022-03-28T22:15:48,18,2,120,0.15,0.016666666666666666
2022-03-28T22:24:23,18,2,120,0.15,0.016666666666666666
2022-03-28T22:32:58,17,1,120,0.14166666666666666,0.008333333333333333
2022-03-28T22:41:33,17,1,120,0.14166666666666666,0.008333333333333333
2022-03-28T22:50:08,17,1,120,0.14166666666666666,0.008333333333333333
2022-03-28T22:58:54,17,1,120,0.14166666666666666,0.008333333333333333
2022-03-28T23:07:29,17,1,120,0.14166666666666666,0.008333333333333333
2022-03-28T23:16:04,17,1,120,0.14166666666666666,0.008333333333333333
2022-03-28T23:24:39,17,1,120,0.14166666666666666,0.008333333333333333
2022-03-28T23:33:24,17,1,120,0.14166666666666666,0.008333333333333333
2022-03-28T23:41:59,17,1,120,0.14166666666666666,0.008333333333333333
2022-03-28T23:50:34,17,1,120,0.14166666666666666,0.008333333333333333
2022-03-28T23:59:09,17,1,120,0.14166666666666666,0.008333333333333333
2022-03-29T00:07:44,17,1,120,0.14166666666666666,0.008333333333333333
2022-03-29T00:16:32,17,1,120,0.14166666666666666,0.008333333333333333
2022-03-29T00:25:08,17,1,120,0.14166666666666666,0.008333333333333333
2022-03-29T00:33:43,17,1,120,0.14166666666666666,0.008333333333333333
2022-03-29T00:42:18,17,1,120,0.14166666666666666,0.008333333333333333
2022-03-29T00:50:53,17,1,120,0.14166666666666666,0.008333333333333333
2022-03-29T00:59:39,17,1,120,0.14166666666666666,0.008333333333333333
2022-03-29T01:08:15,17,1,120,0.14166666666666666,0.008333333333333333
2022-03-29T01:16:50,17,1,120,0.14166666666666666,0.008333333333333333
2022-03-29T01:25:25,17,1,120,0.14166666666666666,0.008333333333333333
2022-03-29T01:34:01,17,1,120,0.14166666666666666,0.008333333333333333
2022-03-29T01:42:36,17,1,120,0.14166666666666666,0.008333333333333333
2022-03-29T01:51:11,17,1,120,0.14166666666666666,0.008333333333333333
2022-03-29T01:59:46,17,1,120,0.14166666666666666,0.008333333333333333
2022-03-29T02:08:21,17,1,120,0.14166666666666666,0.008333333333333333
2022-03-29T02:17:04,17,1,120,0.14166666666666666,0.008333333333333333
2022-03-29T02:25:39,17,1,120,0.14166666666666666,0.008333333333333333
2022-03-29T02:34:14,17,1,120,0.14166666666666666,0.008333333333333333
2022-03-29T02:42:49,17,1,120,0.14166666666666666,0.008333333333333333
2022-03-29T02:51:23,17,1,120,0.14166666666666666,0.008333333333333333
2022-03-29T02:59:58,17,1,120,0.14166666666666666,0.008333333333333333
2022-03-29T03:08:33,17,1,120,0.14166666666666666,0.008333333333333333
2022-03-29T03:17:07,17,1,120,0.14166666666666666,0.008333333333333333
2022-03-29T03:25:42,17,1,120,0.14166666666666666,0.008333333333333333
2022-03-29T03:34:17,17,1,120,0.14166666666666666,0.008333333333333333
2022-03-29T03:42:52,17,1,120,0.14166666666666666,0.008333333333333333
2022-03-29T03:51:27,17,1,120,0.14166666666666666,0.008333333333333333
2022-03-29T04:00:02,17,1,120,0.14166666666666666,0.008333333333333333
2022-03-29T04:10:44,17,1,120,0.14166666666666666,0.008333333333333333
2022-03-29T04:25:53,17,1,120,0.14166666666666666,0.008333333333333333
2022-03-29T04:34:35,17,1,120,0.14166666666666666,0.008333333333333333
2022-03-29T04:43:11,17,1,120,0.14166666666666666,0.008333333333333333
2022-03-29T04:51:46,17,1,120,0.14166666666666666,0.008333333333333333
2022-03-29T05:00:21,17,1,120,0.14166666666666666,0.008333333333333333
2022-03-29T05:08:58,17,1,120,0.14166666666666666,0.008333333333333333
2022-03-29T05:17:33,17,1,120,0.14166666666666666,0.008333333333333333
2022-03-29T05:26:08,17,1,120,0.14166666666666666,0.008333333333333333
2022-03-29T05:34:44,17,1,120,0.14166666666666666,0.008333333333333333
2022-03-29T05:43:19,17,1,120,0.14166666666666666,0.008333333333333333
2022-03-29T05:51:55,17,1,120,0.14166666666666666,0.008333333333333333
2022-03-29T06:00:30,17,1,120,0.14166666666666666,0.008333333333333333
2022-03-29T06:09:05,17,1,120,0.14166666666666666,0.008333333333333333
2022-03-29T06:17:40,17,1,120,0.14166666666666666,0.008333333333333333
2022-03-29T06:26:15,17,1,120,0.14166666666666666,0.008333333333333333
2022-03-29T06:34:51,17,1,120,0.14166666666666666,0.008333333333333333
2022-03-29T06:43:26,17,1,120,0.14166666666666666,0.008333333333333333
2022-03-29T06:52:01,17,1,120,0.14166666666666666,0.008333333333333333
2022-03-29T07:00:36,17,1,120,0.14166666666666666,0.008333333333333333
2022-03-29T07:09:11,17,1,120,0.14166666666666666,0.008333333333333333
2022-03-29T07:17:46,17,1,120,0.14166666666666666,0.008333333333333333
2022-03-29T07:26:29,17,1,120,0.14166666666666666,0.008333333333333333
2022-03-29T07:35:05,17,1,120,0.14166666666666666,0.008333333333333333
2022-03-29T07:43:40,17,1,120,0.14166666666666666,0.008333333333333333
2022-03-29T07:52:15,17,1,120,0.14166666666666666,0.008333333333333333
2022-03-29T08:00:51,17,1,120,0.14166666666666666,0.008333333333333333
2022-03-29T08:09:26,17,1,120,0.14166666666666666,0.008333333333333333
2022-03-29T08:18:01,17,1,120,0.14166666666666666,0.008333333333333333
2022-03-29T08:26:44,17,1,120,0.14166666666666666,0.008333333333333333
2022-03-29T08:35:19,17,1,120,0.14166666666666666,0.008333333333333333
2022-03-29T08:43:55,17,1,120,0.14166666666666666,0.008333333333333333
2022-03-29T08:52:32,17,1,120,0.14166666666666666,0.008333333333333333
2022-03-29T09:01:08,17,1,120,0.14166666666666666,0.008333333333333333
2022-03-29T09:09:53,17,1,120,0.14166666666666666,0.008333333333333333
2022-03-29T09:18:29,17,1,120,0.14166666666666666,0.008333333333333333
2022-03-29T09:27:05,16,1,120,0.13333333333333333,0.008333333333333333
2022-03-29T09:35:41,16,1,120,0.13333333333333333,0.008333333333333333
2022-03-29T09:44:25,16,1,120,0.13333333333333333,0.008333333333333333
2022-03-29T09:53:01,16,1,120,0.13333333333333333,0.008333333333333333
2022-03-29T10:01:37,16,1,120,0.13333333333333333,0.008333333333333333
2022-03-29T10:10:22,16,1,120,0.13333333333333333,0.008333333333333333
2022-03-29T10:18:57,16,1,120,0.13333333333333333,0.008333333333333333
2022-03-29T10:27:33,16,1,120,0.13333333333333333,0.008333333333333333
2022-03-29T10:36:08,16,1,120,0.13333333333333333,0.008333333333333333
2022-03-29T10:44:54,16,1,120,0.13333333333333333,0.008333333333333333
2022-03-29T10:53:30,16,1,120,0.13333333333333333,0.008333333333333333
2022-03-29T11:02:15,16,1,120,0.13333333333333333,0.008333333333333333
2022-03-29T11:10:50,16,1,120,0.13333333333333333,0.008333333333333333
2022-03-29T11:19:26,16,1,120,0.13333333333333333,0.008333333333333333
2022-03-29T11:28:12,16,1,120,0.13333333333333333,0.008333333333333333
2022-03-29T11:36:47,16,1,120,0.13333333333333333,0.008333333333333333
2022-03-29T11:45:23,15,1,120,0.125,0.008333333333333333
2022-03-29T11:54:07,15,1,120,0.125,0.008333333333333333
2022-03-29T12:02:43,15,1,120,0.125,0.008333333333333333
2022-03-29T12:11:18,15,1,120,0.125,0.008333333333333333
2022-03-29T12:20:03,15,1,120,0.125,0.008333333333333333
2022-03-29T12:28:38,15,1,120,0.125,0.008333333333333333
2022-03-29T12:37:13,15,1,120,0.125,0.008333333333333333
2022-03-29T12:45:58,15,1,120,0.125,0.008333333333333333
2022-03-29T12:54:34,15,1,120,0.125,0.008333333333333333
2022-03-29T13:03:19,15,1,120,0.125,0.008333333333333333
2022-03-29T13:11:54,15,1,120,0.125,0.008333333333333333
2022-03-29T13:20:30,15,1,120,0.125,0.008333333333333333
2022-03-29T13:29:17,15,1,120,0.125,0.008333333333333333
2022-03-29T13:37:52,15,1,120,0.125,0.008333333333333333
2022-03-29T13:46:41,15,1,120,0.125,0.008333333333333333
2022-03-29T13:55:27,15,1,120,0.125,0.008333333333333333
2022-03-29T14:04:02,15,1,120,0.125,0.008333333333333333
2022-03-29T14:12:38,15,1,120,0.125,0.008333333333333333
2022-03-29T14:21:23,15,1,120,0.125,0.008333333333333333
2022-03-29T14:29:59,15,1,120,0.125,0.008333333333333333
2022-03-29T14:38:34,15,1,120,0.125,0.008333333333333333
2022-03-29T14:47:21,15,1,120,0.125,0.008333333333333333
2022-03-29T14:55:56,15,1,120,0.125,0.008333333333333333
2022-03-29T15:04:31,15,1,120,0.125,0.008333333333333333
2022-03-29T15:13:16,15,1,120,0.125,0.008333333333333333
2022-03-29T15:21:52,15,1,120,0.125,0.008333333333333333
2022-03-29T15:30:27,15,1,120,0.125,0.008333333333333333
2022-03-29T15:39:03,15,1,120,0.125,0.008333333333333333
2022-03-29T15:47:38,15,1,120,0.125,0.008333333333333333
2022-03-29T15:56:25,15,1,120,0.125,0.008333333333333333
2022-03-29T16:05:00,15,1,120,0.125,0.008333333333333333
2022-03-29T16:13:35,15,1,120,0.125,0.008333333333333333
2022-03-29T16:22:34,15,1,120,0.125,0.008333333333333333
2022-03-29T16:31:09,15,1,120,0.125,0.008333333333333333
2022-03-29T16:39:44,15,1,120,0.125,0.008333333333333333
2022-03-29T16:48:19,15,1,120,0.125,0.008333333333333333
2022-03-29T16:57:04,15,1,120,0.125,0.008333333333333333
2022-03-29T17:05:40,15,1,120,0.125,0.008333333333333333
2022-03-29T17:14:15,15,1,120,0.125,0.008333333333333333
2022-03-29T17:23:01,15,1,120,0.125,0.008333333333333333
2022-03-29T17:31:36,15,1,120,0.125,0.008333333333333333
2022-03-29T17:40:11,15,1,120,0.125,0.008333333333333333
2022-03-29T17:48:46,15,1,120,0.125,0.008333333333333333
2022-03-29T17:57:31,15,1,120,0.125,0.008333333333333333
2022-03-29T18:06:06,15,1,120,0.125,0.008333333333333333
2022-03-29T18:14:41,15,1,120,0.125,0.008333333333333333
2022-03-29T18:23:16,15,1,120,0.125,0.008333333333333333
2022-03-29T18:32:03,15,1,120,0.125,0.008333333333333333
2022-03-29T18:40:38,15,1,120,0.125,0.008333333333333333
2022-03-29T18:49:13,15,1,120,0.125,0.008333333333333333
2022-03-29T18:57:48,15,1,120,0.125,0.008333333333333333
2022-03-29T19:06:34,15,1,120,0.125,0.008333333333333333
2022-03-29T19:15:08,15,1,120,0.125,0.008333333333333333
2022-03-29T19:23:43,15,1,120,0.125,0.008333333333333333
2022-03-29T19:32:18,15,1,120,0.125,0.008333333333333333
2022-03-29T19:40:53,15,1,120,0.125,0.008333333333333333
2022-03-29T19:49:36,15,1,120,0.125,0.008333333333333333
2022-03-29T19:58:11,15,1,120,0.125,0.008333333333333333
2022-03-29T20:06:46,15,1,120,0.125,0.008333333333333333
2022-03-29T20:15:21,15,1,120,0.125,0.008333333333333333
2022-03-29T20:23:56,15,1,120,0.125,0.008333333333333333
2022-03-29T20:32:41,15,1,120,0.125,0.008333333333333333
2022-03-29T20:41:16,15,1,120,0.125,0.008333333333333333
2022-03-29T20:49:51,15,1,120,0.125,0.008333333333333333
2022-03-29T20:58:26,15,1,120,0.125,0.008333333333333333
2022-03-29T21:07:01,15,1,120,0.125,0.008333333333333333
2022-03-29T21:15:36,15,1,120,0.125,0.008333333333333333
2022-03-29T21:24:19,15,1,120,0.125,0.008333333333333333
2022-03-29T21:32:53,15,1,120,0.125,0.008333333333333333
2022-03-29T21:41:28,15,1,120,0.125,0.008333333333333333
2022-03-29T21:50:03,15,1,120,0.125,0.008333333333333333
2022-03-29T21:58:38,15,1,120,0.125,0.008333333333333333
2022-03-29T22:07:13,15,1,120,0.125,0.008333333333333333
2022-03-29T22:15:59,15,1,120,0.125,0.008333333333333333
2022-03-29T22:24:34,15,1,120,0.125,0.008333333333333333
2022-03-29T22:33:09,15,1,120,0.125,0.008333333333333333
2022-03-29T22:41:44,15,1,120,0.125,0.008333333333333333
2022-03-29T22:50:19,15,1,120,0.125,0.008333333333333333
2022-03-29T22:58:54,15,1,120,0.125,0.008333333333333333
2022-03-29T23:07:40,15,1,120,0.125,0.008333333333333333
2022-03-29T23:16:15,15,1,120,0.125,0.008333333333333333
2022-03-29T23:24:50,15,1,120,0.125,0.008333333333333333
2022-03-29T23:33:25,15,1,120,0.125,0.008333333333333333
2022-03-29T23:41:59,15,1,120,0.125,0.008333333333333333
2022-03-29T23:50:34,15,1,120,0.125,0.008333333333333333
2022-03-29T23:59:09,15,1,120,0.125,0.008333333333333333
2022-03-30T00:07:53,15,1,120,0.125,0.008333333333333333
2022-03-30T00:16:29,15,1,120,0.125,0.008333333333333333
2022-03-30T00:25:04,15,1,120,0.125,0.008333333333333333
2022-03-30T00:33:39,15,1,120,0.125,0.008333333333333333
2022-03-30T00:42:14,15,1,120,0.125,0.008333333333333333
2022-03-30T00:50:50,15,1,120,0.125,0.008333333333333333
2022-03-30T00:59:25,15,1,120,0.125,0.008333333333333333
2022-03-30T01:08:13,15,1,120,0.125,0.008333333333333333
2022-03-30T01:16:48,15,1,120,0.125,0.008333333333333333
2022-03-30T01:25:23,15,1,120,0.125,0.008333333333333333
2022-03-30T01:33:58,15,1,120,0.125,0.008333333333333333
2022-03-30T01:42:33,15,1,120,0.125,0.008333333333333333
2022-03-30T01:51:07,15,1,120,0.125,0.008333333333333333
2022-03-30T01:59:43,15,1,120,0.125,0.008333333333333333
2022-03-30T02:08:18,15,1,120,0.125,0.008333333333333333
2022-03-30T02:16:53,15,1,120,0.125,0.008333333333333333
2022-03-30T02:25:28,15,1,120,0.125,0.008333333333333333
2022-03-30T02:34:03,15,1,120,0.125,0.008333333333333333
2022-03-30T02:42:37,15,1,120,0.125,0.008333333333333333
2022-03-30T02:51:12,15,1,120,0.125,0.008333333333333333
2022-03-30T02:59:57,15,1,120,0.125,0.008333333333333333
2022-03-30T03:08:32,15,1,120,0.125,0.008333333333333333
2022-03-30T03:17:06,15,1,120,0.125,0.008333333333333333
2022-03-30T03:25:41,15,1,120,0.125,0.008333333333333333
2022-03-30T03:34:16,15,1,120,0.125,0.008333333333333333
2022-03-30T03:42:51,15,1,120,0.125,0.008333333333333333
2022-03-30T03:51:27,15,1,120,0.125,0.008333333333333333
2022-03-30T04:00:02,15,1,120,0.125,0.008333333333333333
2022-03-30T04:08:37,15,1,120,0.125,0.008333333333333333
2022-03-30T04:17:13,15,1,120,0.125,0.008333333333333333
2022-03-30T04:33:42,15,1,120,0.125,0.008333333333333333
2022-03-30T04:42:19,15,1,120,0.125,0.008333333333333333
2022-03-30T04:50:55,15,1,120,0.125,0.008333333333333333
2022-03-30T04:59:30,15,1,120,0.125,0.008333333333333333
2022-03-30T05:08:05,15,1,120,0.125,0.008333333333333333
2022-03-30T05:18:15,15,1,120,0.125,0.008333333333333333
2022-03-30T05:26:50,15,1,120,0.125,0.008333333333333333
2022-03-30T05:35:26,15,1,120,0.125,0.008333333333333333
2022-03-30T05:44:01,15,1,120,0.125,0.008333333333333333
2022-03-30T05:52:37,15,1,120,0.125,0.008333333333333333
2022-03-30T06:01:12,15,1,120,0.125,0.008333333333333333
2022-03-30T06:09:48,15,1,120,0.125,0.008333333333333333
2022-03-30T06:18:23,15,1,120,0.125,0.008333333333333333
2022-03-30T06:26:58,15,1,120,0.125,0.008333333333333333
2022-03-30T06:35:33,15,1,120,0.125,0.008333333333333333
2022-03-30T06:44:09,15,1,120,0.125,0.008333333333333333
2022-03-30T06:52:44,15,1,120,0.125,0.008333333333333333
2022-03-30T07:01:19,15,1,120,0.125,0.008333333333333333
2022-03-30T07:09:55,15,1,120,0.125,0.008333333333333333
2022-03-30T07:18:30,15,1,120,0.125,0.008333333333333333
2022-03-30T07:27:06,15,1,120,0.125,0.008333333333333333
2022-03-30T07:35:40,15,1,120,0.125,0.008333333333333333
2022-03-30T07:44:15,15,1,120,0.125,0.008333333333333333
2022-03-30T07:52:57,15,1,120,0.125,0.008333333333333333
2022-03-30T08:01:32,15,1,120,0.125,0.008333333333333333
2022-03-30T08:10:07,15,1,120,0.125,0.008333333333333333
2022-03-30T08:18:42,15,1,120,0.125,0.008333333333333333
2022-03-30T08:27:17,15,1,120,0.125,0.008333333333333333
2022-03-30T08:35:52,15,1,120,0.125,0.008333333333333333
2022-03-30T08:44:27,15,1,120,0.125,0.008333333333333333
2022-03-30T08:53:03,15,1,120,0.125,0.008333333333333333
2022-03-30T09:01:38,15,1,120,0.125,0.008333333333333333
2022-03-30T09:10:14,15,1,120,0.125,0.008333333333333333
2022-03-30T09:18:49,15,1,120,0.125,0.008333333333333333
2022-03-30T09:27:38,15,1,120,0.125,0.008333333333333333
2022-03-30T09:36:13,14,1,120,0.11666666666666667,0.008333333333333333
2022-03-30T09:44:49,14,1,120,0.11666666666666667,0.008333333333333333
2022-03-30T09:53:24,14,1,120,0.11666666666666667,0.008333333333333333
2022-03-30T10:02:00,14,1,120,0.11666666666666667,0.008333333333333333
2022-03-30T10:10:47,14,1,120,0.11666666666666667,0.008333333333333333
2022-03-30T10:19:22,13,1,120,0.10833333333333334,0.008333333333333333
2022-03-30T10:27:58,13,1,120,0.10833333333333334,0.008333333333333333
2022-03-30T10:36:33,13,1,120,0.10833333333333334,0.008333333333333333
2022-03-30T10:45:20,13,1,120,0.10833333333333334,0.008333333333333333
2022-03-30T10:53:55,13,1,120,0.10833333333333334,0.008333333333333333
2022-03-30T11:02:30,13,1,120,0.10833333333333334,0.008333333333333333
2022-03-30T11:11:20,13,1,120,0.10833333333333334,0.008333333333333333
2022-03-30T11:19:55,13,1,120,0.10833333333333334,0.008333333333333333
2022-03-30T11:28:31,12,1,120,0.1,0.008333333333333333
2022-03-30T11:37:06,12,1,120,0.1,0.008333333333333333
2022-03-30T11:45:41,12,1,120,0.1,0.008333333333333333
2022-03-30T11:54:28,12,1,120,0.1,0.008333333333333333
2022-03-30T12:03:03,12,1,120,0.1,0.008333333333333333
2022-03-30T12:11:38,12,1,120,0.1,0.008333333333333333
2022-03-30T12:20:25,11,1,120,0.09166666666666666,0.008333333333333333
2022-03-30T12:29:00,11,1,120,0.09166666666666666,0.008333333333333333
2022-03-30T12:37:35,11,1,120,0.09166666666666666,0.008333333333333333
2022-03-30T12:46:10,11,1,120,0.09166666666666666,0.008333333333333333
2022-03-30T12:54:54,11,1,120,0.09166666666666666,0.008333333333333333
2022-03-30T13:03:29,11,1,120,0.09166666666666666,0.008333333333333333
2022-03-30T13:12:04,11,1,120,0.09166666666666666,0.008333333333333333
2022-03-30T13:20:39,11,1,120,0.09166666666666666,0.008333333333333333
2022-03-30T13:29:24,11,1,120,0.09166666666666666,0.008333333333333333
2022-03-30T13:37:59,11,1,120,0.09166666666666666,0.008333333333333333
2022-03-30T13:46:36,11,1,120,0.09166666666666666,0.008333333333333333
2022-03-30T13:55:11,11,1,120,0.09166666666666666,0.008333333333333333
2022-03-30T14:03:56,11,1,120,0.09166666666666666,0.008333333333333333
2022-03-30T14:12:32,11,1,120,0.09166666666666666,0.008333333333333333
2022-03-30T14:21:07,11,1,120,0.09166666666666666,0.008333333333333333
2022-03-30T14:29:42,11,1,120,0.09166666666666666,0.008333333333333333
2022-03-30T14:38:28,11,1,120,0.09166666666666666,0.008333333333333333
2022-03-30T14:47:03,11,1,120,0.09166666666666666,0.008333333333333333
2022-03-30T14:55:39,11,1,120,0.09166666666666666,0.008333333333333333
2022-03-30T15:04:14,11,1,120,0.09166666666666666,0.008333333333333333
2022-03-30T15:13:00,11,1,120,0.09166666666666666,0.008333333333333333
2022-03-30T15:21:35,11,1,120,0.09166666666666666,0.008333333333333333
2022-03-30T15:30:10,11,1,120,0.09166666666666666,0.008333333333333333
2022-03-30T15:38:46,11,1,120,0.09166666666666666,0.008333333333333333
2022-03-30T15:47:32,11,1,120,0.09166666666666666,0.008333333333333333
2022-03-30T15:56:07,11,1,120,0.09166666666666666,0.008333333333333333
2022-03-30T16:04:42,11,1,120,0.09166666666666666,0.008333333333333333
2022-03-30T16:13:17,11,1,120,0.09166666666666666,0.008333333333333333
2022-03-30T16:21:52,11,1,120,0.09166666666666666,0.008333333333333333
2022-03-30T16:30:35,11,1,120,0.09166666666666666,0.008333333333333333
2022-03-30T16:39:10,11,1,120,0.09166666666666666,0.008333333333333333
2022-03-30T16:47:45,11,1,120,0.09166666666666666,0.008333333333333333
2022-03-30T16:56:20,11,1,120,0.09166666666666666,0.008333333333333333
2022-03-30T17:05:05,11,1,120,0.09166666666666666,0.008333333333333333
2022-03-30T17:13:40,11,1,120,0.09166666666666666,0.008333333333333333
2022-03-30T17:22:15,11,1,120,0.09166666666666666,0.008333333333333333
2022-03-30T17:30:50,11,1,120,0.09166666666666666,0.008333333333333333
2022-03-30T17:39:36,11,1,120,0.09166666666666666,0.008333333333333333
2022-03-30T17:48:11,11,1,120,0.09166666666666666,0.008333333333333333
2022-03-30T17:56:46,11,1,120,0.09166666666666666,0.008333333333333333
2022-03-30T18:05:21,11,1,120,0.09166666666666666,0.008333333333333333
2022-03-30T18:13:56,11,1,120,0.09166666666666666,0.008333333333333333
2022-03-30T18:22:41,11,1,120,0.09166666666666666,0.008333333333333333
2022-03-30T18:31:16,11,1,120,0.09166666666666666,0.008333333333333333
2022-03-30T18:39:51,11,1,120,0.09166666666666666,0.008333333333333333
2022-03-30T18:48:25,11,1,120,0.09166666666666666,0.008333333333333333
2022-03-30T18:57:00,11,1,120,0.09166666666666666,0.008333333333333333
2022-03-30T19:05:46,11,1,120,0.09166666666666666,0.008333333333333333
2022-03-30T19:14:21,11,1,120,0.09166666666666666,0.008333333333333333
2022-03-30T19:22:55,11,1,120,0.09166666666666666,0.008333333333333333
2022-03-30T19:31:30,11,1,120,0.09166666666666666,0.008333333333333333
2022-03-30T19:40:05,11,1,120,0.09166666666666666,0.008333333333333333
2022-03-30T19:48:45,11,1,120,0.09166666666666666,0.008333333333333333
2022-03-30T19:57:20,11,1,120,0.09166666666666666,0.008333333333333333
2022-03-30T20:06:05,11,1,120,0.09166666666666666,0.008333333333333333
2022-03-30T20:14:39,11,1,120,0.09166666666666666,0.008333333333333333
2022-03-30T20:23:14,11,1,120,0.09166666666666666,0.008333333333333333
2022-03-30T20:31:49,11,1,120,0.09166666666666666,0.008333333333333333
2022-03-30T20:40:24,11,1,120,0.09166666666666666,0.008333333333333333
2022-03-30T20:49:10,11,1,120,0.09166666666666666,0.008333333333333333
2022-03-30T20:57:44,11,1,120,0.09166666666666666,0.008333333333333333
2022-03-30T21:06:19,11,1,120,0.09166666666666666,0.008333333333333333
2022-03-30T21:14:54,11,1,120,0.09166666666666666,0.008333333333333333
2022-03-30T21:23:29,11,1,120,0.09166666666666666,0.008333333333333333
2022-03-30T21:32:04,11,1,120,0.09166666666666666,0.008333333333333333
2022-03-30T21:40:51,11,1,120,0.09166666666666666,0.008333333333333333
2022-03-30T21:49:26,11,1,120,0.09166666666666666,0.008333333333333333
2022-03-30T21:58:01,11,1,120,0.09166666666666666,0.008333333333333333
2022-03-30T22:06:35,11,1,120,0.09166666666666666,0.008333333333333333
2022-03-30T22:15:10,11,1,120,0.09166666666666666,0.008333333333333333
2022-03-30T22:23:45,11,1,120,0.09166666666666666,0.008333333333333333
2022-03-30T22:32:20,12,1,120,0.1,0.008333333333333333
2022-03-30T22:40:55,12,1,120,0.1,0.008333333333333333
2022-03-30T22:49:44,12,1,120,0.1,0.008333333333333333
2022-03-30T22:58:19,12,1,120,0.1,0.008333333333333333
2022-03-30T23:06:54,12,1,120,0.1,0.008333333333333333
2022-03-30T23:15:29,12,1,120,0.1,0.008333333333333333
2022-03-30T23:24:04,12,1,120,0.1,0.008333333333333333
2022-03-30T23:32:39,12,1,120,0.1,0.008333333333333333
2022-03-30T23:41:14,12,1,120,0.1,0.008333333333333333
2022-03-30T23:50:00,12,1,120,0.1,0.008333333333333333
2022-03-30T23:58:35,12,1,120,0.1,0.008333333333333333
2022-03-31T00:07:10,12,1,120,0.1,0.008333333333333333
2022-03-31T00:15:45,12,1,120,0.1,0.008333333333333333
2022-03-31T00:24:21,12,1,120,0.1,0.008333333333333333
2022-03-31T00:32:56,12,1,120,0.1,0.008333333333333333
2022-03-31T00:41:31,12,1,120,0.1,0.008333333333333333
2022-03-31T00:50:20,12,1,120,0.1,0.008333333333333333
2022-03-31T00:58:56,12,1,120,0.1,0.008333333333333333
2022-03-31T01:07:31,12,1,120,0.1,0.008333333333333333
2022-03-31T01:16:06,12,1,120,0.1,0.008333333333333333
2022-03-31T01:24:41,12,1,120,0.1,0.008333333333333333
2022-03-31T01:33:16,12,1,120,0.1,0.008333333333333333
2022-03-31T01:41:51,12,1,120,0.1,0.008333333333333333
2022-03-31T01:50:26,12,1,120,0.1,0.008333333333333333
2022-03-31T01:59:01,12,1,120,0.1,0.008333333333333333
2022-03-31T02:07:36,12,1,120,0.1,0.008333333333333333
2022-03-31T02:16:11,12,1,120,0.1,0.008333333333333333
2022-03-31T02:24:46,12,1,120,0.1,0.008333333333333333
2022-03-31T02:33:21,12,1,120,0.1,0.008333333333333333
2022-03-31T02:41:55,12,1,120,0.1,0.008333333333333333
2022-03-31T02:50:42,12,1,120,0.1,0.008333333333333333
2022-03-31T02:59:17,12,1,120,0.1,0.008333333333333333
2022-03-31T03:07:52,12,1,120,0.1,0.008333333333333333
2022-03-31T03:16:27,12,1,120,0.1,0.008333333333333333
2022-03-31T03:25:03,12,1,120,0.1,0.008333333333333333
2022-03-31T03:33:38,12,1,120,0.1,0.008333333333333333
2022-03-31T03:42:13,12,1,120,0.1,0.008333333333333333
2022-03-31T03:50:48,12,1,120,0.1,0.008333333333333333
2022-03-31T03:59:23,12,1,120,0.1,0.008333333333333333
2022-03-31T04:07:59,12,1,120,0.1,0.008333333333333333
2022-03-31T04:16:34,12,1,120,0.1,0.008333333333333333
2022-03-31T04:31:57,12,1,120,0.1,0.008333333333333333
2022-03-31T04:40:44,12,1,120,0.1,0.008333333333333333
2022-03-31T04:49:20,12,1,120,0.1,0.008333333333333333
2022-03-31T04:57:56,12,1,120,0.1,0.008333333333333333
2022-03-31T05:06:32,12,1,120,0.1,0.008333333333333333
2022-03-31T05:15:08,12,1,120,0.1,0.008333333333333333
2022-03-31T05:23:44,12,1,120,0.1,0.008333333333333333
2022-03-31T05:32:19,12,1,120,0.1,0.008333333333333333
2022-03-31T05:40:55,12,1,120,0.1,0.008333333333333333
2022-03-31T05:49:31,12,1,120,0.1,0.008333333333333333
2022-03-31T05:58:06,12,1,120,0.1,0.008333333333333333
2022-03-31T06:06:42,12,1,120,0.1,0.008333333333333333
2022-03-31T06:15:18,12,1,120,0.1,0.008333333333333333
2022-03-31T06:23:53,12,1,120,0.1,0.008333333333333333
2022-03-31T06:32:29,12,1,120,0.1,0.008333333333333333
2022-03-31T06:41:04,12,1,120,0.1,0.008333333333333333
2022-03-31T06:49:39,12,1,120,0.1,0.008333333333333333
2022-03-31T06:58:14,12,1,120,0.1,0.008333333333333333
2022-03-31T07:06:49,12,1,120,0.1,0.008333333333333333
2022-03-31T07:15:24,12,1,120,0.1,0.008333333333333333
2022-03-31T07:23:59,12,1,120,0.1,0.008333333333333333
2022-03-31T07:32:34,12,1,120,0.1,0.008333333333333333
2022-03-31T07:41:09,12,1,120,0.1,0.008333333333333333
2022-03-31T07:49:44,12,1,120,0.1,0.008333333333333333
2022-03-31T07:58:26,12,1,120,0.1,0.008333333333333333
2022-03-31T08:07:01,12,1,120,0.1,0.008333333333333333
2022-03-31T08:15:36,12,1,120,0.1,0.008333333333333333
2022-03-31T08:24:11,12,1,120,0.1,0.008333333333333333
2022-03-31T08:32:46,12,1,120,0.1,0.008333333333333333
2022-03-31T08:41:21,12,1,120,0.1,0.008333333333333333
2022-03-31T08:49:56,12,1,120,0.1,0.008333333333333333
2022-03-31T08:58:31,12,1,120,0.1,0.008333333333333333
2022-03-31T09:07:14,12,1,120,0.1,0.008333333333333333
2022-03-31T09:15:49,12,2,120,0.1,0.016666666666666666
2022-03-31T09:24:24,12,2,120,0.1,0.016666666666666666
2022-03-31T09:32:59,12,2,120,0.1,0.016666666666666666
2022-03-31T09:41:35,12,2,120,0.1,0.016666666666666666
2022-03-31T09:50:10,11,2,120,0.09166666666666666,0.016666666666666666
2022-03-31T09:58:57,11,2,120,0.09166666666666666,0.016666666666666666
2022-03-31T10:07:32,11,2,120,0.09166666666666666,0.016666666666666666
2022-03-31T10:16:07,11,2,120,0.09166666666666666,0.016666666666666666
2022-03-31T10:24:43,11,2,120,0.09166666666666666,0.016666666666666666
2022-03-31T10:33:18,11,2,120,0.09166666666666666,0.016666666666666666
2022-03-31T10:42:02,11,2,120,0.09166666666666666,0.016666666666666666
2022-03-31T10:50:38,11,2,120,0.09166666666666666,0.016666666666666666
2022-03-31T10:59:14,11,2,120,0.09166666666666666,0.016666666666666666
2022-03-31T11:07:51,11,2,120,0.09166666666666666,0.016666666666666666
2022-03-31T11:16:28,11,2,120,0.09166666666666666,0.016666666666666666
2022-03-31T11:25:05,11,2,120,0.09166666666666666,0.016666666666666666
2022-03-31T11:33:52,11,2,120,0.09166666666666666,0.016666666666666666
2022-03-31T11:42:30,11,2,120,0.09166666666666666,0.016666666666666666
2022-03-31T11:51:07,11,2,120,0.09166666666666666,0.016666666666666666
2022-03-31T11:59:44,11,2,120,0.09166666666666666,0.016666666666666666
2022-03-31T12:08:20,11,2,120,0.09166666666666666,0.016666666666666666
2022-03-31T12:17:06,11,2,120,0.09166666666666666,0.016666666666666666
2022-03-31T12:25:43,11,2,120,0.09166666666666666,0.016666666666666666
2022-03-31T12:34:19,11,2,120,0.09166666666666666,0.016666666666666666
2022-03-31T12:42:56,11,2,120,0.09166666666666666,0.016666666666666666
2022-03-31T12:51:32,11,2,120,0.09166666666666666,0.016666666666666666
2022-03-31T13:00:18,11,2,120,0.09166666666666666,0.016666666666666666
2022-03-31T13:08:54,11,2,120,0.09166666666666666,0.016666666666666666
2022-03-31T13:17:30,11,2,120,0.09166666666666666,0.016666666666666666
2022-03-31T13:26:06,11,2,120,0.09166666666666666,0.016666666666666666
2022-03-31T13:34:42,11,2,120,0.09166666666666666,0.016666666666666666
2022-03-31T13:43:27,11,2,120,0.09166666666666666,0.016666666666666666
2022-03-31T13:52:03,11,2,120,0.09166666666666666,0.016666666666666666
2022-03-31T14:00:38,11,2,120,0.09166666666666666,0.016666666666666666
2022-03-31T14:09:14,11,2,120,0.09166666666666666,0.016666666666666666
2022-03-31T14:17:50,11,2,120,0.09166666666666666,0.016666666666666666
2022-03-31T14:26:35,11,2,120,0.09166666666666666,0.016666666666666666
2022-03-31T14:35:10,11,2,120,0.09166666666666666,0.016666666666666666
2022-03-31T14:43:45,11,2,120,0.09166666666666666,0.016666666666666666
2022-03-31T14:52:20,11,2,120,0.09166666666666666,0.016666666666666666
2022-03-31T15:00:56,11,2,120,0.09166666666666666,0.016666666666666666
2022-03-31T15:09:41,11,2,120,0.09166666666666666,0.016666666666666666
2022-03-31T15:18:16,11,2,120,0.09166666666666666,0.016666666666666666
2022-03-31T15:26:52,11,2,120,0.09166666666666666,0.016666666666666666
2022-03-31T15:35:27,11,2,120,0.09166666666666666,0.016666666666666666
2022-03-31T15:44:03,11,2,120,0.09166666666666666,0.016666666666666666
2022-03-31T15:52:38,11,2,120,0.09166666666666666,0.016666666666666666
2022-03-31T16:01:25,11,2,120,0.09166666666666666,0.016666666666666666
2022-03-31T16:10:00,11,2,120,0.09166666666666666,0.016666666666666666
2022-03-31T16:18:35,11,2,120,0.09166666666666666,0.016666666666666666
2022-03-31T16:27:10,11,2,120,0.09166666666666666,0.016666666666666666
2022-03-31T16:35:45,11,1,120,0.09166666666666666,0.008333333333333333
2022-03-31T16:44:31,11,1,120,0.09166666666666666,0.008333333333333333
2022-03-31T16:53:06,11,1,120,0.09166666666666666,0.008333333333333333
2022-03-31T17:01:41,11,1,120,0.09166666666666666,0.008333333333333333
2022-03-31T17:10:16,11,1,120,0.09166666666666666,0.008333333333333333
2022-03-31T17:18:51,11,1,120,0.09166666666666666,0.008333333333333333
2022-03-31T17:27:35,11,1,120,0.09166666666666666,0.008333333333333333
2022-03-31T17:36:09,12,1,120,0.1,0.008333333333333333
2022-03-31T17:44:44,12,1,120,0.1,0.008333333333333333
2022-03-31T17:53:19,12,1,120,0.1,0.008333333333333333
2022-03-31T18:01:54,12,1,120,0.1,0.008333333333333333
2022-03-31T18:10:38,12,1,120,0.1,0.008333333333333333
2022-03-31T18:19:13,12,1,120,0.1,0.008333333333333333
2022-03-31T18:27:48,12,1,120,0.1,0.008333333333333333
2022-03-31T18:36:23,12,1,120,0.1,0.008333333333333333
2022-03-31T18:44:58,12,1,120,0.1,0.008333333333333333
2022-03-31T18:53:32,12,1,120,0.1,0.008333333333333333
2022-03-31T19:02:07,11,1,120,0.09166666666666666,0.008333333333333333
2022-03-31T19:10:42,11,1,120,0.09166666666666666,0.008333333333333333
2022-03-31T19:19:27,11,1,120,0.09166666666666666,0.008333333333333333
2022-03-31T19:28:02,11,1,120,0.09166666666666666,0.008333333333333333
2022-03-31T19:36:37,11,1,120,0.09166666666666666,0.008333333333333333
2022-03-31T19:45:12,11,1,120,0.09166666666666666,0.008333333333333333
2022-03-31T19:53:47,11,1,120,0.09166666666666666,0.008333333333333333
2022-03-31T20:02:22,11,1,120,0.09166666666666666,0.008333333333333333
2022-03-31T20:11:06,11,1,120,0.09166666666666666,0.008333333333333333
2022-03-31T20:19:41,11,1,120,0.09166666666666666,0.008333333333333333
2022-03-31T20:28:16,11,1,120,0.09166666666666666,0.008333333333333333
2022-03-31T20:36:50,11,1,120,0.09166666666666666,0.008333333333333333
2022-03-31T20:45:25,11,1,120,0.09166666666666666,0.008333333333333333
2022-03-31T20:54:00,11,1,120,0.09166666666666666,0.008333333333333333
2022-03-31T21:02:35,11,1,120,0.09166666666666666,0.008333333333333333
2022-03-31T21:11:09,11,1,120,0.09166666666666666,0.008333333333333333
2022-03-31T21:19:53,11,1,120,0.09166666666666666,0.008333333333333333
2022-03-31T21:28:28,11,1,120,0.09166666666666666,0.008333333333333333
2022-03-31T21:37:03,11,1,120,0.09166666666666666,0.008333333333333333
2022-03-31T21:45:38,11,1,120,0.09166666666666666,0.008333333333333333
2022-03-31T21:54:12,11,1,120,0.09166666666666666,0.008333333333333333
2022-03-31T22:02:47,11,1,120,0.09166666666666666,0.008333333333333333
2022-03-31T22:11:22,11,1,120,0.09166666666666666,0.008333333333333333
2022-03-31T22:19:57,11,1,120,0.09166666666666666,0.008333333333333333
2022-03-31T22:28:32,10,0,120,0.08333333333333333,0.0
2022-03-31T22:37:17,10,0,120,0.08333333333333333,0.0
2022-03-31T22:45:52,10,0,120,0.08333333333333333,0.0
2022-03-31T22:54:26,10,0,120,0.08333333333333333,0.0
2022-03-31T23:03:01,11,0,120,0.09166666666666666,0.0
2022-03-31T23:11:36,11,0,120,0.09166666666666666,0.0
2022-03-31T23:20:11,11,0,120,0.09166666666666666,0.0
2022-03-31T23:28:46,11,0,120,0.09166666666666666,0.0
2022-03-31T23:37:21,11,0,120,0.09166666666666666,0.0
2022-03-31T23:45:56,11,0,120,0.09166666666666666,0.0
2022-03-31T23:54:41,11,0,120,0.09166666666666666,0.0
2022-04-01T00:03:16,11,0,120,0.09166666666666666,0.0
2022-04-01T00:11:51,11,0,120,0.09166666666666666,0.0
2022-04-01T00:20:27,11,0,120,0.09166666666666666,0.0
2022-04-01T00:29:01,11,0,120,0.09166666666666666,0.0
2022-04-01T00:37:36,11,0,120,0.09166666666666666,0.0
2022-04-01T00:46:12,11,0,120,0.09166666666666666,0.0
2022-04-01T00:54:47,11,0,120,0.09166666666666666,0.0
2022-04-01T01:03:22,11,0,120,0.09166666666666666,0.0
2022-04-01T01:11:57,11,0,120,0.09166666666666666,0.0
2022-04-01T01:20:41,11,0,120,0.09166666666666666,0.0
2022-04-01T01:29:16,11,0,120,0.09166666666666666,0.0
2022-04-01T01:37:51,11,0,120,0.09166666666666666,0.0
2022-04-01T01:46:26,11,0,120,0.09166666666666666,0.0
2022-04-01T01:55:01,11,0,120,0.09166666666666666,0.0
2022-04-01T02:03:35,11,0,120,0.09166666666666666,0.0
2022-04-01T02:12:10,11,0,120,0.09166666666666666,0.0
2022-04-01T02:20:45,11,0,120,0.09166666666666666,0.0
2022-04-01T02:29:20,11,0,120,0.09166666666666666,0.0
2022-04-01T02:37:54,11,0,120,0.09166666666666666,0.0
2022-04-01T02:46:29,11,0,120,0.09166666666666666,0.0
2022-04-01T02:55:05,11,0,120,0.09166666666666666,0.0
2022-04-01T03:03:39,11,0,120,0.09166666666666666,0.0
2022-04-01T03:12:15,11,0,120,0.09166666666666666,0.0
2022-04-01T03:20:49,11,0,120,0.09166666666666666,0.0
2022-04-01T03:29:25,11,0,120,0.09166666666666666,0.0
2022-04-01T03:38:00,11,0,120,0.09166666666666666,0.0
2022-04-01T03:46:35,11,0,120,0.09166666666666666,0.0
2022-04-01T03:55:10,11,0,120,0.09166666666666666,0.0
2022-04-01T04:03:45,11,0,120,0.09166666666666666,0.0
2022-04-01T04:12:20,11,0,120,0.09166666666666666,0.0
2022-04-01T17:50:13,10,0,120,0.08333333333333333,0.0
2022-04-01T17:58:51,10,0,120,0.08333333333333333,0.0
2022-04-01T18:07:29,10,0,120,0.08333333333333333,0.0
2022-04-01T18:16:07,10,0,120,0.08333333333333333,0.0
2022-04-01T18:24:55,10,0,120,0.08333333333333333,0.0
2022-04-01T18:33:33,10,0,120,0.08333333333333333,0.0
2022-04-01T18:42:11,10,0,120,0.08333333333333333,0.0
2022-04-01T18:50:49,10,0,120,0.08333333333333333,0.0
2022-04-01T18:59:26,10,0,120,0.08333333333333333,0.0
2022-04-01T19:08:04,10,0,120,0.08333333333333333,0.0
2022-04-01T19:16:42,10,0,120,0.08333333333333333,0.0
2022-04-01T19:25:20,10,0,120,0.08333333333333333,0.0
2022-04-01T19:34:16,10,0,120,0.08333333333333333,0.0
2022-04-01T19:42:54,10,0,120,0.08333333333333333,0.0
2022-04-01T19:51:32,10,0,120,0.08333333333333333,0.0
2022-04-01T20:00:09,10,0,120,0.08333333333333333,0.0
2022-04-01T20:08:47,10,0,120,0.08333333333333333,0.0
2022-04-01T20:17:25,10,0,120,0.08333333333333333,0.0
2022-04-01T20:26:02,10,0,120,0.08333333333333333,0.0
2022-04-01T20:34:40,10,0,120,0.08333333333333333,0.0
2022-04-01T20:43:18,10,0,120,0.08333333333333333,0.0
2022-04-01T20:51:55,10,0,120,0.08333333333333333,0.0
2022-04-01T21:00:42,10,0,120,0.08333333333333333,0.0
2022-04-01T21:09:20,10,0,120,0.08333333333333333,0.0
2022-04-01T21:17:58,10,0,120,0.08333333333333333,0.0
2022-04-01T21:26:35,10,0,120,0.08333333333333333,0.0
2022-04-01T21:35:13,10,0,120,0.08333333333333333,0.0
2022-04-01T21:43:51,10,0,120,0.08333333333333333,0.0
2022-04-01T21:52:29,10,0,120,0.08333333333333333,0.0
2022-04-01T22:01:06,10,0,120,0.08333333333333333,0.0
2022-04-01T22:09:44,10,0,120,0.08333333333333333,0.0
2022-04-01T22:18:22,10,0,120,0.08333333333333333,0.0
2022-04-01T22:27:00,10,0,120,0.08333333333333333,0.0
2022-04-01T22:35:38,10,0,120,0.08333333333333333,0.0
2022-04-01T22:44:15,10,0,120,0.08333333333333333,0.0
2022-04-01T22:52:53,10,0,120,0.08333333333333333,0.0
2022-04-01T23:01:52,10,0,120,0.08333333333333333,0.0
2022-04-01T23:10:30,10,0,120,0.08333333333333333,0.0
2022-04-01T23:19:08,10,0,120,0.08333333333333333,0.0
2022-04-01T23:27:46,10,0,120,0.08333333333333333,0.0
2022-04-01T23:36:24,10,0,120,0.08333333333333333,0.0
2022-04-01T23:45:02,10,0,120,0.08333333333333333,0.0
2022-04-01T23:53:39,10,0,120,0.08333333333333333,0.0
2022-04-02T00:02:17,10,0,120,0.08333333333333333,0.0
2022-04-02T00:10:55,10,0,120,0.08333333333333333,0.0
2022-04-02T00:19:33,10,0,120,0.08333333333333333,0.0
2022-04-02T00:28:12,10,0,120,0.08333333333333333,0.0
2022-04-02T00:36:50,10,0,120,0.08333333333333333,0.0
2022-04-02T00:45:28,10,0,120,0.08333333333333333,0.0
2022-04-02T00:54:26,10,0,120,0.08333333333333333,0.0
2022-04-02T01:03:04,10,0,120,0.08333333333333333,0.0
2022-04-02T01:11:43,10,0,120,0.08333333333333333,0.0
2022-04-02T01:20:21,10,0,120,0.08333333333333333,0.0
2022-04-02T01:29:00,10,0,120,0.08333333333333333,0.0
2022-04-02T01:37:38,10,0,120,0.08333333333333333,0.0
2022-04-02T01:46:16,10,0,120,0.08333333333333333,0.0
2022-04-02T01:54:54,10,0,120,0.08333333333333333,0.0
2022-04-02T02:03:33,10,0,120,0.08333333333333333,0.0
2022-04-02T02:12:11,10,0,120,0.08333333333333333,0.0
2022-04-02T02:20:48,10,0,120,0.08333333333333333,0.0
2022-04-02T02:29:26,10,0,120,0.08333333333333333,0.0
2022-04-02T02:38:04,10,0,120,0.08333333333333333,0.0
2022-04-02T02:46:41,10,0,120,0.08333333333333333,0.0
2022-04-02T02:55:19,10,0,120,0.08333333333333333,0.0
2022-04-02T03:03:57,10,0,120,0.08333333333333333,0.0
2022-04-02T03:12:36,10,0,120,0.08333333333333333,0.0
2022-04-02T03:21:35,10,0,120,0.08333333333333333,0.0
2022-04-02T03:30:14,10,0,120,0.08333333333333333,0.0
2022-04-02T03:38:52,10,0,120,0.08333333333333333,0.0
2022-04-02T03:47:31,10,0,120,0.08333333333333333,0.0
2022-04-02T03:56:09,10,0,120,0.08333333333333333,0.0
2022-04-02T04:04:48,10,0,120,0.08333333333333333,0.0
2022-04-02T04:14:04,10,0,120,0.08333333333333333,0.0
2022-04-02T04:25:14,10,0,120,0.08333333333333333,0.0
2022-04-02T04:34:15,10,0,120,0.08333333333333333,0.0
2022-04-02T04:42:54,10,0,120,0.08333333333333333,0.0
2022-04-02T04:51:32,10,0,120,0.08333333333333333,0.0
2022-04-02T05:00:11,10,0,120,0.08333333333333333,0.0
2022-04-02T05:08:50,10,0,120,0.08333333333333333,0.0
2022-04-02T05:17:29,10,0,120,0.08333333333333333,0.0
2022-04-02T05:26:08,10,0,120,0.08333333333333333,0.0
2022-04-02T05:34:46,10,0,120,0.08333333333333333,0.0
2022-04-02T05:43:25,10,0,120,0.08333333333333333,0.0
2022-04-02T05:52:04,10,0,120,0.08333333333333333,0.0
2022-04-02T06:00:42,10,0,120,0.08333333333333333,0.0
2022-04-02T06:09:21,10,0,120,0.08333333333333333,0.0
2022-04-02T06:17:59,10,0,120,0.08333333333333333,0.0
2022-04-02T06:26:37,10,0,120,0.08333333333333333,0.0
2022-04-02T06:35:18,10,0,120,0.08333333333333333,0.0
2022-04-02T06:43:56,10,0,120,0.08333333333333333,0.0
2022-04-02T06:52:35,10,0,120,0.08333333333333333,0.0
2022-04-02T07:01:13,10,0,120,0.08333333333333333,0.0
2022-04-02T07:09:51,10,0,120,0.08333333333333333,0.0
2022-04-02T07:18:30,11,0,120,0.09166666666666666,0.0
2022-04-02T07:27:08,11,0,120,0.09166666666666666,0.0
2022-04-02T07:35:46,11,0,120,0.09166666666666666,0.0
2022-04-02T07:44:24,11,0,120,0.09166666666666666,0.0
2022-04-02T07:53:02,11,0,120,0.09166666666666666,0.0
2022-04-02T08:01:40,11,0,120,0.09166666666666666,0.0
2022-04-02T08:10:29,11,0,120,0.09166666666666666,0.0
2022-04-02T08:19:07,11,0,120,0.09166666666666666,0.0
2022-04-02T08:27:45,11,0,120,0.09166666666666666,0.0
2022-04-02T08:36:23,11,0,120,0.09166666666666666,0.0
2022-04-02T08:45:02,11,0,120,0.09166666666666666,0.0
2022-04-02T08:53:40,11,0,120,0.09166666666666666,0.0
2022-04-02T09:02:18,11,0,120,0.09166666666666666,0.0
2022-04-02T09:10:56,11,0,120,0.09166666666666666,0.0
2022-04-02T09:19:35,11,0,120,0.09166666666666666,0.0
2022-04-02T09:28:24,11,0,120,0.09166666666666666,0.0
2022-04-02T09:37:02,11,0,120,0.09166666666666666,0.0
2022-04-02T09:45:40,11,0,120,0.09166666666666666,0.0
2022-04-02T09:54:18,11,0,120,0.09166666666666666,0.0
2022-04-02T10:02:56,11,0,120,0.09166666666666666,0.0
2022-04-02T10:11:34,11,0,120,0.09166666666666666,0.0
2022-04-02T10:20:12,11,0,120,0.09166666666666666,0.0
2022-04-02T10:28:50,11,0,120,0.09166666666666666,0.0
2022-04-02T10:37:27,11,0,120,0.09166666666666666,0.0
2022-04-02T10:46:05,11,0,120,0.09166666666666666,0.0
2022-04-02T10:54:43,11,0,120,0.09166666666666666,0.0
2022-04-02T11:03:21,11,0,120,0.09166666666666666,0.0
2022-04-02T11:11:59,11,0,120,0.09166666666666666,0.0
2022-04-02T11:20:37,11,0,120,0.09166666666666666,0.0
2022-04-02T11:29:15,11,0,120,0.09166666666666666,0.0
2022-04-02T11:37:53,11,0,120,0.09166666666666666,0.0
2022-04-02T11:46:31,11,0,120,0.09166666666666666,0.0
2022-04-02T11:55:18,11,0,120,0.09166666666666666,0.0
2022-04-02T12:03:56,11,0,120,0.09166666666666666,0.0
2022-04-02T12:12:34,11,0,120,0.09166666666666666,0.0
2022-04-02T12:21:11,11,0,120,0.09166666666666666,0.0
2022-04-02T12:29:50,11,0,120,0.09166666666666666,0.0
2022-04-02T12:38:28,11,0,120,0.09166666666666666,0.0
2022-04-02T12:47:05,11,0,120,0.09166666666666666,0.0
2022-04-02T12:55:43,11,0,120,0.09166666666666666,0.0
2022-04-02T13:04:30,11,0,120,0.09166666666666666,0.0
2022-04-02T13:13:08,11,0,120,0.09166666666666666,0.0
2022-04-02T13:21:46,11,0,120,0.09166666666666666,0.0
2022-04-02T13:30:24,11,0,120,0.09166666666666666,0.0
2022-04-02T13:39:02,11,0,120,0.09166666666666666,0.0
2022-04-02T13:47:40,11,0,120,0.09166666666666666,0.0
2022-04-02T13:56:17,10,0,120,0.08333333333333333,0.0
2022-04-02T14:04:55,10,0,120,0.08333333333333333,0.0
2022-04-02T14:13:33,10,0,120,0.08333333333333333,0.0
2022-04-02T14:22:11,10,0,120,0.08333333333333333,0.0
2022-04-02T14:30:58,10,0,120,0.08333333333333333,0.0
2022-04-02T14:39:36,10,0,120,0.08333333333333333,0.0
2022-04-02T14:48:14,10,0,120,0.08333333333333333,0.0
2022-04-02T14:56:52,10,0,120,0.08333333333333333,0.0
2022-04-02T15:05:29,10,0,120,0.08333333333333333,0.0
2022-04-02T15:14:07,10,0,120,0.08333333333333333,0.0
2022-04-02T15:22:46,10,0,120,0.08333333333333333,0.0
2022-04-02T15:31:24,10,0,120,0.08333333333333333,0.0
2022-04-02T15:40:01,10,0,120,0.08333333333333333,0.0
2022-04-02T15:48:39,10,0,120,0.08333333333333333,0.0
2022-04-02T15:57:28,10,0,120,0.08333333333333333,0.0
2022-04-02T16:06:06,10,0,120,0.08333333333333333,0.0
2022-04-02T16:14:43,10,0,120,0.08333333333333333,0.0
2022-04-02T16:23:21,10,0,120,0.08333333333333333,0.0
2022-04-02T16:31:59,10,0,120,0.08333333333333333,0.0
2022-04-02T16:40:37,10,0,120,0.08333333333333333,0.0
2022-04-02T16:49:15,10,0,120,0.08333333333333333,0.0
2022-04-02T16:57:52,10,0,120,0.08333333333333333,0.0
2022-04-02T17:06:31,10,0,120,0.08333333333333333,0.0
2022-04-02T17:15:18,10,0,120,0.08333333333333333,0.0
2022-04-02T17:23:56,10,0,120,0.08333333333333333,0.0
2022-04-02T17:32:34,10,0,120,0.08333333333333333,0.0
2022-04-02T17:41:12,10,0,120,0.08333333333333333,0.0
2022-04-02T17:49:50,10,0,120,0.08333333333333333,0.0
2022-04-02T17:58:27,10,0,120,0.08333333333333333,0.0
2022-04-02T18:07:05,10,0,120,0.08333333333333333,0.0
2022-04-02T18:15:43,10,0,120,0.08333333333333333,0.0
2022-04-02T18:24:21,10,0,120,0.08333333333333333,0.0
2022-04-02T18:32:59,10,0,120,0.08333333333333333,0.0
2022-04-02T18:41:44,10,0,120,0.08333333333333333,0.0
2022-04-02T18:50:21,10,0,120,0.08333333333333333,0.0
2022-04-02T18:58:59,10,0,120,0.08333333333333333,0.0
2022-04-02T19:07:37,10,0,120,0.08333333333333333,0.0
2022-04-02T19:16:15,10,0,120,0.08333333333333333,0.0
2022-04-02T19:24:53,10,0,120,0.08333333333333333,0.0
2022-04-02T19:33:30,10,0,120,0.08333333333333333,0.0
2022-04-02T19:42:08,10,0,120,0.08333333333333333,0.0
2022-04-02T19:50:46,10,0,120,0.08333333333333333,0.0
2022-04-02T19:59:24,10,0,120,0.08333333333333333,0.0
2022-04-02T20:08:11,10,0,120,0.08333333333333333,0.0
2022-04-02T20:16:49,10,0,120,0.08333333333333333,0.0
2022-04-02T20:25:27,10,0,120,0.08333333333333333,0.0
2022-04-02T20:34:05,10,0,120,0.08333333333333333,0.0
2022-04-02T20:42:43,10,0,120,0.08333333333333333,0.0
2022-04-02T20:51:20,10,0,120,0.08333333333333333,0.0
2022-04-02T20:59:58,10,0,120,0.08333333333333333,0.0
2022-04-02T21:08:36,10,0,120,0.08333333333333333,0.0
2022-04-02T21:17:23,10,0,120,0.08333333333333333,0.0
2022-04-02T21:26:01,10,0,120,0.08333333333333333,0.0
2022-04-02T21:34:39,10,0,120,0.08333333333333333,0.0
2022-04-02T21:43:17,10,0,120,0.08333333333333333,0.0
2022-04-02T21:51:55,10,0,120,0.08333333333333333,0.0
2022-04-02T22:00:32,10,0,120,0.08333333333333333,0.0
2022-04-02T22:09:10,10,0,120,0.08333333333333333,0.0
2022-04-02T22:17:48,10,0,120,0.08333333333333333,0.0
2022-04-02T22:26:26,10,0,120,0.08333333333333333,0.0
2022-04-02T22:35:04,10,0,120,0.08333333333333333,0.0
2022-04-02T22:43:50,10,0,120,0.08333333333333333,0.0
2022-04-02T22:52:27,10,0,120,0.08333333333333333,0.0
2022-04-02T23:01:05,10,0,120,0.08333333333333333,0.0
2022-04-02T23:09:43,10,0,120,0.08333333333333333,0.0
2022-04-02T23:18:21,10,0,120,0.08333333333333333,0.0
2022-04-02T23:26:59,10,0,120,0.08333333333333333,0.0
2022-04-02T23:35:37,10,0,120,0.08333333333333333,0.0
2022-04-02T23:44:15,10,0,120,0.08333333333333333,0.0
2022-04-02T23:52:53,10,0,120,0.08333333333333333,0.0
2022-04-03T00:01:30,10,0,120,0.08333333333333333,0.0
2022-04-03T00:10:08,10,0,120,0.08333333333333333,0.0
2022-04-03T00:18:47,10,0,120,0.08333333333333333,0.0
2022-04-03T00:27:25,10,0,120,0.08333333333333333,0.0
2022-04-03T00:36:03,10,0,120,0.08333333333333333,0.0
2022-04-03T00:44:41,10,0,120,0.08333333333333333,0.0
2022-04-03T00:53:20,10,0,120,0.08333333333333333,0.0
2022-04-03T01:01:58,10,0,120,0.08333333333333333,0.0
2022-04-03T01:10:44,10,0,120,0.08333333333333333,0.0
2022-04-03T01:19:22,10,0,120,0.08333333333333333,0.0
2022-04-03T01:28:00,10,0,120,0.08333333333333333,0.0
2022-04-03T01:36:38,10,0,120,0.08333333333333333,0.0
2022-04-03T01:45:16,10,0,120,0.08333333333333333,0.0
2022-04-03T01:53:54,10,0,120,0.08333333333333333,0.0
2022-04-03T02:02:36,10,0,120,0.08333333333333333,0.0
2022-04-03T02:11:15,10,0,120,0.08333333333333333,0.0
2022-04-03T02:19:53,10,0,120,0.08333333333333333,0.0
2022-04-03T02:28:31,10,0,120,0.08333333333333333,0.0
2022-04-03T02:37:09,10,0,120,0.08333333333333333,0.0
2022-04-03T02:45:47,10,0,120,0.08333333333333333,0.0
2022-04-03T02:54:25,10,0,120,0.08333333333333333,0.0
2022-04-03T03:03:03,10,0,120,0.08333333333333333,0.0
2022-04-03T03:11:41,10,0,120,0.08333333333333333,0.0
2022-04-03T03:20:19,10,0,120,0.08333333333333333,0.0
2022-04-03T03:28:57,10,0,120,0.08333333333333333,0.0
2022-04-03T03:37:35,10,0,120,0.08333333333333333,0.0
2022-04-03T03:46:13,10,0,120,0.08333333333333333,0.0
2022-04-03T03:54:51,10,0,120,0.08333333333333333,0.0
2022-04-03T04:03:30,10,0,120,0.08333333333333333,0.0
2022-04-03T04:13:51,10,0,120,0.08333333333333333,0.0
2022-04-03T04:34:28,10,0,120,0.08333333333333333,0.0
2022-04-03T04:43:07,10,0,120,0.08333333333333333,0.0
2022-04-03T04:51:46,10,0,120,0.08333333333333333,0.0
2022-04-03T05:00:25,10,0,120,0.08333333333333333,0.0
2022-04-03T05:09:04,10,0,120,0.08333333333333333,0.0
2022-04-03T05:17:43,10,0,120,0.08333333333333333,0.0
2022-04-03T05:26:22,10,0,120,0.08333333333333333,0.0
2022-04-03T05:35:00,10,0,120,0.08333333333333333,0.0
2022-04-03T05:43:38,10,0,120,0.08333333333333333,0.0
2022-04-03T05:52:17,10,0,120,0.08333333333333333,0.0
2022-04-03T06:00:55,10,0,120,0.08333333333333333,0.0
2022-04-03T06:09:33,10,0,120,0.08333333333333333,0.0
2022-04-03T06:18:12,10,0,120,0.08333333333333333,0.0
2022-04-03T06:26:50,10,0,120,0.08333333333333333,0.0
2022-04-03T06:35:28,10,0,120,0.08333333333333333,0.0
2022-04-03T06:44:06,10,0,120,0.08333333333333333,0.0
2022-04-03T06:52:47,10,0,120,0.08333333333333333,0.0
2022-04-03T07:01:25,10,0,120,0.08333333333333333,0.0
2022-04-03T07:10:02,10,0,120,0.08333333333333333,0.0
2022-04-03T07:18:40,10,0,120,0.08333333333333333,0.0
2022-04-03T07:27:18,10,0,120,0.08333333333333333,0.0
2022-04-03T07:35:56,10,0,120,0.08333333333333333,0.0
2022-04-03T07:44:34,10,0,120,0.08333333333333333,0.0
2022-04-03T07:53:11,10,0,120,0.08333333333333333,0.0
2022-04-03T08:01:49,10,0,120,0.08333333333333333,0.0
2022-04-03T08:10:27,10,0,120,0.08333333333333333,0.0
2022-04-03T08:19:06,10,0,120,0.08333333333333333,0.0
2022-04-03T08:27:45,10,0,120,0.08333333333333333,0.0
2022-04-03T08:36:23,10,0,120,0.08333333333333333,0.0
2022-04-03T08:45:04,10,0,120,0.08333333333333333,0.0
2022-04-03T08:53:50,10,0,120,0.08333333333333333,0.0
2022-04-03T09:02:28,10,0,120,0.08333333333333333,0.0
2022-04-03T09:11:06,10,0,120,0.08333333333333333,0.0
2022-04-03T09:19:44,10,0,120,0.08333333333333333,0.0
2022-04-03T09:28:22,10,0,120,0.08333333333333333,0.0
2022-04-03T09:37:00,10,0,120,0.08333333333333333,0.0
2022-04-03T09:45:39,10,0,120,0.08333333333333333,0.0
2022-04-03T09:54:17,10,0,120,0.08333333333333333,0.0
2022-04-03T10:02:55,10,0,120,0.08333333333333333,0.0
2022-04-03T10:11:33,10,0,120,0.08333333333333333,0.0
2022-04-03T10:20:11,10,0,120,0.08333333333333333,0.0
2022-04-03T10:28:50,10,0,120,0.08333333333333333,0.0
2022-04-03T10:37:29,10,0,120,0.08333333333333333,0.0
2022-04-03T10:46:07,10,0,120,0.08333333333333333,0.0
2022-04-03T10:54:46,10,0,120,0.08333333333333333,0.0
2022-04-03T11:03:33,10,0,120,0.08333333333333333,0.0
2022-04-03T11:12:12,10,0,120,0.08333333333333333,0.0
2022-04-03T11:20:50,10,0,120,0.08333333333333333,0.0
2022-04-03T11:29:29,10,0,120,0.08333333333333333,0.0
2022-04-03T11:38:07,10,0,120,0.08333333333333333,0.0
2022-04-03T11:46:46,10,0,120,0.08333333333333333,0.0
2022-04-03T11:55:24,10,0,120,0.08333333333333333,0.0
2022-04-03T12:04:02,10,0,120,0.08333333333333333,0.0
2022-04-03T12:12:40,10,0,120,0.08333333333333333,0.0
2022-04-03T12:21:18,10,0,120,0.08333333333333333,0.0
2022-04-03T12:29:56,10,0,120,0.08333333333333333,0.0
2022-04-03T12:38:42,10,0,120,0.08333333333333333,0.0
2022-04-03T12:47:20,10,0,120,0.08333333333333333,0.0
2022-04-03T12:55:57,10,0,120,0.08333333333333333,0.0
2022-04-03T13:04:35,10,0,120,0.08333333333333333,0.0
2022-04-03T13:13:13,10,0,120,0.08333333333333333,0.0
2022-04-03T13:21:51,10,0,120,0.08333333333333333,0.0
2022-04-03T13:30:29,10,0,120,0.08333333333333333,0.0
2022-04-03T13:39:06,10,0,120,0.08333333333333333,0.0
2022-04-03T13:47:44,10,0,120,0.08333333333333333,0.0
2022-04-03T13:56:22,10,0,120,0.08333333333333333,0.0
2022-04-03T14:05:00,10,0,120,0.08333333333333333,0.0
2022-04-03T14:13:38,10,0,120,0.08333333333333333,0.0
2022-04-03T14:22:16,10,0,120,0.08333333333333333,0.0
2022-04-03T14:30:54,10,0,120,0.08333333333333333,0.0
2022-04-03T14:39:42,10,0,120,0.08333333333333333,0.0
2022-04-03T14:48:20,10,0,120,0.08333333333333333,0.0
2022-04-03T14:56:58,10,0,120,0.08333333333333333,0.0
2022-04-03T15:05:35,10,0,120,0.08333333333333333,0.0
2022-04-03T15:14:13,10,0,120,0.08333333333333333,0.0
2022-04-03T15:22:51,10,0,120,0.08333333333333333,0.0
2022-04-03T15:31:29,10,0,120,0.08333333333333333,0.0
2022-04-03T15:40:14,10,0,120,0.08333333333333333,0.0
2022-04-03T15:48:52,10,0,120,0.08333333333333333,0.0
2022-04-03T15:57:29,10,0,120,0.08333333333333333,0.0
2022-04-03T16:06:07,10,0,120,0.08333333333333333,0.0
2022-04-03T16:14:46,10,0,120,0.08333333333333333,0.0
2022-04-03T16:23:23,10,0,120,0.08333333333333333,0.0
2022-04-03T16:32:02,10,0,120,0.08333333333333333,0.0
2022-04-03T16:40:39,10,0,120,0.08333333333333333,0.0
2022-04-03T16:49:17,10,0,120,0.08333333333333333,0.0
2022-04-03T16:57:55,10,0,120,0.08333333333333333,0.0
2022-04-03T17:06:42,10,0,120,0.08333333333333333,0.0
2022-04-03T17:15:20,10,0,120,0.08333333333333333,0.0
2022-04-03T17:23:58,10,0,120,0.08333333333333333,0.0
2022-04-03T17:32:36,10,0,120,0.08333333333333333,0.0
2022-04-03T17:41:14,10,0,120,0.08333333333333333,0.0
2022-04-03T17:49:52,10,0,120,0.08333333333333333,0.0
2022-04-03T17:58:29,10,0,120,0.08333333333333333,0.0
2022-04-03T18:07:07,10,0,120,0.08333333333333333,0.0
2022-04-03T18:15:45,10,0,120,0.08333333333333333,0.0
2022-04-03T18:24:23,10,0,120,0.08333333333333333,0.0
2022-04-03T18:33:01,10,0,120,0.08333333333333333,0.0
2022-04-03T18:41:46,10,0,120,0.08333333333333333,0.0
2022-04-03T18:50:24,10,0,120,0.08333333333333333,0.0
2022-04-03T18:59:02,10,0,120,0.08333333333333333,0.0
2022-04-03T19:07:40,10,0,120,0.08333333333333333,0.0
2022-04-03T19:16:18,10,0,120,0.08333333333333333,0.0
2022-04-03T19:24:56,10,0,120,0.08333333333333333,0.0
2022-04-03T19:33:33,10,0,120,0.08333333333333333,0.0
2022-04-03T19:42:11,10,0,120,0.08333333333333333,0.0
2022-04-03T19:50:49,10,0,120,0.08333333333333333,0.0
2022-04-03T19:59:27,10,0,120,0.08333333333333333,0.0
2022-04-03T20:08:14,10,0,120,0.08333333333333333,0.0
2022-04-03T20:16:52,10,0,120,0.08333333333333333,0.0
2022-04-03T20:25:29,10,0,120,0.08333333333333333,0.0
2022-04-03T20:34:07,10,0,120,0.08333333333333333,0.0
2022-04-03T20:42:45,10,0,120,0.08333333333333333,0.0
2022-04-03T20:51:23,10,0,120,0.08333333333333333,0.0
2022-04-03T21:00:00,10,0,120,0.08333333333333333,0.0
2022-04-03T21:08:38,10,0,120,0.08333333333333333,0.0
2022-04-03T21:17:16,10,0,120,0.08333333333333333,0.0
2022-04-03T21:25:54,10,0,120,0.08333333333333333,0.0
2022-04-03T21:34:32,10,0,120,0.08333333333333333,0.0
2022-04-03T21:43:20,10,0,120,0.08333333333333333,0.0
2022-04-03T21:51:58,10,0,120,0.08333333333333333,0.0
2022-04-03T22:00:36,10,0,120,0.08333333333333333,0.0
2022-04-03T22:09:14,10,0,120,0.08333333333333333,0.0
2022-04-03T22:17:52,10,0,120,0.08333333333333333,0.0
2022-04-03T22:26:30,10,0,120,0.08333333333333333,0.0
2022-04-03T22:35:08,10,0,120,0.08333333333333333,0.0
2022-04-03T22:43:46,10,0,120,0.08333333333333333,0.0
2022-04-03T22:52:32,10,0,120,0.08333333333333333,0.0
2022-04-03T23:01:10,10,0,120,0.08333333333333333,0.0
2022-04-03T23:09:48,10,0,120,0.08333333333333333,0.0
2022-04-03T23:18:26,10,0,120,0.08333333333333333,0.0
2022-04-03T23:27:04,10,0,120,0.08333333333333333,0.0
2022-04-03T23:35:42,10,0,120,0.08333333333333333,0.0
2022-04-03T23:44:20,10,0,120,0.08333333333333333,0.0
2022-04-03T23:52:58,10,0,120,0.08333333333333333,0.0
2022-04-04T00:01:35,10,0,120,0.08333333333333333,0.0
2022-04-04T00:10:21,10,0,120,0.08333333333333333,0.0
2022-04-04T00:19:00,10,0,120,0.08333333333333333,0.0
2022-04-04T00:27:38,10,0,120,0.08333333333333333,0.0
2022-04-04T00:36:16,10,0,120,0.08333333333333333,0.0
2022-04-04T00:44:54,10,0,120,0.08333333333333333,0.0
2022-04-04T00:53:32,10,0,120,0.08333333333333333,0.0
2022-04-04T01:02:10,10,0,120,0.08333333333333333,0.0
2022-04-04T01:10:48,10,0,120,0.08333333333333333,0.0
2022-04-04T01:19:27,10,0,120,0.08333333333333333,0.0
2022-04-04T01:28:05,10,0,120,0.08333333333333333,0.0
2022-04-04T01:36:44,10,0,120,0.08333333333333333,0.0
2022-04-04T01:45:22,10,0,120,0.08333333333333333,0.0
2022-04-04T01:54:09,10,0,120,0.08333333333333333,0.0
2022-04-04T02:02:47,10,0,120,0.08333333333333333,0.0
2022-04-04T02:11:25,10,0,120,0.08333333333333333,0.0
2022-04-04T02:20:04,10,0,120,0.08333333333333333,0.0
2022-04-04T02:28:42,10,0,120,0.08333333333333333,0.0
2022-04-04T02:37:20,10,0,120,0.08333333333333333,0.0
2022-04-04T02:45:58,10,0,120,0.08333333333333333,0.0
2022-04-04T02:54:36,10,0,120,0.08333333333333333,0.0
2022-04-04T03:03:14,10,0,120,0.08333333333333333,0.0
2022-04-04T03:11:52,10,0,120,0.08333333333333333,0.0
2022-04-04T03:20:30,10,0,120,0.08333333333333333,0.0
2022-04-04T03:29:08,10,0,120,0.08333333333333333,0.0
2022-04-04T03:37:46,10,0,120,0.08333333333333333,0.0
2022-04-04T03:46:35,10,0,120,0.08333333333333333,0.0
2022-04-04T03:55:14,10,0,120,0.08333333333333333,0.0
2022-04-04T04:03:52,10,0,120,0.08333333333333333,0.0
2022-04-04T04:30:41,10,0,120,0.08333333333333333,0.0
2022-04-04T04:39:20,10,0,120,0.08333333333333333,0.0
2022-04-04T04:48:00,10,0,120,0.08333333333333333,0.0
2022-04-04T04:56:38,10,0,120,0.08333333333333333,0.0
2022-04-04T05:05:18,10,0,120,0.08333333333333333,0.0
2022-04-04T05:13:57,10,0,120,0.08333333333333333,0.0
2022-04-04T05:22:36,10,0,120,0.08333333333333333,0.0
2022-04-04T05:31:14,10,0,120,0.08333333333333333,0.0
2022-04-04T05:39:53,10,0,120,0.08333333333333333,0.0
2022-04-04T05:48:31,10,0,120,0.08333333333333333,0.0
2022-04-04T05:57:09,10,0,120,0.08333333333333333,0.0
2022-04-04T06:05:48,10,0,120,0.08333333333333333,0.0
2022-04-04T06:14:26,10,0,120,0.08333333333333333,0.0
2022-04-04T06:23:05,10,0,120,0.08333333333333333,0.0
2022-04-04T06:31:43,10,0,120,0.08333333333333333,0.0
2022-04-04T06:40:23,10,0,120,0.08333333333333333,0.0
2022-04-04T06:49:01,10,0,120,0.08333333333333333,0.0
2022-04-04T06:57:39,10,0,120,0.08333333333333333,0.0
2022-04-04T07:06:16,10,0,120,0.08333333333333333,0.0
2022-04-04T07:14:54,10,0,120,0.08333333333333333,0.0
2022-04-04T07:23:32,10,0,120,0.08333333333333333,0.0
2022-04-04T07:32:10,10,0,120,0.08333333333333333,0.0
2022-04-04T07:40:48,10,0,120,0.08333333333333333,0.0
2022-04-04T07:49:36,10,0,120,0.08333333333333333,0.0
2022-04-04T07:58:14,10,0,120,0.08333333333333333,0.0
2022-04-04T08:06:52,10,0,120,0.08333333333333333,0.0
2022-04-04T08:15:30,10,0,120,0.08333333333333333,0.0
2022-04-04T08:24:08,10,0,120,0.08333333333333333,0.0
2022-04-04T08:32:46,10,0,120,0.08333333333333333,0.0
2022-04-04T08:41:24,10,0,120,0.08333333333333333,0.0
2022-04-04T08:50:02,10,0,120,0.08333333333333333,0.0
2022-04-04T08:58:40,10,0,120,0.08333333333333333,0.0
2022-04-04T09:07:18,10,0,120,0.08333333333333333,0.0
2022-04-04T09:16:06,10,0,120,0.08333333333333333,0.0
2022-04-04T09:24:45,10,0,120,0.08333333333333333,0.0
2022-04-04T09:33:23,10,0,120,0.08333333333333333,0.0
2022-04-04T09:42:01,10,0,120,0.08333333333333333,0.0
2022-04-04T09:50:39,10,0,120,0.08333333333333333,0.0
2022-04-04T09:59:17,10,0,120,0.08333333333333333,0.0
2022-04-04T10:07:55,10,0,120,0.08333333333333333,0.0
2022-04-04T10:16:46,10,0,120,0.08333333333333333,0.0
2022-04-04T10:25:24,10,0,120,0.08333333333333333,0.0
2022-04-04T10:34:02,10,0,120,0.08333333333333333,0.0
2022-04-04T10:42:40,10,0,120,0.08333333333333333,0.0
2022-04-04T10:51:18,10,0,120,0.08333333333333333,0.0
2022-04-04T11:00:07,10,0,120,0.08333333333333333,0.0
2022-04-04T11:08:45,10,0,120,0.08333333333333333,0.0
2022-04-04T11:17:25,10,0,120,0.08333333333333333,0.0
2022-04-04T11:26:03,10,0,120,0.08333333333333333,0.0
2022-04-04T11:34:44,10,0,120,0.08333333333333333,0.0
2022-04-04T11:43:22,10,0,120,0.08333333333333333,0.0
2022-04-04T11:52:10,10,0,120,0.08333333333333333,0.0
2022-04-04T12:00:49,10,0,120,0.08333333333333333,0.0
2022-04-04T12:09:27,10,0,120,0.08333333333333333,0.0
2022-04-04T12:18:05,10,0,120,0.08333333333333333,0.0
2022-04-04T12:26:43,10,0,120,0.08333333333333333,0.0
2022-04-04T12:35:31,10,0,120,0.08333333333333333,0.0
2022-04-04T12:44:09,10,0,120,0.08333333333333333,0.0
2022-04-04T12:52:47,10,0,120,0.08333333333333333,0.0
2022-04-04T13:01:25,10,0,120,0.08333333333333333,0.0
2022-04-04T13:10:03,11,0,120,0.09166666666666666,0.0
2022-04-04T13:18:42,11,0,120,0.09166666666666666,0.0
2022-04-04T13:27:27,11,0,120,0.09166666666666666,0.0
2022-04-04T13:36:05,11,0,120,0.09166666666666666,0.0
2022-04-04T13:44:43,11,0,120,0.09166666666666666,0.0
2022-04-04T13:53:22,11,0,120,0.09166666666666666,0.0
2022-04-04T14:02:00,11,0,120,0.09166666666666666,0.0
2022-04-04T14:10:49,11,0,120,0.09166666666666666,0.0
2022-04-04T14:19:28,11,0,120,0.09166666666666666,0.0
2022-04-04T14:28:06,12,0,120,0.1,0.0
2022-04-04T14:36:44,12,0,120,0.1,0.0
2022-04-04T14:45:22,12,0,120,0.1,0.0
2022-04-04T14:54:12,12,0,120,0.1,0.0
2022-04-04T15:02:51,12,0,120,0.1,0.0
2022-04-04T15:11:29,12,0,120,0.1,0.0
2022-04-04T15:20:07,10,0,120,0.08333333333333333,0.0
2022-04-04T15:28:45,10,0,120,0.08333333333333333,0.0
2022-04-04T15:37:34,10,0,120,0.08333333333333333,0.0
2022-04-04T15:46:12,10,0,120,0.08333333333333333,0.0
2022-04-04T15:54:50,10,0,120,0.08333333333333333,0.0
2022-04-04T16:03:28,10,0,120,0.08333333333333333,0.0
2022-04-04T16:12:06,10,0,120,0.08333333333333333,0.0
2022-04-04T16:20:53,10,0,120,0.08333333333333333,0.0
2022-04-04T16:29:31,10,0,120,0.08333333333333333,0.0
2022-04-04T16:38:09,10,0,120,0.08333333333333333,0.0
2022-04-04T16:46:47,10,0,120,0.08333333333333333,0.0
2022-04-04T16:55:25,10,0,120,0.08333333333333333,0.0
2022-04-04T17:04:13,10,0,120,0.08333333333333333,0.0
2022-04-04T17:12:51,10,0,120,0.08333333333333333,0.0
2022-04-04T17:21:29,10,0,120,0.08333333333333333,0.0
2022-04-04T17:30:07,10,0,120,0.08333333333333333,0.0
2022-04-04T17:38:45,10,0,120,0.08333333333333333,0.0
2022-04-04T17:47:23,10,0,120,0.08333333333333333,0.0
2022-04-04T17:56:03,10,0,120,0.08333333333333333,0.0
2022-04-04T18:04:52,10,0,120,0.08333333333333333,0.0
2022-04-04T18:13:30,10,0,120,0.08333333333333333,0.0
2022-04-04T18:22:08,10,0,120,0.08333333333333333,0.0
2022-04-04T18:30:46,10,0,120,0.08333333333333333,0.0
2022-04-04T18:39:35,10,0,120,0.08333333333333333,0.0
2022-04-04T18:48:12,10,0,120,0.08333333333333333,0.0
2022-04-04T18:56:50,10,0,120,0.08333333333333333,0.0
2022-04-04T19:05:28,10,0,120,0.08333333333333333,0.0
2022-04-04T19:14:06,10,0,120,0.08333333333333333,0.0
2022-04-04T19:22:44,10,0,120,0.08333333333333333,0.0
2022-04-04T19:31:22,10,0,120,0.08333333333333333,0.0
2022-04-04T19:40:08,10,0,120,0.08333333333333333,0.0
2022-04-04T19:48:46,10,0,120,0.08333333333333333,0.0
2022-04-04T19:57:24,10,0,120,0.08333333333333333,0.0
2022-04-04T20:06:02,10,0,120,0.08333333333333333,0.0
2022-04-04T20:14:39,10,0,120,0.08333333333333333,0.0
2022-04-04T20:23:17,10,0,120,0.08333333333333333,0.0
2022-04-04T20:31:55,10,0,120,0.08333333333333333,0.0
2022-04-04T20:40:33,10,0,120,0.08333333333333333,0.0
2022-04-04T20:49:11,10,0,120,0.08333333333333333,0.0
2022-04-04T20:57:49,10,0,120,0.08333333333333333,0.0
2022-04-04T21:06:35,10,0,120,0.08333333333333333,0.0
2022-04-04T21:15:13,10,0,120,0.08333333333333333,0.0
2022-04-04T21:23:51,10,0,120,0.08333333333333333,0.0
2022-04-04T21:32:29,10,0,120,0.08333333333333333,0.0
2022-04-04T21:41:07,10,0,120,0.08333333333333333,0.0
2022-04-04T21:49:45,10,0,120,0.08333333333333333,0.0
2022-04-04T21:58:23,10,0,120,0.08333333333333333,0.0
2022-04-04T22:07:01,10,0,120,0.08333333333333333,0.0
2022-04-04T22:15:48,10,0,120,0.08333333333333333,0.0
2022-04-04T22:24:27,10,0,120,0.08333333333333333,0.0
2022-04-04T22:33:06,10,0,120,0.08333333333333333,0.0
2022-04-04T22:41:45,10,0,120,0.08333333333333333,0.0
2022-04-04T22:50:23,10,0,120,0.08333333333333333,0.0
2022-04-04T22:59:02,10,0,120,0.08333333333333333,0.0
2022-04-04T23:07:40,10,0,120,0.08333333333333333,0.0
2022-04-04T23:16:19,10,0,120,0.08333333333333333,0.0
2022-04-04T23:24:58,10,0,120,0.08333333333333333,0.0
2022-04-04T23:33:45,10,0,120,0.08333333333333333,0.0
2022-04-04T23:42:23,10,0,120,0.08333333333333333,0.0
2022-04-04T23:51:01,10,0,120,0.08333333333333333,0.0
2022-04-04T23:59:39,10,0,120,0.08333333333333333,0.0
2022-04-05T00:08:17,10,0,120,0.08333333333333333,0.0
2022-04-05T00:16:55,10,0,120,0.08333333333333333,0.0
2022-04-05T00:25:34,10,0,120,0.08333333333333333,0.0
2022-04-05T00:34:11,10,0,120,0.08333333333333333,0.0
2022-04-05T00:42:50,10,0,120,0.08333333333333333,0.0
2022-04-05T00:51:28,10,0,120,0.08333333333333333,0.0
2022-04-05T01:00:19,10,0,120,0.08333333333333333,0.0
2022-04-05T01:08:57,10,0,120,0.08333333333333333,0.0
2022-04-05T01:17:35,10,0,120,0.08333333333333333,0.0
2022-04-05T01:26:13,10,0,120,0.08333333333333333,0.0
2022-04-05T01:34:51,10,0,120,0.08333333333333333,0.0
2022-04-05T01:43:29,10,0,120,0.08333333333333333,0.0
2022-04-05T01:52:07,10,0,120,0.08333333333333333,0.0
2022-04-05T02:00:45,10,0,120,0.08333333333333333,0.0
2022-04-05T02:09:23,10,0,120,0.08333333333333333,0.0
2022-04-05T02:18:01,10,0,120,0.08333333333333333,0.0
2022-04-05T02:26:39,10,0,120,0.08333333333333333,0.0
2022-04-05T02:35:17,10,0,120,0.08333333333333333,0.0
2022-04-05T02:43:55,10,0,120,0.08333333333333333,0.0
2022-04-05T02:52:33,10,0,120,0.08333333333333333,0.0
2022-04-05T03:01:10,10,0,120,0.08333333333333333,0.0
2022-04-05T03:09:48,10,0,120,0.08333333333333333,0.0
2022-04-05T03:18:26,10,0,120,0.08333333333333333,0.0
2022-04-05T03:27:05,10,0,120,0.08333333333333333,0.0
2022-04-05T03:35:43,10,0,120,0.08333333333333333,0.0
2022-04-05T03:44:21,10,0,120,0.08333333333333333,0.0
2022-04-05T03:52:59,10,0,120,0.08333333333333333,0.0
2022-04-05T04:01:38,14,0,120,0.11666666666666667,0.0
2022-04-05T04:12:25,14,0,120,0.11666666666666667,0.0
