time,enrolled,available,waitlisted,total
2022-05-18T04:29:55,0,32,0,32
2022-05-18T04:40:29,0,32,0,32
2022-05-18T04:50:39,0,32,0,32
2022-05-18T05:00:49,0,32,0,32
2022-05-18T05:11:00,0,32,0,32
2022-05-18T05:21:10,0,32,0,32
2022-05-18T05:31:22,0,32,0,32
2022-05-18T05:41:32,0,32,0,32
2022-05-18T05:51:42,0,32,0,32
2022-05-18T06:01:53,0,32,0,32
2022-05-18T06:12:04,0,32,0,32
2022-05-18T06:22:12,0,32,0,32
2022-05-18T06:32:21,0,32,0,32
2022-05-18T06:42:28,0,32,0,32
2022-05-18T06:52:36,0,32,0,32
2022-05-18T07:02:44,0,32,0,32
2022-05-18T07:12:53,0,32,0,32
2022-05-18T07:23:00,0,32,0,32
2022-05-18T07:33:08,0,32,0,32
2022-05-18T07:43:16,0,32,0,32
2022-05-18T07:53:24,0,32,0,32
2022-05-18T08:03:32,0,32,0,32
2022-05-18T08:13:40,0,32,0,32
2022-05-18T08:23:48,0,32,0,32
2022-05-18T08:33:57,0,32,0,32
2022-05-18T08:44:07,0,32,0,32
2022-05-18T08:54:16,0,32,0,32
2022-05-18T09:04:25,0,32,0,32
2022-05-18T09:14:46,0,32,0,32
2022-05-18T09:24:55,0,32,0,32
2022-05-18T09:35:04,0,32,0,32
2022-05-18T09:45:13,0,32,0,32
2022-05-18T09:55:23,0,32,0,32
2022-05-18T10:05:35,0,32,0,32
2022-05-18T10:15:46,0,32,0,32
2022-05-18T10:25:57,0,32,0,32
2022-05-18T10:36:07,0,32,0,32
2022-05-18T10:46:29,0,32,0,32
2022-05-18T10:56:39,0,32,0,32
2022-05-18T11:06:50,0,32,0,32
2022-05-18T11:16:59,0,32,0,32
2022-05-18T11:27:08,0,32,0,32
2022-05-18T11:37:17,0,32,0,32
2022-05-18T11:47:26,0,32,0,32
2022-05-18T11:57:45,0,32,0,32
2022-05-18T12:07:53,0,32,0,32
2022-05-18T12:18:02,0,32,0,32
2022-05-18T12:28:12,0,32,0,32
2022-05-18T12:38:22,0,32,0,32
2022-05-18T12:48:32,0,32,0,32
2022-05-18T12:58:43,0,32,0,32
2022-05-18T13:08:53,0,32,0,32
2022-05-18T13:19:14,0,32,0,32
2022-05-18T13:29:24,0,32,0,32
2022-05-18T13:39:35,0,32,0,32
2022-05-18T13:49:45,0,32,0,32
2022-05-18T13:59:56,0,32,0,32
2022-05-18T14:10:07,0,32,0,32
2022-05-18T14:20:17,0,32,0,32
2022-05-18T14:30:39,0,32,0,32
2022-05-18T14:40:49,0,32,0,32
2022-05-18T14:50:59,0,32,0,32
2022-05-18T15:01:10,0,32,0,32
2022-05-18T15:11:22,0,32,0,32
2022-05-18T15:21:33,0,32,0,32
2022-05-18T15:31:43,0,32,0,32
2022-05-18T15:42:04,0,32,0,32
2022-05-18T15:52:15,0,32,0,32
2022-05-18T16:02:26,0,32,0,32
2022-05-18T16:12:37,0,32,0,32
2022-05-18T16:22:48,0,32,0,32
2022-05-18T16:32:58,0,32,0,32
2022-05-18T16:43:08,0,32,0,32
2022-05-18T16:53:17,0,32,0,32
2022-05-18T17:03:38,0,32,0,32
2022-05-18T17:13:48,0,32,0,32
2022-05-18T17:23:58,0,32,0,32
2022-05-18T17:34:07,0,32,0,32
2022-05-18T17:44:16,0,32,0,32
2022-05-18T17:54:25,0,32,0,32
2022-05-18T18:04:35,0,32,0,32
2022-05-18T18:14:44,0,32,0,32
2022-05-18T18:24:55,0,32,0,32
2022-05-18T18:35:15,0,32,0,32
2022-05-18T18:45:24,0,32,0,32
2022-05-18T18:55:32,0,32,0,32
2022-05-18T19:05:42,0,32,0,32
2022-05-18T19:15:50,0,32,0,32
2022-05-18T19:26:00,0,32,0,32
2022-05-18T19:36:09,0,32,0,32
2022-05-18T19:46:18,0,32,0,32
2022-05-18T19:56:27,0,32,0,32
2022-05-18T20:06:36,0,32,0,32
2022-05-18T20:16:56,0,32,0,32
2022-05-18T20:27:04,0,32,0,32
2022-05-18T20:37:13,0,32,0,32
2022-05-18T20:47:22,0,32,0,32
2022-05-18T20:57:30,0,32,0,32
2022-05-18T21:07:41,0,32,0,32
2022-05-18T21:17:50,0,32,0,32
2022-05-18T21:27:59,0,32,0,32
2022-05-18T21:38:08,0,32,0,32
2022-05-18T21:48:17,0,32,0,32
2022-05-18T21:58:35,0,32,0,32
2022-05-18T22:08:45,0,32,0,32
2022-05-18T22:18:53,0,32,0,32
2022-05-18T22:29:02,0,32,0,32
2022-05-18T22:39:12,0,32,0,32
2022-05-18T22:49:20,0,32,0,32
2022-05-18T22:59:29,0,32,0,32
2022-05-18T23:09:39,0,32,0,32
2022-05-18T23:19:49,0,32,0,32
2022-05-18T23:30:12,0,32,0,32
2022-05-18T23:40:22,0,32,0,32
2022-05-18T23:50:30,0,32,0,32
2022-05-19T00:00:39,0,32,0,32
2022-05-19T00:10:51,0,32,0,32
2022-05-19T00:21:04,0,32,0,32
2022-05-19T00:31:18,0,32,0,32
2022-05-19T00:41:33,0,32,0,32
2022-05-19T00:51:44,0,32,0,32
2022-05-19T01:01:54,0,32,0,32
2022-05-19T01:12:04,0,32,0,32
2022-05-19T01:22:14,0,32,0,32
2022-05-19T01:32:23,0,32,0,32
2022-05-19T01:42:33,0,32,0,32
2022-05-19T01:52:43,0,32,0,32
2022-05-19T02:03:03,0,32,0,32
2022-05-19T02:13:13,0,32,0,32
2022-05-19T02:23:22,0,32,0,32
2022-05-19T02:33:30,0,32,0,32
2022-05-19T02:43:38,0,32,0,32
2022-05-19T02:53:46,0,32,0,32
2022-05-19T03:03:54,0,32,0,32
2022-05-19T03:14:05,0,32,0,32
2022-05-19T03:24:25,0,32,0,32
2022-05-19T03:34:36,0,32,0,32
2022-05-19T03:44:47,0,32,0,32
2022-05-19T03:54:57,0,32,0,32
2022-05-19T04:05:08,0,32,0,32
2022-05-19T04:21:05,0,32,0,32
2022-05-19T04:32:27,0,32,0,32
2022-05-19T04:42:53,0,32,0,32
2022-05-19T04:53:06,0,32,0,32
2022-05-19T05:03:18,0,32,0,32
2022-05-19T05:13:29,0,32,0,32
2022-05-19T05:23:40,0,32,0,32
2022-05-19T05:33:51,0,32,0,32
2022-05-19T05:44:01,0,32,0,32
2022-05-19T05:54:12,0,32,0,32
2022-05-19T06:04:23,0,32,0,32
2022-05-19T06:14:34,0,32,0,32
2022-05-19T06:24:45,0,32,0,32
2022-05-19T06:34:56,0,32,0,32
2022-05-19T06:45:07,0,32,0,32
2022-05-19T06:55:17,0,32,0,32
2022-05-19T07:05:32,0,32,0,32
2022-05-19T07:15:42,0,32,0,32
2022-05-19T07:25:52,0,32,0,32
2022-05-19T07:36:01,0,32,0,32
2022-05-19T07:46:10,0,32,0,32
2022-05-19T07:56:20,0,32,0,32
2022-05-19T08:06:29,0,32,0,32
2022-05-19T08:16:38,0,32,0,32
2022-05-19T08:26:47,0,32,0,32
2022-05-19T08:36:57,0,32,0,32
2022-05-19T08:47:09,0,32,0,32
2022-05-19T08:57:18,0,32,0,32
2022-05-19T09:07:46,0,32,0,32
2022-05-19T09:17:56,0,32,0,32
2022-05-19T09:28:06,0,32,0,32
2022-05-19T09:38:17,0,32,0,32
2022-05-19T09:48:29,0,32,0,32
2022-05-19T09:58:40,0,32,0,32
2022-05-19T10:08:52,0,32,0,32
2022-05-19T10:19:03,0,32,0,32
2022-05-19T10:29:15,0,32,0,32
2022-05-19T10:39:32,0,32,0,32
2022-05-19T10:49:45,0,32,0,32
2022-05-19T10:59:58,0,32,0,32
2022-05-19T11:10:12,0,32,0,32
2022-05-19T11:20:38,0,32,0,32
2022-05-19T11:30:50,0,32,0,32
2022-05-19T11:41:02,0,32,0,32
2022-05-19T11:51:15,0,32,0,32
2022-05-19T12:01:26,0,32,0,32
2022-05-19T12:11:38,0,32,0,32
2022-05-19T12:21:50,0,32,0,32
2022-05-19T12:32:02,0,32,0,32
2022-05-19T12:42:35,0,32,0,32
2022-05-19T12:52:49,0,32,0,32
2022-05-19T13:03:03,0,32,0,32
2022-05-19T13:13:18,0,32,0,32
2022-05-19T13:23:32,0,32,0,32
2022-05-19T13:33:46,0,32,0,32
2022-05-19T13:44:01,0,32,0,32
2022-05-19T13:54:26,0,32,0,32
2022-05-19T14:04:41,0,32,0,32
2022-05-19T14:14:57,0,32,0,32
2022-05-19T14:25:12,0,32,0,32
2022-05-19T14:35:29,0,32,0,32
2022-05-19T14:45:46,0,32,0,32
2022-05-19T14:56:03,0,32,0,32
2022-05-19T15:06:39,0,32,0,32
2022-05-19T15:16:56,0,32,0,32
2022-05-19T15:27:14,0,32,0,32
2022-05-19T15:37:32,0,32,0,32
2022-05-19T15:47:51,0,32,0,32
2022-05-19T15:58:09,0,32,0,32
2022-05-19T16:08:27,0,32,0,32
2022-05-19T16:18:45,0,32,0,32
2022-05-19T16:29:04,0,32,0,32
2022-05-19T16:39:34,0,32,0,32
2022-05-19T16:49:51,0,32,0,32
2022-05-19T17:00:09,0,32,0,32
2022-05-19T17:10:26,0,32,0,32
2022-05-19T17:20:43,0,32,0,32
2022-05-19T17:30:59,0,32,0,32
2022-05-19T17:41:16,0,32,0,32
2022-05-19T17:51:31,0,32,0,32
2022-05-19T18:02:07,0,32,0,32
2022-05-19T18:12:22,0,32,0,32
2022-05-19T18:22:37,0,32,0,32
2022-05-19T18:32:53,0,32,0,32
2022-05-19T18:43:08,0,32,0,32
2022-05-19T18:53:25,0,32,0,32
2022-05-19T19:03:48,0,32,0,32
2022-05-19T19:14:15,0,32,0,32
2022-05-19T19:24:52,0,32,0,32
2022-05-19T19:35:21,0,32,0,32
2022-05-19T19:45:50,0,32,0,32
2022-05-19T19:56:14,0,32,0,32
2022-05-19T20:06:42,0,32,0,32
2022-05-19T20:17:05,0,32,0,32
2022-05-19T20:27:33,0,32,0,32
2022-05-19T20:37:50,0,32,0,32
2022-05-19T20:48:09,0,32,0,32
2022-05-19T20:58:32,0,32,0,32
2022-05-19T21:08:55,0,32,0,32
2022-05-19T21:19:18,0,32,0,32
2022-05-19T21:29:40,0,32,0,32
2022-05-19T21:40:03,0,32,0,32
2022-05-19T21:50:25,0,32,0,32
2022-05-19T22:00:58,0,32,0,32
2022-05-19T22:11:20,0,32,0,32
2022-05-19T22:21:39,0,32,0,32
2022-05-19T22:31:57,0,32,0,32
2022-05-19T22:42:15,0,32,0,32
2022-05-19T22:52:29,0,32,0,32
2022-05-19T23:02:44,0,32,0,32
2022-05-19T23:12:58,0,32,0,32
2022-05-19T23:23:15,0,32,0,32
2022-05-19T23:33:53,0,32,0,32
2022-05-19T23:44:08,0,32,0,32
2022-05-19T23:54:22,0,32,0,32
2022-05-20T00:04:39,0,32,0,32
2022-05-20T00:14:59,0,32,0,32
2022-05-20T00:25:14,0,32,0,32
2022-05-20T00:35:29,0,32,0,32
2022-05-20T00:45:45,0,32,0,32
2022-05-20T00:56:01,0,32,0,32
2022-05-20T01:06:18,0,32,0,32
2022-05-20T01:16:34,0,32,0,32
2022-05-20T01:27:00,0,32,0,32
2022-05-20T01:37:14,0,32,0,32
2022-05-20T01:47:28,0,32,0,32
2022-05-20T01:57:44,0,32,0,32
2022-05-20T02:07:58,0,32,0,32
2022-05-20T02:18:14,0,32,0,32
2022-05-20T02:28:37,0,32,0,32
2022-05-20T02:38:53,0,32,0,32
2022-05-20T02:49:07,0,32,0,32
2022-05-20T02:59:22,0,32,0,32
2022-05-20T03:09:36,0,32,0,32
2022-05-20T03:19:50,0,32,0,32
2022-05-20T03:30:04,0,32,0,32
2022-05-20T03:40:19,0,32,0,32
2022-05-20T03:50:35,0,32,0,32
2022-05-20T04:00:50,0,32,0,32
2022-05-20T04:26:30,0,32,0,32
2022-05-20T04:37:10,0,32,0,32
2022-05-20T04:47:26,0,32,0,32
2022-05-20T04:57:42,0,32,0,32
2022-05-20T05:07:59,0,32,0,32
2022-05-20T05:18:14,0,32,0,32
2022-05-20T05:28:29,0,32,0,32
2022-05-20T05:38:45,0,32,0,32
2022-05-20T05:49:01,0,32,0,32
2022-05-20T05:59:17,0,32,0,32
2022-05-20T06:09:32,0,32,0,32
2022-05-20T06:19:46,0,32,0,32
2022-05-20T06:30:03,0,32,0,32
2022-05-20T06:40:17,0,32,0,32
2022-05-20T06:50:30,0,32,0,32
2022-05-20T07:00:47,0,32,0,32
2022-05-20T07:11:00,0,32,0,32
2022-05-20T07:21:14,0,32,0,32
2022-05-20T07:31:28,0,32,0,32
2022-05-20T07:41:42,0,32,0,32
2022-05-20T07:51:56,0,32,0,32
2022-05-20T08:02:10,0,32,0,32
2022-05-20T08:12:24,0,32,0,32
2022-05-20T08:22:39,0,32,0,32
2022-05-20T08:32:55,0,32,0,32
2022-05-20T08:43:09,0,32,0,32
2022-05-20T08:53:23,0,32,0,32
2022-05-20T09:03:39,0,32,0,32
2022-05-20T09:14:07,0,32,0,32
2022-05-20T09:24:22,0,32,0,32
2022-05-20T09:34:38,0,32,0,32
2022-05-20T09:44:54,0,32,0,32
2022-05-20T09:55:10,0,32,0,32
2022-05-20T10:05:27,0,32,0,32
2022-05-20T10:15:43,0,32,0,32
2022-05-20T10:25:58,0,32,0,32
2022-05-20T10:36:14,0,32,0,32
2022-05-20T10:46:30,0,32,0,32
2022-05-20T10:56:59,0,32,0,32
2022-05-20T11:07:15,0,32,0,32
2022-05-20T11:17:32,0,32,0,32
2022-05-20T11:27:47,0,32,0,32
2022-05-20T11:38:03,0,32,0,32
2022-05-20T11:48:20,0,32,0,32
2022-05-20T11:58:49,0,32,0,32
2022-05-20T12:09:05,0,32,0,32
2022-05-20T12:19:20,1,31,0,32
2022-05-20T12:29:35,1,31,0,32
2022-05-20T12:39:50,1,31,0,32
2022-05-20T12:50:06,1,31,0,32
2022-05-20T13:00:22,1,31,0,32
2022-05-20T13:10:49,1,31,0,32
2022-05-20T13:21:06,1,31,0,32
2022-05-20T13:31:22,1,31,0,32
2022-05-20T13:41:39,1,31,0,32
2022-05-20T13:51:54,1,31,0,32
2022-05-20T14:02:10,1,31,0,32
2022-05-20T14:12:36,1,31,0,32
2022-05-20T14:22:52,1,31,0,32
2022-05-20T14:33:08,1,31,0,32
2022-05-20T14:43:23,1,31,0,32
2022-05-20T14:53:38,1,31,0,32
2022-05-20T15:03:54,1,31,0,32
2022-05-20T15:14:20,1,31,0,32
2022-05-20T15:24:35,1,31,0,32
2022-05-20T15:34:50,1,31,0,32
2022-05-20T15:45:06,1,31,0,32
2022-05-20T15:55:20,1,31,0,32
2022-05-20T16:05:35,1,31,0,32
2022-05-20T16:15:50,1,31,0,32
2022-05-20T16:26:16,1,31,0,32
2022-05-20T16:36:30,1,31,0,32
2022-05-20T16:46:44,1,31,0,32
2022-05-20T16:56:59,1,31,0,32
2022-05-20T17:07:13,1,31,0,32
2022-05-20T17:17:27,1,31,0,32
2022-05-20T17:27:41,1,31,0,32
2022-05-20T17:37:55,1,31,0,32
2022-05-20T17:48:09,1,31,0,32
2022-05-20T17:58:23,1,31,0,32
2022-05-20T18:08:37,1,31,0,32
2022-05-20T18:19:00,1,31,0,32
2022-05-20T18:29:13,1,31,0,32
2022-05-20T18:39:27,1,31,0,32
2022-05-20T18:49:40,1,31,0,32
2022-05-20T18:59:54,1,31,0,32
2022-05-20T19:10:08,1,31,0,32
2022-05-20T19:20:22,1,31,0,32
2022-05-20T19:30:35,1,31,0,32
2022-05-20T19:40:50,1,31,0,32
2022-05-20T19:51:04,1,31,0,32
2022-05-20T20:01:27,1,31,0,32
2022-05-20T20:11:41,1,31,0,32
2022-05-20T20:21:54,1,31,0,32
2022-05-20T20:32:08,1,31,0,32
2022-05-20T20:42:21,1,31,0,32
2022-05-20T20:52:35,1,31,0,32
2022-05-20T21:02:49,1,31,0,32
2022-05-20T21:13:02,1,31,0,32
2022-05-20T21:23:16,1,31,0,32
2022-05-20T21:33:40,1,31,0,32
2022-05-20T21:43:54,1,31,0,32
2022-05-20T21:54:07,1,31,0,32
2022-05-20T22:04:22,1,31,0,32
2022-05-20T22:14:35,1,31,0,32
2022-05-20T22:24:50,1,31,0,32
2022-05-20T22:35:04,1,31,0,32
2022-05-20T22:45:17,1,31,0,32
2022-05-20T22:55:31,1,31,0,32
2022-05-20T23:05:45,1,31,0,32
2022-05-20T23:16:10,1,31,0,32
2022-05-20T23:26:23,1,31,0,32
2022-05-20T23:36:37,1,31,0,32
2022-05-20T23:46:50,1,31,0,32
2022-05-20T23:57:04,1,31,0,32
2022-05-21T00:07:19,1,31,0,32
2022-05-21T00:17:35,1,31,0,32
2022-05-21T00:27:51,1,31,0,32
2022-05-21T00:38:07,1,31,0,32
2022-05-21T00:48:23,1,31,0,32
2022-05-21T00:58:38,1,31,0,32
2022-05-21T01:08:53,1,31,0,32
2022-05-21T01:19:09,1,31,0,32
2022-05-21T01:29:23,1,31,0,32
2022-05-21T01:39:39,1,31,0,32
2022-05-21T01:49:54,1,31,0,32
2022-05-21T02:00:18,1,31,0,32
2022-05-21T02:10:32,1,31,0,32
2022-05-21T02:20:46,1,31,0,32
2022-05-21T02:30:59,1,31,0,32
2022-05-21T02:41:12,1,31,0,32
2022-05-21T02:51:25,1,31,0,32
2022-05-21T03:01:37,1,31,0,32
2022-05-21T03:11:52,1,31,0,32
2022-05-21T03:22:11,1,31,0,32
2022-05-21T03:32:26,1,31,0,32
2022-05-21T03:42:42,1,31,0,32
2022-05-21T03:52:57,1,31,0,32
2022-05-21T04:03:12,1,31,0,32
2022-05-21T04:18:31,1,31,0,32
2022-05-21T04:28:49,1,31,0,32
2022-05-21T04:40:29,1,31,0,32
2022-05-21T04:50:45,1,31,0,32
2022-05-21T05:01:01,1,31,0,32
2022-05-21T05:11:16,1,31,0,32
2022-05-21T05:21:32,1,31,0,32
2022-05-21T05:31:48,1,31,0,32
2022-05-21T05:42:04,1,31,0,32
2022-05-21T05:52:20,1,31,0,32
2022-05-21T06:02:35,1,31,0,32
2022-05-21T06:12:50,1,31,0,32
2022-05-21T06:23:07,1,31,0,32
2022-05-21T06:33:22,1,31,0,32
2022-05-21T06:43:38,1,31,0,32
2022-05-21T06:53:53,1,31,0,32
2022-05-21T07:04:08,1,31,0,32
2022-05-21T07:14:24,1,31,0,32
2022-05-21T07:24:39,1,31,0,32
2022-05-21T07:34:54,1,31,0,32
2022-05-21T07:45:09,1,31,0,32
2022-05-21T07:55:23,1,31,0,32
2022-05-21T08:05:38,1,31,0,32
2022-05-21T08:15:55,1,31,0,32
2022-05-21T08:26:09,1,31,0,32
2022-05-21T08:36:24,1,31,0,32
2022-05-21T08:47:01,1,31,0,32
2022-05-21T08:57:15,1,31,0,32
2022-05-21T09:07:28,1,31,0,32
2022-05-21T09:17:41,1,31,0,32
2022-05-21T09:27:54,1,31,0,32
2022-05-21T09:38:07,1,31,0,32
2022-05-21T09:48:20,1,31,0,32
2022-05-21T09:58:34,1,31,0,32
2022-05-21T10:08:47,1,31,0,32
2022-05-21T10:19:00,1,31,0,32
2022-05-21T10:29:13,1,31,0,32
2022-05-21T10:39:26,1,31,0,32
2022-05-21T10:49:40,1,31,0,32
2022-05-21T10:59:53,1,31,0,32
2022-05-21T11:10:07,1,31,0,32
2022-05-21T11:20:31,1,31,0,32
2022-05-21T11:30:46,1,31,0,32
2022-05-21T11:40:59,1,31,0,32
2022-05-21T11:51:13,1,31,0,32
2022-05-21T12:01:26,1,31,0,32
2022-05-21T12:11:41,1,31,0,32
2022-05-21T12:21:55,1,31,0,32
2022-05-21T12:32:07,1,31,0,32
2022-05-21T12:42:41,1,31,0,32
2022-05-21T12:52:54,1,31,0,32
2022-05-21T13:03:08,1,31,0,32
2022-05-21T13:13:21,1,31,0,32
2022-05-21T13:23:35,1,31,0,32
2022-05-21T13:33:48,1,31,0,32
2022-05-21T13:44:02,1,31,0,32
2022-05-21T13:54:15,1,31,0,32
2022-05-21T14:04:28,1,31,0,32
2022-05-21T14:14:52,1,31,0,32
2022-05-21T14:25:05,1,31,0,32
2022-05-21T14:35:19,1,31,0,32
2022-05-21T14:45:32,1,31,0,32
2022-05-21T14:55:48,1,31,0,32
2022-05-21T15:06:02,1,31,0,32
2022-05-21T15:16:15,1,31,0,32
2022-05-21T15:26:38,1,31,0,32
2022-05-21T15:36:53,1,31,0,32
2022-05-21T15:47:06,1,31,0,32
2022-05-21T15:57:19,1,31,0,32
2022-05-21T16:07:33,1,31,0,32
2022-05-21T16:17:46,1,31,0,32
2022-05-21T16:28:00,1,31,0,32
2022-05-21T16:38:13,1,31,0,32
2022-05-21T16:48:27,1,31,0,32
2022-05-21T16:58:40,1,31,0,32
2022-05-21T17:09:12,1,31,0,32
2022-05-21T17:19:26,1,31,0,32
2022-05-21T17:29:40,1,31,0,32
2022-05-21T17:39:53,1,31,0,32
2022-05-21T17:50:06,1,31,0,32
2022-05-21T18:00:20,1,31,0,32
2022-05-21T18:10:33,1,31,0,32
2022-05-21T18:20:46,1,31,0,32
2022-05-21T18:31:00,1,31,0,32
2022-05-21T18:41:14,1,31,0,32
2022-05-21T18:51:55,1,31,0,32
2022-05-21T19:02:09,1,31,0,32
2022-05-21T19:12:22,1,31,0,32
2022-05-21T19:22:35,1,31,0,32
2022-05-21T19:32:49,1,31,0,32
2022-05-21T19:43:03,1,31,0,32
2022-05-21T19:53:18,2,30,0,32
2022-05-21T20:03:32,2,30,0,32
2022-05-21T20:13:46,2,30,0,32
2022-05-21T20:23:59,2,30,0,32
2022-05-21T20:34:23,2,30,0,32
2022-05-21T20:44:38,2,30,0,32
2022-05-21T20:54:51,2,30,0,32
2022-05-21T21:05:05,2,30,0,32
2022-05-21T21:15:18,2,30,0,32
2022-05-21T21:25:32,2,30,0,32
2022-05-21T21:35:45,2,30,0,32
2022-05-21T21:45:58,2,30,0,32
2022-05-21T21:56:11,2,30,0,32
2022-05-21T22:06:25,2,30,0,32
2022-05-21T22:17:01,2,30,0,32
2022-05-21T22:27:15,2,30,0,32
2022-05-21T22:37:28,2,30,0,32
2022-05-21T22:47:41,2,30,0,32
2022-05-21T22:57:54,2,30,0,32
2022-05-21T23:08:08,2,30,0,32
2022-05-21T23:18:21,2,30,0,32
2022-05-21T23:28:34,2,30,0,32
2022-05-21T23:38:47,2,30,0,32
2022-05-21T23:49:00,2,30,0,32
2022-05-21T23:59:13,2,30,0,32
2022-05-22T00:09:27,2,30,0,32
2022-05-22T00:19:43,2,30,0,32
2022-05-22T00:30:08,2,30,0,32
2022-05-22T00:40:23,2,30,0,32
2022-05-22T00:50:35,2,30,0,32
2022-05-22T01:00:48,2,30,0,32
2022-05-22T01:11:01,2,30,0,32
2022-05-22T01:21:14,2,30,0,32
2022-05-22T01:31:27,2,30,0,32
2022-05-22T01:41:39,2,30,0,32
2022-05-22T01:51:52,2,30,0,32
2022-05-22T02:02:05,2,30,0,32
2022-05-22T02:12:18,2,30,0,32
2022-05-22T02:22:31,2,30,0,32
2022-05-22T02:32:47,2,30,0,32
2022-05-22T02:43:03,2,30,0,32
2022-05-22T02:53:19,2,30,0,32
2022-05-22T03:04:12,2,30,0,32
2022-05-22T03:14:45,2,30,0,32
2022-05-22T03:25:01,2,30,0,32
2022-05-22T03:35:16,2,30,0,32
2022-05-22T03:45:41,2,30,0,32
2022-05-22T03:55:56,2,30,0,32
2022-05-22T04:06:11,2,30,0,32
2022-05-22T04:16:36,2,30,0,32
2022-05-22T04:27:21,2,30,0,32
2022-05-22T04:37:38,2,30,0,32
2022-05-22T04:47:54,2,30,0,32
2022-05-22T04:58:09,2,30,0,32
2022-05-22T05:08:26,2,30,0,32
2022-05-22T05:18:42,2,30,0,32
2022-05-22T05:28:56,2,30,0,32
2022-05-22T05:39:11,2,30,0,32
2022-05-22T05:49:27,2,30,0,32
2022-05-22T05:59:43,2,30,0,32
2022-05-22T06:09:58,2,30,0,32
2022-05-22T06:20:13,2,30,0,32
2022-05-22T06:30:28,2,30,0,32
2022-05-22T06:40:43,2,30,0,32
2022-05-22T06:50:57,2,30,0,32
2022-05-22T07:01:11,2,30,0,32
2022-05-22T07:11:24,2,30,0,32
2022-05-22T07:21:38,2,30,0,32
2022-05-22T07:31:51,2,30,0,32
2022-05-22T07:42:04,2,30,0,32
2022-05-22T07:52:17,2,30,0,32
2022-05-22T08:02:30,2,30,0,32
2022-05-22T08:12:43,2,30,0,32
2022-05-22T08:22:56,2,30,0,32
2022-05-22T08:33:10,2,30,0,32
2022-05-22T08:43:22,2,30,0,32
2022-05-22T08:53:35,2,30,0,32
2022-05-22T09:03:48,2,30,0,32
2022-05-22T09:14:02,2,30,0,32
2022-05-22T09:24:15,2,30,0,32
2022-05-22T09:34:28,2,30,0,32
2022-05-22T09:44:42,2,30,0,32
2022-05-22T09:54:55,2,30,0,32
2022-05-22T10:05:08,2,30,0,32
2022-05-22T10:15:21,2,30,0,32
2022-05-22T10:25:35,2,30,0,32
2022-05-22T10:35:49,2,30,0,32
2022-05-22T10:46:03,2,30,0,32
2022-05-22T10:56:16,2,30,0,32
2022-05-22T11:06:30,2,30,0,32
2022-05-22T11:16:50,2,30,0,32
2022-05-22T11:27:03,2,30,0,32
2022-05-22T11:37:17,2,30,0,32
2022-05-22T11:47:31,2,30,0,32
2022-05-22T11:57:44,2,30,0,32
2022-05-22T12:07:57,2,30,0,32
2022-05-22T12:18:11,2,30,0,32
2022-05-22T12:28:24,2,30,0,32
2022-05-22T12:38:37,2,30,0,32
2022-05-22T12:48:50,2,30,0,32
2022-05-22T12:59:03,2,30,0,32
2022-05-22T13:09:16,2,30,0,32
2022-05-22T13:19:29,2,30,0,32
2022-05-22T13:29:51,2,30,0,32
2022-05-22T13:40:05,2,30,0,32
2022-05-22T13:50:18,2,30,0,32
2022-05-22T14:00:31,2,30,0,32
2022-05-22T14:10:47,2,30,0,32
2022-05-22T14:21:00,2,30,0,32
2022-05-22T14:31:13,2,30,0,32
2022-05-22T14:41:26,2,30,0,32
2022-05-22T14:51:39,2,30,0,32
2022-05-22T15:01:52,2,30,0,32
2022-05-22T15:12:06,2,30,0,32
2022-05-22T15:22:19,2,30,0,32
2022-05-22T15:32:33,2,30,0,32
2022-05-22T15:42:46,2,30,0,32
2022-05-22T15:53:11,2,30,0,32
2022-05-22T16:03:24,2,30,0,32
2022-05-22T16:13:38,2,30,0,32
2022-05-22T16:23:51,2,30,0,32
2022-05-22T16:34:05,2,30,0,32
2022-05-22T16:44:19,2,30,0,32
2022-05-22T16:54:32,2,30,0,32
2022-05-22T17:04:45,2,30,0,32
2022-05-22T17:14:59,2,30,0,32
2022-05-22T17:25:12,2,30,0,32
2022-05-22T17:35:25,2,30,0,32
2022-05-22T17:45:49,2,30,0,32
2022-05-22T17:56:02,2,30,0,32
2022-05-22T18:06:15,2,30,0,32
2022-05-22T18:16:28,2,30,0,32
2022-05-22T18:26:42,2,30,0,32
2022-05-22T18:36:55,2,30,0,32
2022-05-22T18:47:09,2,30,0,32
2022-05-22T18:57:22,2,30,0,32
2022-05-22T19:07:36,2,30,0,32
2022-05-22T19:17:51,2,30,0,32
2022-05-22T19:28:05,2,30,0,32
2022-05-22T19:38:17,2,30,0,32
2022-05-22T19:48:31,2,30,0,32
2022-05-22T19:58:44,2,30,0,32
2022-05-22T20:09:08,2,30,0,32
2022-05-22T20:19:22,2,30,0,32
2022-05-22T20:29:37,2,30,0,32
2022-05-22T20:39:51,2,30,0,32
2022-05-22T20:50:04,2,30,0,32
2022-05-22T21:00:17,2,30,0,32
2022-05-22T21:10:30,2,30,0,32
2022-05-22T21:20:44,2,30,0,32
2022-05-22T21:31:07,2,30,0,32
2022-05-22T21:41:21,2,30,0,32
2022-05-22T21:51:34,2,30,0,32
2022-05-22T22:01:48,2,30,0,32
2022-05-22T22:12:02,2,30,0,32
2022-05-22T22:22:17,2,30,0,32
2022-05-22T22:32:31,2,30,0,32
2022-05-22T22:42:45,2,30,0,32
2022-05-22T22:52:59,2,30,0,32
2022-05-22T23:03:23,2,30,0,32
2022-05-22T23:13:37,2,30,0,32
2022-05-22T23:23:51,2,30,0,32
2022-05-22T23:34:05,2,30,0,32
2022-05-22T23:44:19,2,30,0,32
2022-05-22T23:54:34,2,30,0,32
2022-05-23T00:04:49,2,30,0,32
2022-05-23T00:15:07,2,30,0,32
2022-05-23T00:25:23,2,30,0,32
2022-05-23T00:35:37,2,30,0,32
2022-05-23T00:45:52,2,30,0,32
2022-05-23T00:56:06,2,30,0,32
2022-05-23T01:06:31,2,30,0,32
2022-05-23T01:16:48,2,30,0,32
2022-05-23T01:27:04,2,30,0,32
2022-05-23T01:37:19,2,30,0,32
2022-05-23T01:47:32,2,30,0,32
2022-05-23T01:57:47,2,30,0,32
2022-05-23T02:10:15,2,30,0,32
2022-05-23T02:20:38,2,30,0,32
2022-05-23T02:30:52,2,30,0,32
2022-05-23T02:41:07,2,30,0,32
2022-05-23T02:51:21,2,30,0,32
2022-05-23T03:01:38,2,30,0,32
2022-05-23T03:11:53,2,30,0,32
2022-05-23T03:22:11,2,30,0,32
2022-05-23T03:32:31,2,30,0,32
2022-05-23T03:42:45,2,30,0,32
2022-05-23T03:53:00,2,30,0,32
2022-05-23T04:03:14,2,30,0,32
2022-05-23T04:15:25,2,30,0,32
2022-05-23T04:25:44,2,30,0,32
2022-05-23T04:37:26,2,30,0,32
2022-05-23T04:47:43,2,30,0,32
2022-05-23T04:57:59,2,30,0,32
2022-05-23T05:08:16,2,30,0,32
2022-05-23T05:18:31,2,30,0,32
2022-05-23T05:28:47,2,30,0,32
2022-05-23T05:39:04,2,30,0,32
2022-05-23T05:49:19,2,30,0,32
2022-05-23T05:59:35,2,30,0,32
2022-05-23T06:09:49,2,30,0,32
2022-05-23T06:20:04,2,30,0,32
2022-05-23T06:30:18,2,30,0,32
2022-05-23T06:40:32,2,30,0,32
2022-05-23T06:50:46,2,30,0,32
2022-05-23T07:01:00,2,30,0,32
2022-05-23T07:11:14,2,30,0,32
2022-05-23T07:21:28,2,30,0,32
2022-05-23T07:31:43,2,30,0,32
2022-05-23T07:41:58,2,30,0,32
2022-05-23T07:52:12,2,30,0,32
2022-05-23T08:02:26,2,30,0,32
2022-05-23T08:12:41,2,30,0,32
2022-05-23T08:23:07,2,30,0,32
2022-05-23T08:33:23,2,30,0,32
2022-05-23T08:43:39,2,30,0,32
2022-05-23T08:53:54,2,30,0,32
2022-05-23T09:04:11,2,30,0,32
2022-05-23T09:14:28,2,30,0,32
2022-05-23T09:24:45,2,30,0,32
2022-05-23T09:35:02,2,30,0,32
2022-05-23T09:45:38,2,30,0,32
2022-05-23T09:55:54,2,30,0,32
2022-05-23T10:06:12,2,30,0,32
2022-05-23T10:16:30,2,30,0,32
2022-05-23T10:26:48,2,30,0,32
2022-05-23T10:37:05,2,30,0,32
2022-05-23T10:47:34,2,30,0,32
2022-05-23T10:57:54,2,30,0,32
2022-05-23T11:08:11,2,30,0,32
2022-05-23T11:18:28,2,30,0,32
2022-05-23T11:29:08,2,30,0,32
2022-05-23T11:39:26,2,30,0,32
2022-05-23T11:49:44,3,29,0,32
2022-05-23T12:00:03,3,29,0,32
2022-05-23T12:10:35,3,29,0,32
2022-05-23T12:20:53,3,29,0,32
2022-05-23T12:31:11,3,29,0,32
2022-05-23T12:41:39,3,29,0,32
2022-05-23T12:51:57,3,29,0,32
2022-05-23T13:02:17,3,29,0,32
2022-05-23T13:12:37,3,29,0,32
2022-05-23T13:23:16,3,29,0,32
2022-05-23T13:33:34,3,29,0,32
2022-05-23T13:43:54,3,29,0,32
2022-05-23T13:54:14,3,29,0,32
2022-05-23T14:04:46,3,29,0,32
2022-05-23T14:15:05,3,29,0,32
2022-05-23T14:25:23,3,29,0,32
2022-05-23T14:35:43,3,29,0,32
2022-05-23T14:46:13,3,29,0,32
2022-05-23T14:56:31,3,29,0,32
2022-05-23T15:06:51,3,29,0,32
2022-05-23T15:17:21,3,29,0,32
2022-05-23T15:27:40,3,29,0,32
2022-05-23T15:38:00,3,29,0,32
2022-05-23T15:48:41,3,29,0,32
2022-05-23T15:58:59,3,29,0,32
2022-05-23T16:09:23,3,29,0,32
2022-05-23T16:19:52,3,29,0,32
2022-05-23T16:30:11,3,29,0,32
2022-05-23T16:40:30,3,29,0,32
2022-05-23T16:50:47,3,29,0,32
2022-05-23T17:01:15,3,29,0,32
2022-05-23T17:11:34,3,29,0,32
2022-05-23T17:21:51,3,29,0,32
2022-05-23T17:32:08,3,29,0,32
2022-05-23T17:42:35,3,29,0,32
2022-05-23T17:52:51,3,29,0,32
2022-05-23T18:03:09,3,29,0,32
2022-05-23T18:13:28,3,29,0,32
2022-05-23T18:24:04,3,29,0,32
2022-05-23T18:34:21,3,29,0,32
2022-05-23T18:44:37,3,29,0,32
2022-05-23T18:54:53,3,29,0,32
2022-05-23T19:05:19,3,29,0,32
2022-05-23T19:15:35,3,29,0,32
2022-05-23T19:25:51,3,29,0,32
2022-05-23T19:36:08,3,29,0,32
2022-05-23T19:46:24,3,29,0,32
2022-05-23T19:56:40,3,29,0,32
2022-05-23T20:07:08,3,29,0,32
2022-05-23T20:17:24,3,29,0,32
2022-05-23T20:27:40,3,29,0,32
2022-05-23T20:37:57,3,29,0,32
2022-05-23T20:48:13,3,29,0,32
2022-05-23T20:58:39,3,29,0,32
2022-05-23T21:08:54,3,29,0,32
2022-05-23T21:19:10,3,29,0,32
2022-05-23T21:29:25,3,29,0,32
2022-05-23T21:39:42,3,29,0,32
2022-05-23T21:50:17,3,29,0,32
2022-05-23T22:00:33,3,29,0,32
2022-05-23T22:10:48,4,28,0,32
2022-05-23T22:21:04,4,28,0,32
2022-05-23T22:31:19,4,28,0,32
2022-05-23T22:41:34,4,28,0,32
2022-05-23T22:52:00,4,28,0,32
2022-05-23T23:02:14,4,28,0,32
2022-05-23T23:12:30,4,28,0,32
2022-05-23T23:22:45,4,28,0,32
2022-05-23T23:33:12,4,28,0,32
2022-05-23T23:43:27,4,28,0,32
2022-05-23T23:53:41,4,28,0,32
2022-05-24T00:03:57,4,28,0,32
2022-05-24T00:14:14,4,28,0,32
2022-05-24T00:24:32,4,28,0,32
2022-05-24T00:34:47,4,28,0,32
2022-05-24T00:45:24,4,28,0,32
2022-05-24T00:55:39,4,28,0,32
2022-05-24T01:05:55,4,28,0,32
2022-05-24T01:16:09,4,28,0,32
2022-05-24T01:26:25,4,28,0,32
2022-05-24T01:36:39,4,28,0,32
2022-05-24T01:46:53,4,28,0,32
2022-05-24T01:57:08,4,28,0,32
2022-05-24T02:07:23,4,28,0,32
2022-05-24T02:17:37,4,28,0,32
2022-05-24T02:28:00,4,28,0,32
2022-05-24T02:38:14,4,28,0,32
2022-05-24T02:48:28,4,28,0,32
2022-05-24T02:58:41,4,28,0,32
2022-05-24T03:08:55,4,28,0,32
2022-05-24T03:19:08,4,28,0,32
2022-05-24T03:29:24,4,28,0,32
2022-05-24T03:39:49,4,28,0,32
2022-05-24T03:50:04,4,28,0,32
2022-05-24T04:00:21,4,28,0,32
2022-05-24T04:13:05,4,28,0,32
2022-05-24T04:23:59,4,28,0,32
2022-05-24T04:34:39,4,28,0,32
2022-05-24T04:44:56,4,28,0,32
2022-05-24T04:55:14,4,28,0,32
2022-05-24T05:05:33,4,28,0,32
2022-05-24T05:15:50,4,28,0,32
2022-05-24T05:26:07,4,28,0,32
2022-05-24T05:36:23,4,28,0,32
2022-05-24T05:46:39,4,28,0,32
2022-05-24T05:56:56,4,28,0,32
2022-05-24T06:07:12,4,28,0,32
2022-05-24T06:17:28,4,28,0,32
2022-05-24T06:27:44,4,28,0,32
2022-05-24T06:37:59,4,28,0,32
2022-05-24T06:48:15,4,28,0,32
2022-05-24T06:58:31,4,28,0,32
2022-05-24T07:08:48,4,28,0,32
2022-05-24T07:19:04,4,28,0,32
2022-05-24T07:29:19,4,28,0,32
2022-05-24T07:39:37,4,28,0,32
2022-05-24T07:49:52,4,28,0,32
2022-05-24T08:00:06,4,28,0,32
2022-05-24T08:10:21,4,28,0,32
2022-05-24T08:20:35,4,28,0,32
2022-05-24T08:30:51,4,28,0,32
2022-05-24T08:41:07,4,28,0,32
2022-05-24T08:51:22,4,28,0,32
2022-05-24T09:01:49,4,28,0,32
2022-05-24T09:12:05,4,28,0,32
2022-05-24T09:22:23,4,28,0,32
2022-05-24T09:32:40,4,28,0,32
2022-05-24T09:42:57,4,28,0,32
2022-05-24T09:53:15,4,28,0,32
2022-05-24T10:03:33,4,28,0,32
2022-05-24T10:14:01,4,28,0,32
2022-05-24T10:24:19,4,28,0,32
2022-05-24T10:34:37,4,28,0,32
2022-05-24T10:44:55,4,28,0,32
2022-05-24T10:55:23,4,28,0,32
2022-05-24T11:05:44,4,28,0,32
2022-05-24T11:16:03,4,28,0,32
2022-05-24T11:26:34,4,28,0,32
2022-05-24T11:36:52,4,28,0,32
2022-05-24T11:47:11,4,28,0,32
2022-05-24T11:57:30,4,28,0,32
2022-05-24T12:07:48,4,28,0,32
2022-05-24T12:18:16,4,28,0,32
2022-05-24T12:28:34,5,27,0,32
2022-05-24T12:38:52,5,27,0,32
2022-05-24T12:49:20,5,27,0,32
2022-05-24T12:59:37,5,27,0,32
2022-05-24T13:09:57,5,27,0,32
2022-05-24T13:20:19,6,26,0,32
2022-05-24T13:30:52,6,26,0,32
2022-05-24T13:41:16,6,26,0,32
2022-05-24T13:51:38,7,25,0,32
2022-05-24T13:54:28,7,25,0,32
2022-05-24T14:05:01,7,25,0,32
2022-05-24T14:15:23,7,25,0,32
2022-05-24T14:25:44,7,25,0,32
2022-05-24T14:36:17,7,25,0,32
2022-05-24T14:46:36,7,25,0,32
2022-05-24T14:56:57,7,25,0,32
2022-05-24T15:07:29,7,25,0,32
2022-05-24T15:17:48,7,25,0,32
2022-05-24T15:28:07,7,25,0,32
2022-05-24T15:38:27,7,25,0,32
2022-05-24T15:48:58,7,25,0,32
2022-05-24T15:59:18,7,25,0,32
2022-05-24T16:09:39,8,24,0,32
2022-05-24T16:19:59,8,24,0,32
2022-05-24T16:30:32,8,24,0,32
2022-05-24T16:40:55,8,24,0,32
2022-05-24T16:51:21,8,24,0,32
2022-05-24T17:01:49,8,24,0,32
2022-05-24T17:12:30,8,24,0,32
2022-05-24T17:22:57,8,24,0,32
2022-05-24T17:33:21,9,23,0,32
2022-05-24T17:43:48,9,23,0,32
2022-05-24T17:54:24,9,23,0,32
2022-05-24T18:04:57,9,23,0,32
2022-05-24T18:15:17,9,23,0,32
2022-05-24T18:25:40,9,23,0,32
2022-05-24T18:36:12,9,23,0,32
2022-05-24T18:46:29,9,23,0,32
2022-05-24T18:56:47,9,23,0,32
2022-05-24T19:07:04,9,23,0,32
2022-05-24T19:17:21,9,23,0,32
2022-05-24T19:27:37,9,23,0,32
2022-05-24T19:38:05,9,23,0,32
2022-05-24T19:48:22,9,23,0,32
2022-05-24T19:58:39,9,23,0,32
2022-05-24T20:08:56,9,23,0,32
2022-05-24T20:19:12,9,23,0,32
2022-05-24T20:29:28,9,23,0,32
2022-05-24T20:39:56,9,23,0,32
2022-05-24T20:50:13,9,23,0,32
2022-05-24T21:00:29,9,23,0,32
2022-05-24T21:10:44,9,23,0,32
2022-05-24T21:21:11,9,23,0,32
2022-05-24T21:31:28,9,23,0,32
2022-05-24T21:41:44,9,23,0,32
2022-05-24T21:51:59,9,23,0,32
2022-05-24T22:02:14,9,23,0,32
2022-05-24T22:12:28,9,23,0,32
2022-05-24T22:22:52,9,23,0,32
2022-05-24T22:33:07,9,23,0,32
2022-05-24T22:43:22,9,23,0,32
2022-05-24T22:53:37,9,23,0,32
2022-05-24T23:03:52,9,23,0,32
2022-05-24T23:14:17,9,23,0,32
2022-05-24T23:24:32,9,23,0,32
2022-05-24T23:34:47,9,23,0,32
2022-05-24T23:45:01,9,23,0,32
2022-05-24T23:55:15,9,23,0,32
2022-05-25T00:05:31,9,23,0,32
2022-05-25T00:15:50,9,23,0,32
2022-05-25T00:26:07,9,23,0,32
2022-05-25T00:36:33,9,23,0,32
2022-05-25T00:46:50,9,23,0,32
2022-05-25T00:57:05,9,23,0,32
2022-05-25T01:07:20,9,23,0,32
2022-05-25T01:17:37,9,23,0,32
2022-05-25T01:27:52,9,23,0,32
2022-05-25T01:38:06,9,23,0,32
2022-05-25T01:48:21,9,23,0,32
2022-05-25T01:58:37,9,23,0,32
2022-05-25T02:08:51,9,23,0,32
2022-05-25T02:19:06,9,23,0,32
2022-05-25T02:29:20,9,23,0,32
2022-05-25T02:39:36,9,23,0,32
2022-05-25T02:50:01,9,23,0,32
2022-05-25T03:00:17,9,23,0,32
2022-05-25T03:10:32,9,23,0,32
2022-05-25T03:20:46,9,23,0,32
2022-05-25T03:30:59,9,23,0,32
2022-05-25T03:41:13,9,23,0,32
2022-05-25T03:51:28,9,23,0,32
2022-05-25T04:01:43,9,23,0,32
2022-05-25T04:13:56,9,23,0,32
2022-05-25T11:03:36,9,23,0,32
2022-05-25T11:13:56,9,23,0,32
2022-05-25T11:24:25,9,23,0,32
2022-05-25T11:34:45,9,23,0,32
2022-05-25T11:45:04,9,23,0,32
2022-05-25T11:55:24,9,23,0,32
2022-05-25T12:05:45,9,23,0,32
2022-05-25T12:16:13,9,23,0,32
2022-05-25T12:26:31,9,23,0,32
2022-05-25T12:36:48,9,23,0,32
2022-05-25T12:47:05,9,23,0,32
2022-05-25T12:57:21,9,23,0,32
2022-05-25T13:07:49,9,23,0,32
2022-05-25T13:18:06,9,23,0,32
2022-05-25T13:28:22,9,23,0,32
2022-05-25T13:38:39,9,23,0,32
2022-05-25T13:48:55,9,23,0,32
2022-05-25T13:59:11,9,23,0,32
2022-05-25T14:09:28,9,23,0,32
2022-05-25T14:19:57,9,23,0,32
2022-05-25T14:30:15,9,23,0,32
2022-05-25T14:40:32,9,23,0,32
2022-05-25T14:50:50,9,23,0,32
2022-05-25T15:01:07,9,23,0,32
2022-05-25T15:11:24,9,23,0,32
2022-05-25T15:21:52,9,23,0,32
2022-05-25T15:32:10,9,23,0,32
2022-05-25T15:42:27,9,23,0,32
2022-05-25T15:52:45,9,23,0,32
2022-05-25T16:03:02,9,23,0,32
2022-05-25T16:13:20,9,23,0,32
2022-05-25T16:23:36,9,23,0,32
2022-05-25T16:34:03,9,23,0,32
2022-05-25T16:44:18,9,23,0,32
2022-05-25T16:54:34,9,23,0,32
2022-05-25T17:04:50,9,23,0,32
2022-05-25T17:15:07,9,23,0,32
2022-05-25T17:25:23,9,23,0,32
2022-05-25T17:35:38,9,23,0,32
2022-05-25T17:46:04,9,23,0,32
2022-05-25T17:56:19,9,23,0,32
2022-05-25T18:06:34,9,23,0,32
2022-05-25T18:16:49,9,23,0,32
2022-05-25T18:27:04,9,23,0,32
2022-05-25T18:37:19,9,23,0,32
2022-05-25T18:47:33,9,23,0,32
2022-05-25T18:57:49,9,23,0,32
2022-05-25T19:08:04,9,23,0,32
2022-05-25T19:18:31,9,23,0,32
2022-05-25T19:28:45,9,23,0,32
2022-05-25T19:39:00,9,23,0,32
2022-05-25T19:49:15,9,23,0,32
2022-05-25T19:59:29,9,23,0,32
2022-05-25T20:09:45,9,23,0,32
2022-05-25T20:20:00,9,23,0,32
2022-05-25T20:30:14,9,23,0,32
2022-05-25T20:40:28,9,23,0,32
2022-05-25T20:50:54,9,23,0,32
2022-05-25T21:01:08,9,23,0,32
2022-05-25T21:11:23,9,23,0,32
2022-05-25T21:21:38,9,23,0,32
2022-05-25T21:31:53,9,23,0,32
2022-05-25T21:42:08,9,23,0,32
2022-05-25T21:52:23,9,23,0,32
2022-05-25T22:02:39,9,23,0,32
2022-05-25T22:13:05,9,23,0,32
2022-05-25T22:23:21,9,23,0,32
2022-05-25T22:33:36,9,23,0,32
2022-05-25T22:43:50,9,23,0,32
2022-05-25T22:54:05,9,23,0,32
2022-05-25T23:04:20,9,23,0,32
2022-05-25T23:14:36,9,23,0,32
2022-05-25T23:24:52,9,23,0,32
2022-05-25T23:35:06,9,23,0,32
2022-05-25T23:45:21,9,23,0,32
2022-05-25T23:55:36,9,23,0,32
2022-05-26T00:06:01,9,23,0,32
2022-05-26T00:16:18,9,23,0,32
2022-05-26T00:26:34,9,23,0,32
2022-05-26T00:36:50,9,23,0,32
2022-05-26T00:47:07,9,23,0,32
2022-05-26T00:57:23,9,23,0,32
2022-05-26T01:07:39,9,23,0,32
2022-05-26T01:17:56,9,23,0,32
2022-05-26T01:28:12,9,23,0,32
2022-05-26T01:38:28,9,23,0,32
2022-05-26T01:48:44,9,23,0,32
2022-05-26T01:59:01,9,23,0,32
2022-05-26T02:09:16,9,23,0,32
2022-05-26T02:19:30,9,23,0,32
2022-05-26T02:29:47,9,23,0,32
2022-05-26T02:40:02,9,23,0,32
2022-05-26T02:50:16,9,23,0,32
2022-05-26T03:00:30,9,23,0,32
2022-05-26T03:10:46,9,23,0,32
2022-05-26T03:21:13,9,23,0,32
2022-05-26T03:31:29,9,23,0,32
2022-05-26T03:41:45,9,23,0,32
2022-05-26T03:52:01,9,23,0,32
2022-05-26T04:04:44,9,23,0,32
2022-05-26T04:23:15,9,23,0,32
2022-05-26T04:33:56,9,23,0,32
2022-05-26T04:44:13,9,23,0,32
2022-05-26T04:54:29,9,23,0,32
2022-05-26T05:04:47,9,23,0,32
2022-05-26T05:15:04,9,23,0,32
2022-05-26T05:25:20,9,23,0,32
2022-05-26T05:35:36,9,23,0,32
2022-05-26T05:45:54,9,23,0,32
2022-05-26T05:56:12,9,23,0,32
2022-05-26T06:06:30,9,23,0,32
2022-05-26T06:16:46,9,23,0,32
2022-05-26T06:27:02,9,23,0,32
2022-05-26T06:37:19,9,23,0,32
2022-05-26T06:47:36,9,23,0,32
2022-05-26T06:57:52,9,23,0,32
2022-05-26T07:08:10,9,23,0,32
2022-05-26T07:18:26,9,23,0,32
2022-05-26T07:28:41,9,23,0,32
2022-05-26T07:38:57,9,23,0,32
2022-05-26T07:49:12,9,23,0,32
2022-05-26T07:59:26,9,23,0,32
2022-05-26T08:09:42,9,23,0,32
2022-05-26T08:19:56,9,23,0,32
2022-05-26T08:30:21,9,23,0,32
2022-05-26T08:40:37,9,23,0,32
2022-05-26T08:50:54,9,23,0,32
2022-05-26T09:01:10,9,23,0,32
2022-05-26T09:11:26,9,23,0,32
2022-05-26T09:21:41,9,23,0,32
2022-05-26T09:31:56,9,23,0,32
2022-05-26T09:42:13,9,23,0,32
2022-05-26T09:52:29,9,23,0,32
2022-05-26T10:02:46,9,23,0,32
2022-05-26T10:13:04,9,23,0,32
2022-05-26T10:23:31,9,23,0,32
2022-05-26T10:33:48,9,23,0,32
2022-05-26T10:44:05,9,23,0,32
2022-05-26T10:54:21,9,23,0,32
2022-05-26T11:04:40,9,23,0,32
2022-05-26T11:14:58,9,23,0,32
2022-05-26T11:25:31,9,23,0,32
2022-05-26T11:35:56,9,23,0,32
2022-05-26T11:46:21,9,23,0,32
2022-05-26T11:56:50,9,23,0,32
2022-05-26T12:07:17,9,23,0,32
2022-05-26T12:17:44,9,23,0,32
2022-05-26T12:28:15,9,23,0,32
2022-05-26T12:38:59,9,23,0,32
2022-05-26T12:49:29,9,23,0,32
2022-05-26T12:59:57,9,23,0,32
2022-05-26T13:10:24,9,23,0,32
2022-05-26T13:20:52,9,23,0,32
2022-05-26T13:31:17,9,23,0,32
2022-05-26T13:41:43,9,23,0,32
2022-05-26T13:52:08,9,23,0,32
2022-05-26T14:02:31,9,23,0,32
2022-05-26T14:13:06,9,23,0,32
2022-05-26T14:23:28,9,23,0,32
2022-05-26T14:33:44,9,23,0,32
2022-05-26T14:44:01,9,23,0,32
2022-05-26T14:54:18,9,23,0,32
2022-05-26T15:04:46,9,23,0,32
2022-05-26T15:15:02,9,23,0,32
2022-05-26T15:25:18,9,23,0,32
2022-05-26T15:35:35,9,23,0,32
2022-05-26T15:45:51,9,23,0,32
2022-05-26T15:56:07,9,23,0,32
2022-05-26T16:06:22,9,23,0,32
2022-05-26T16:16:38,9,23,0,32
2022-05-26T16:27:03,9,23,0,32
2022-05-26T16:37:19,9,23,0,32
2022-05-26T16:47:34,9,23,0,32
2022-05-26T16:57:49,9,23,0,32
2022-05-26T17:08:05,9,23,0,32
2022-05-26T17:18:21,9,23,0,32
2022-05-26T17:28:38,9,23,0,32
2022-05-26T17:39:03,9,23,0,32
2022-05-26T17:49:18,9,23,0,32
2022-05-26T17:59:34,9,23,0,32
2022-05-26T18:09:49,9,23,0,32
2022-05-26T18:20:04,9,23,0,32
2022-05-26T18:30:19,9,23,0,32
2022-05-26T18:40:34,9,23,0,32
2022-05-26T18:50:49,9,23,0,32
2022-05-26T19:01:04,9,23,0,32
2022-05-26T19:11:20,9,23,0,32
2022-05-26T19:21:45,9,23,0,32
2022-05-26T19:32:00,9,23,0,32
2022-05-26T19:42:15,9,23,0,32
2022-05-26T19:52:29,9,23,0,32
2022-05-26T20:02:43,9,23,0,32
2022-05-26T20:12:59,9,23,0,32
2022-05-26T20:23:14,9,23,0,32
2022-05-26T20:33:28,9,23,0,32
2022-05-26T20:43:43,9,23,0,32
2022-05-26T20:53:57,9,23,0,32
2022-05-26T21:04:22,9,23,0,32
2022-05-26T21:14:36,9,23,0,32
2022-05-26T21:24:51,9,23,0,32
2022-05-26T21:35:05,9,23,0,32
2022-05-26T21:45:20,9,23,0,32
2022-05-26T21:55:34,9,23,0,32
2022-05-26T22:05:59,9,23,0,32
2022-05-26T22:16:13,9,23,0,32
2022-05-26T22:26:29,9,23,0,32
2022-05-26T22:36:43,9,23,0,32
2022-05-26T22:46:58,9,23,0,32
2022-05-26T22:57:12,9,23,0,32
2022-05-26T23:07:27,9,23,0,32
2022-05-26T23:17:42,9,23,0,32
2022-05-26T23:27:57,9,23,0,32
2022-05-26T23:38:12,9,23,0,32
2022-05-26T23:48:38,9,23,0,32
2022-05-26T23:58:53,9,23,0,32
2022-05-27T00:09:08,9,23,0,32
2022-05-27T00:19:25,9,23,0,32
2022-05-27T00:29:42,9,23,0,32
2022-05-27T00:39:58,9,23,0,32
2022-05-27T00:50:15,9,23,0,32
2022-05-27T01:00:33,9,23,0,32
2022-05-27T01:10:48,9,23,0,32
2022-05-27T01:21:05,9,23,0,32
2022-05-27T01:31:21,9,23,0,32
2022-05-27T01:41:36,9,23,0,32
2022-05-27T01:52:02,9,23,0,32
2022-05-27T02:02:19,9,23,0,32
2022-05-27T02:12:34,9,23,0,32
2022-05-27T02:22:49,9,23,0,32
2022-05-27T02:33:15,9,23,0,32
2022-05-27T02:43:30,9,23,0,32
2022-05-27T02:53:47,9,23,0,32
2022-05-27T03:04:02,9,23,0,32
2022-05-27T03:14:17,9,23,0,32
2022-05-27T03:24:32,9,23,0,32
2022-05-27T03:34:47,9,23,0,32
2022-05-27T03:45:03,9,23,0,32
2022-05-27T03:55:18,9,23,0,32
2022-05-27T04:05:35,9,23,0,32
2022-05-27T04:33:43,9,23,0,32
2022-05-27T04:44:01,9,23,0,32
2022-05-27T04:54:19,9,23,0,32
2022-05-27T05:04:38,9,23,0,32
2022-05-27T05:14:55,9,23,0,32
2022-05-27T05:25:13,9,23,0,32
2022-05-27T05:35:30,9,23,0,32
2022-05-27T05:45:47,9,23,0,32
2022-05-27T05:56:03,9,23,0,32
2022-05-27T06:06:19,9,23,0,32
2022-05-27T06:16:35,9,23,0,32
2022-05-27T06:26:51,9,23,0,32
2022-05-27T06:37:09,9,23,0,32
2022-05-27T06:47:23,9,23,0,32
2022-05-27T06:57:37,9,23,0,32
2022-05-27T07:07:54,9,23,0,32
2022-05-27T07:18:09,9,23,0,32
2022-05-27T07:28:24,9,23,0,32
2022-05-27T07:38:40,9,23,0,32
2022-05-27T07:48:55,9,23,0,32
2022-05-27T07:59:20,9,23,0,32
2022-05-27T08:09:36,9,23,0,32
2022-05-27T08:19:52,9,23,0,32
2022-05-27T08:30:08,9,23,0,32
2022-05-27T08:40:25,9,23,0,32
2022-05-27T08:50:41,9,23,0,32
2022-05-27T09:00:57,9,23,0,32
2022-05-27T09:11:13,9,23,0,32
2022-05-27T09:21:29,9,23,0,32
2022-05-27T09:31:44,9,23,0,32
2022-05-27T09:42:00,9,23,0,32
2022-05-27T09:52:15,9,23,0,32
2022-05-27T10:02:31,9,23,0,32
2022-05-27T10:12:47,9,23,0,32
2022-05-27T10:23:03,9,23,0,32
2022-05-27T10:33:20,9,23,0,32
2022-05-27T10:43:46,9,23,0,32
2022-05-27T10:54:02,9,23,0,32
2022-05-27T11:04:18,9,23,0,32
2022-05-27T11:14:34,9,23,0,32
2022-05-27T11:24:50,9,23,0,32
2022-05-27T11:35:06,9,23,0,32
2022-05-27T11:45:23,9,23,0,32
2022-05-27T11:55:39,9,23,0,32
2022-05-27T12:05:56,9,23,0,32
2022-05-27T12:16:12,9,23,0,32
2022-05-27T12:26:39,9,23,0,32
2022-05-27T12:36:55,9,23,0,32
2022-05-27T12:47:11,9,23,0,32
2022-05-27T12:57:27,9,15,0,24
2022-05-27T13:07:43,9,15,0,24
2022-05-27T13:17:59,9,15,0,24
2022-05-27T13:28:14,9,15,0,24
2022-05-27T13:38:39,9,15,0,24
2022-05-27T13:48:55,9,15,0,24
2022-05-27T13:59:11,9,15,0,24
2022-05-27T14:09:27,9,15,0,24
2022-05-27T14:19:43,9,15,0,24
2022-05-27T14:29:58,9,15,0,24
2022-05-27T14:40:14,9,15,0,24
2022-05-27T14:50:29,9,15,0,24
2022-05-27T15:00:45,9,15,0,24
2022-05-27T15:11:00,9,15,0,24
2022-05-27T15:21:25,9,15,0,24
2022-05-27T15:31:41,9,15,0,24
2022-05-27T15:41:57,9,15,0,24
2022-05-27T15:52:13,9,15,0,24
2022-05-27T16:02:28,9,15,0,24
2022-05-27T16:12:43,9,15,0,24
2022-05-27T16:22:59,9,15,0,24
2022-05-27T16:33:24,9,15,0,24
2022-05-27T16:43:39,9,15,0,24
2022-05-27T16:53:54,9,15,0,24
2022-05-27T17:04:08,9,15,0,24
2022-05-27T17:14:24,9,15,0,24
2022-05-27T17:24:38,9,15,0,24
2022-05-27T17:34:53,9,15,0,24
2022-05-27T17:45:08,9,15,0,24
2022-05-27T17:55:22,9,15,0,24
2022-05-27T18:05:36,9,15,0,24
2022-05-27T18:15:51,9,15,0,24
2022-05-27T18:26:15,9,15,0,24
2022-05-27T18:36:29,9,15,0,24
2022-05-27T18:46:43,9,15,0,24
2022-05-27T18:56:58,9,15,0,24
2022-05-27T19:07:11,9,15,0,24
2022-05-27T19:17:26,9,15,0,24
2022-05-27T19:27:40,9,15,0,24
2022-05-27T19:37:54,9,15,0,24
2022-05-27T19:48:09,9,15,0,24
2022-05-27T19:58:33,9,15,0,24
2022-05-27T20:08:47,9,15,0,24
2022-05-27T20:19:02,9,15,0,24
2022-05-27T20:29:16,9,15,0,24
2022-05-27T20:39:30,9,15,0,24
2022-05-27T20:49:45,9,15,0,24
2022-05-27T20:59:59,9,15,0,24
2022-05-27T21:10:14,9,15,0,24
2022-05-27T21:20:28,9,15,0,24
2022-05-27T21:30:43,9,15,0,24
2022-05-27T21:40:57,9,15,0,24
2022-05-27T21:51:11,9,15,0,24
2022-05-27T22:01:25,9,15,0,24
2022-05-27T22:11:49,9,15,0,24
2022-05-27T22:22:03,9,15,0,24
2022-05-27T22:32:18,9,15,0,24
2022-05-27T22:42:32,9,15,0,24
2022-05-27T22:52:46,9,15,0,24
2022-05-27T23:03:01,9,15,0,24
2022-05-27T23:13:17,9,15,0,24
2022-05-27T23:23:31,9,15,0,24
2022-05-27T23:33:46,9,15,0,24
2022-05-27T23:44:01,9,15,0,24
2022-05-27T23:54:16,9,15,0,24
2022-05-28T00:06:07,9,15,0,24
2022-05-28T00:16:29,9,15,0,24
2022-05-28T00:26:50,9,15,0,24
2022-05-28T00:37:12,9,15,0,24
2022-05-28T00:47:42,9,15,0,24
2022-05-28T00:58:01,9,15,0,24
2022-05-28T01:08:24,9,15,0,24
2022-05-28T01:18:47,9,15,0,24
2022-05-28T01:29:09,9,15,0,24
2022-05-28T01:39:30,9,15,0,24
2022-05-28T01:49:50,9,15,0,24
2022-05-28T02:00:26,9,15,0,24
2022-05-28T02:10:55,9,15,0,24
2022-05-28T02:21:21,9,15,0,24
2022-05-28T02:31:57,9,15,0,24
2022-05-28T02:42:23,9,15,0,24
2022-05-28T02:52:44,9,15,0,24
2022-05-28T03:03:15,9,15,0,24
2022-05-28T03:13:37,9,15,0,24
2022-05-28T03:23:56,9,15,0,24
2022-05-28T03:34:15,9,15,0,24
2022-05-28T03:44:36,9,15,0,24
2022-05-28T03:54:53,9,15,0,24
2022-05-28T04:07:15,9,15,0,24
2022-05-28T04:21:47,9,15,0,24
2022-05-28T04:32:29,9,15,0,24
2022-05-28T04:42:45,9,15,0,24
2022-05-28T04:53:02,9,15,0,24
2022-05-28T05:03:18,9,15,0,24
2022-05-28T05:13:35,9,15,0,24
2022-05-28T05:23:51,9,15,0,24
2022-05-28T05:34:07,9,15,0,24
2022-05-28T05:44:25,9,15,0,24
2022-05-28T05:54:42,9,15,0,24
2022-05-28T06:04:58,9,15,0,24
2022-05-28T06:15:13,9,15,0,24
2022-05-28T06:25:30,9,15,0,24
2022-05-28T06:35:45,9,15,0,24
2022-05-28T06:46:01,9,15,0,24
2022-05-28T06:56:17,9,15,0,24
2022-05-28T07:06:33,9,15,0,24
2022-05-28T07:16:50,9,15,0,24
2022-05-28T07:27:06,9,15,0,24
2022-05-28T07:37:22,9,15,0,24
2022-05-28T07:47:38,9,15,0,24
2022-05-28T07:57:54,9,15,0,24
2022-05-28T08:08:18,9,15,0,24
2022-05-28T08:18:33,9,15,0,24
2022-05-28T08:28:48,9,15,0,24
2022-05-28T08:39:04,9,15,0,24
2022-05-28T08:49:18,9,15,0,24
2022-05-28T08:59:33,9,15,0,24
2022-05-28T09:09:48,9,15,0,24
2022-05-28T09:20:03,9,15,0,24
2022-05-28T09:30:18,9,15,0,24
2022-05-28T09:40:32,9,15,0,24
2022-05-28T09:50:56,9,15,0,24
2022-05-28T10:01:10,9,15,0,24
2022-05-28T10:11:24,9,15,0,24
2022-05-28T10:21:38,9,15,0,24
2022-05-28T10:31:52,9,15,0,24
2022-05-28T10:42:06,9,15,0,24
2022-05-28T10:52:19,9,15,0,24
2022-05-28T11:02:33,9,15,0,24
2022-05-28T11:12:48,9,15,0,24
2022-05-28T11:23:01,9,15,0,24
2022-05-28T11:33:18,9,15,0,24
2022-05-28T11:43:33,9,15,0,24
2022-05-28T11:53:47,9,15,0,24
2022-05-28T12:04:00,9,15,0,24
2022-05-28T12:14:14,9,15,0,24
2022-05-28T12:24:28,9,15,0,24
2022-05-28T12:34:42,9,15,0,24
2022-05-28T12:44:56,9,15,0,24
2022-05-28T12:55:10,9,15,0,24
2022-05-28T13:05:34,9,15,0,24
2022-05-28T13:15:48,9,15,0,24
2022-05-28T13:26:02,9,15,0,24
2022-05-28T13:36:16,9,15,0,24
2022-05-28T13:46:30,9,15,0,24
2022-05-28T13:56:43,9,15,0,24
2022-05-28T14:06:57,9,15,0,24
2022-05-28T14:17:11,9,15,0,24
2022-05-28T14:27:34,9,15,0,24
2022-05-28T14:37:48,10,14,0,24
2022-05-28T14:48:02,10,14,0,24
2022-05-28T14:58:16,10,14,0,24
2022-05-28T15:08:30,10,14,0,24
2022-05-28T15:18:44,10,14,0,24
2022-05-28T15:28:58,11,13,0,24
2022-05-28T15:39:12,11,13,0,24
2022-05-28T15:49:26,11,13,0,24
2022-05-28T15:59:40,11,13,0,24
2022-05-28T16:09:54,11,13,0,24
2022-05-28T16:20:08,11,13,0,24
2022-05-28T16:30:22,11,13,0,24
2022-05-28T16:40:45,11,13,0,24
2022-05-28T16:50:59,11,13,0,24
2022-05-28T17:01:13,11,13,0,24
2022-05-28T17:11:28,11,13,0,24
2022-05-28T17:21:42,11,13,0,24
2022-05-28T17:31:56,11,13,0,24
2022-05-28T17:42:11,11,13,0,24
2022-05-28T17:52:25,11,13,0,24
2022-05-28T18:02:39,11,13,0,24
2022-05-28T18:12:53,11,13,0,24
2022-05-28T18:23:08,11,13,0,24
2022-05-28T18:33:22,11,13,0,24
2022-05-28T18:43:47,11,13,0,24
2022-05-28T18:54:01,11,13,0,24
2022-05-28T19:04:15,11,13,0,24
2022-05-28T19:14:29,11,13,0,24
2022-05-28T19:24:44,11,13,0,24
2022-05-28T19:34:58,11,13,0,24
2022-05-28T19:45:15,11,13,0,24
2022-05-28T19:55:29,11,13,0,24
2022-05-28T20:05:43,11,13,0,24
2022-05-28T20:15:57,11,13,0,24
2022-05-28T20:26:11,11,13,0,24
2022-05-28T20:36:24,11,13,0,24
2022-05-28T20:46:48,11,13,0,24
2022-05-28T20:57:02,11,13,0,24
2022-05-28T21:07:16,11,13,0,24
2022-05-28T21:17:30,11,13,0,24
2022-05-28T21:27:44,11,13,0,24
2022-05-28T21:37:58,11,13,0,24
2022-05-28T21:48:12,11,13,0,24
2022-05-28T21:58:26,11,13,0,24
2022-05-28T22:08:40,11,13,0,24
2022-05-28T22:18:54,11,13,0,24
2022-05-28T22:29:08,11,13,0,24
2022-05-28T22:39:34,11,13,0,24
2022-05-28T22:49:47,11,13,0,24
2022-05-28T23:00:01,11,13,0,24
2022-05-28T23:10:16,11,13,0,24
2022-05-28T23:20:30,11,13,0,24
2022-05-28T23:30:45,11,13,0,24
2022-05-28T23:40:59,11,13,0,24
2022-05-28T23:51:13,11,13,0,24
2022-05-29T00:01:27,11,13,0,24
2022-05-29T00:11:43,11,13,0,24
2022-05-29T00:22:00,11,13,0,24
2022-05-29T00:32:15,11,13,0,24
2022-05-29T00:42:39,11,13,0,24
2022-05-29T00:52:55,11,13,0,24
2022-05-29T01:03:10,11,13,0,24
2022-05-29T01:13:24,11,13,0,24
2022-05-29T01:23:39,11,13,0,24
2022-05-29T01:33:54,11,13,0,24
2022-05-29T01:44:10,11,13,0,24
2022-05-29T01:54:25,11,13,0,24
2022-05-29T02:04:41,11,13,0,24
2022-05-29T02:14:57,11,13,0,24
2022-05-29T02:25:12,11,13,0,24
2022-05-29T02:35:28,11,13,0,24
2022-05-29T02:45:43,11,13,0,24
2022-05-29T02:55:57,11,13,0,24
2022-05-29T03:06:12,11,13,0,24
2022-05-29T03:16:26,11,13,0,24
2022-05-29T03:26:41,11,13,0,24
2022-05-29T03:36:56,11,13,0,24
2022-05-29T03:47:22,11,13,0,24
2022-05-29T03:57:37,11,13,0,24
2022-05-29T04:09:29,11,13,0,24
2022-05-29T04:36:07,11,13,0,24
2022-05-29T04:46:26,11,13,0,24
2022-05-29T04:56:42,11,13,0,24
2022-05-29T05:07:01,11,13,0,24
2022-05-29T05:17:20,11,13,0,24
2022-05-29T05:27:36,11,13,0,24
2022-05-29T05:37:52,11,13,0,24
2022-05-29T05:48:07,11,13,0,24
2022-05-29T05:58:23,11,13,0,24
2022-05-29T06:08:37,11,13,0,24
2022-05-29T06:18:52,11,13,0,24
2022-05-29T06:29:07,11,13,0,24
2022-05-29T06:39:21,11,13,0,24
2022-05-29T06:49:34,11,13,0,24
2022-05-29T06:59:48,11,13,0,24
2022-05-29T07:10:02,11,13,0,24
2022-05-29T07:20:23,11,13,0,24
2022-05-29T07:30:37,11,13,0,24
2022-05-29T07:40:52,11,13,0,24
2022-05-29T07:51:06,11,13,0,24
2022-05-29T08:01:20,11,13,0,24
2022-05-29T08:11:34,11,13,0,24
2022-05-29T08:21:47,11,13,0,24
2022-05-29T08:32:02,11,13,0,24
2022-05-29T08:42:15,11,13,0,24
2022-05-29T08:52:29,11,13,0,24
2022-05-29T09:02:43,11,13,0,24
2022-05-29T09:12:57,11,13,0,24
2022-05-29T09:23:10,11,13,0,24
2022-05-29T09:33:24,11,13,0,24
2022-05-29T09:43:38,11,13,0,24
2022-05-29T09:54:00,11,13,0,24
2022-05-29T10:04:14,11,13,0,24
2022-05-29T10:14:28,11,13,0,24
2022-05-29T10:24:41,11,13,0,24
2022-05-29T10:34:55,11,13,0,24
2022-05-29T10:45:09,11,13,0,24
2022-05-29T10:55:23,11,13,0,24
2022-05-29T11:05:37,11,13,0,24
2022-05-29T11:15:51,11,13,0,24
2022-05-29T11:26:06,11,13,0,24
2022-05-29T11:36:19,11,13,0,24
2022-05-29T11:46:33,11,13,0,24
2022-05-29T11:56:47,11,13,0,24
2022-05-29T12:07:01,11,13,0,24
2022-05-29T12:17:27,11,13,0,24
2022-05-29T12:27:42,11,13,0,24
2022-05-29T12:37:56,11,13,0,24
2022-05-29T12:48:10,11,13,0,24
2022-05-29T12:58:24,11,13,0,24
2022-05-29T13:08:39,11,13,0,24
2022-05-29T13:18:53,11,13,0,24
2022-05-29T13:29:07,11,13,0,24
2022-05-29T13:39:22,11,13,0,24
2022-05-29T13:49:36,11,13,0,24
2022-05-29T13:59:50,11,13,0,24
2022-05-29T14:10:04,11,13,0,24
2022-05-29T14:20:28,11,13,0,24
2022-05-29T14:30:42,11,13,0,24
2022-05-29T14:40:56,11,13,0,24
2022-05-29T14:51:10,11,13,0,24
2022-05-29T15:01:24,11,13,0,24
2022-05-29T15:11:39,11,13,0,24
2022-05-29T15:21:52,11,13,0,24
2022-05-29T15:32:07,11,13,0,24
2022-05-29T15:42:20,11,13,0,24
2022-05-29T15:52:34,11,13,0,24
2022-05-29T16:02:48,11,13,0,24
2022-05-29T16:13:12,11,13,0,24
2022-05-29T16:23:26,11,13,0,24
2022-05-29T16:33:40,11,13,0,24
2022-05-29T16:43:54,11,13,0,24
2022-05-29T16:54:08,11,13,0,24
2022-05-29T17:04:22,11,13,0,24
2022-05-29T17:14:37,11,13,0,24
2022-05-29T17:24:51,11,13,0,24
2022-05-29T17:35:05,11,13,0,24
2022-05-29T17:45:28,11,13,0,24
2022-05-29T17:55:41,11,13,0,24
2022-05-29T18:05:55,11,13,0,24
2022-05-29T18:16:10,11,13,0,24
2022-05-29T18:26:24,11,13,0,24
2022-05-29T18:36:38,11,13,0,24
2022-05-29T18:46:52,11,13,0,24
2022-05-29T18:57:06,11,13,0,24
2022-05-29T19:07:20,11,13,0,24
2022-05-29T19:17:44,11,13,0,24
2022-05-29T19:27:59,11,13,0,24
2022-05-29T19:38:12,11,13,0,24
2022-05-29T19:48:27,11,13,0,24
2022-05-29T19:58:41,11,13,0,24
2022-05-29T20:08:54,11,13,0,24
2022-05-29T20:19:09,11,13,0,24
2022-05-29T20:29:23,11,13,0,24
2022-05-29T20:39:37,11,13,0,24
2022-05-29T20:49:51,11,13,0,24
2022-05-29T21:00:05,11,13,0,24
2022-05-29T21:10:19,11,13,0,24
2022-05-29T21:20:33,11,13,0,24
2022-05-29T21:30:47,11,13,0,24
2022-05-29T21:41:12,11,13,0,24
2022-05-29T21:51:26,11,13,0,24
2022-05-29T22:01:39,11,13,0,24
2022-05-29T22:11:53,11,13,0,24
2022-05-29T22:22:08,11,13,0,24
2022-05-29T22:32:22,11,13,0,24
2022-05-29T22:42:36,11,13,0,24
2022-05-29T22:52:50,11,13,0,24
2022-05-29T23:03:04,11,13,0,24
2022-05-29T23:13:19,11,13,0,24
2022-05-29T23:23:43,11,13,0,24
2022-05-29T23:33:59,11,13,0,24
2022-05-29T23:44:13,11,13,0,24
2022-05-29T23:54:27,11,13,0,24
2022-05-30T00:04:41,11,13,0,24
2022-05-30T00:14:57,11,13,0,24
2022-05-30T00:25:14,11,13,0,24
2022-05-30T00:35:31,11,13,0,24
2022-05-30T00:45:48,11,13,0,24
2022-05-30T00:56:04,11,13,0,24
2022-05-30T01:06:29,11,13,0,24
2022-05-30T01:16:46,11,13,0,24
2022-05-30T01:27:03,11,13,0,24
2022-05-30T01:37:20,11,13,0,24
2022-05-30T01:47:37,11,13,0,24
2022-05-30T01:57:53,11,13,0,24
2022-05-30T02:08:09,11,13,0,24
2022-05-30T02:18:24,11,13,0,24
2022-05-30T02:28:39,11,13,0,24
2022-05-30T02:38:54,11,13,0,24
2022-05-30T02:49:09,11,13,0,24
2022-05-30T02:59:23,11,13,0,24
2022-05-30T03:09:37,11,13,0,24
2022-05-30T03:19:52,11,13,0,24
2022-05-30T03:30:06,11,13,0,24
2022-05-30T03:40:23,11,13,0,24
2022-05-30T03:50:38,11,13,0,24
2022-05-30T04:01:03,11,13,0,24
2022-05-30T04:16:26,11,13,0,24
2022-05-30T04:27:51,11,13,0,24
2022-05-30T04:38:07,11,13,0,24
2022-05-30T04:48:24,11,13,0,24
2022-05-30T04:58:40,11,13,0,24
2022-05-30T05:08:59,11,13,0,24
2022-05-30T05:19:16,11,13,0,24
2022-05-30T05:29:33,11,13,0,24
2022-05-30T05:39:53,11,13,0,24
2022-05-30T05:50:09,11,13,0,24
2022-05-30T06:00:25,11,13,0,24
2022-05-30T06:10:40,11,13,0,24
2022-05-30T06:20:57,11,13,0,24
2022-05-30T06:31:13,11,13,0,24
2022-05-30T06:41:28,11,13,0,24
2022-05-30T06:51:43,11,13,0,24
2022-05-30T07:01:58,11,13,0,24
2022-05-30T07:12:12,11,13,0,24
2022-05-30T07:22:26,11,13,0,24
2022-05-30T07:32:41,11,13,0,24
2022-05-30T07:42:55,11,13,0,24
2022-05-30T07:53:24,11,13,0,24
2022-05-30T08:03:38,11,13,0,24
2022-05-30T08:13:52,11,13,0,24
2022-05-30T08:24:06,11,13,0,24
2022-05-30T08:34:21,11,13,0,24
2022-05-30T08:44:34,11,13,0,24
2022-05-30T08:54:49,11,13,0,24
2022-05-30T09:05:02,11,13,0,24
2022-05-30T09:15:16,11,13,0,24
2022-05-30T09:25:30,11,13,0,24
2022-05-30T09:35:45,11,13,0,24
2022-05-30T09:45:59,11,13,0,24
2022-05-30T09:56:15,11,13,0,24
2022-05-30T10:06:29,11,13,0,24
2022-05-30T10:16:45,11,13,0,24
2022-05-30T10:26:59,11,13,0,24
2022-05-30T10:37:31,11,13,0,24
2022-05-30T10:47:45,11,13,0,24
2022-05-30T10:58:00,11,13,0,24
2022-05-30T11:08:15,11,13,0,24
2022-05-30T11:18:29,11,13,0,24
2022-05-30T11:28:44,11,13,0,24
2022-05-30T11:38:58,11,13,0,24
2022-05-30T11:49:13,11,13,0,24
2022-05-30T11:59:28,11,13,0,24
2022-05-30T12:09:52,11,13,0,24
2022-05-30T12:20:06,11,13,0,24
2022-05-30T12:30:21,11,13,0,24
2022-05-30T12:40:36,11,13,0,24
2022-05-30T12:50:50,11,13,0,24
2022-05-30T13:01:04,11,13,0,24
2022-05-30T13:11:19,11,13,0,24
2022-05-30T13:21:49,11,13,0,24
2022-05-30T13:32:04,11,13,0,24
2022-05-30T13:42:18,11,13,0,24
2022-05-30T13:52:33,11,13,0,24
2022-05-30T14:02:47,11,13,0,24
2022-05-30T14:13:02,11,13,0,24
2022-05-30T14:23:17,11,13,0,24
2022-05-30T14:33:32,11,13,0,24
2022-05-30T14:43:56,11,13,0,24
2022-05-30T14:54:10,11,13,0,24
2022-05-30T15:04:25,11,13,0,24
2022-05-30T15:14:40,11,13,0,24
2022-05-30T15:24:55,11,13,0,24
2022-05-30T15:35:09,11,13,0,24
2022-05-30T15:45:24,11,13,0,24
2022-05-30T15:55:39,11,13,0,24
2022-05-30T16:06:03,11,13,0,24
2022-05-30T16:16:18,11,13,0,24
2022-05-30T16:26:33,11,13,0,24
2022-05-30T16:36:47,11,13,0,24
2022-05-30T16:47:02,11,13,0,24
2022-05-30T16:57:16,11,13,0,24
2022-05-30T17:07:32,11,13,0,24
2022-05-30T17:18:06,11,13,0,24
2022-05-30T17:28:20,11,13,0,24
2022-05-30T17:38:35,11,13,0,24
2022-05-30T17:48:49,11,13,0,24
2022-05-30T17:59:04,11,13,0,24
2022-05-30T18:09:18,11,13,0,24
2022-05-30T18:19:33,11,13,0,24
2022-05-30T18:29:47,11,13,0,24
2022-05-30T18:40:12,11,13,0,24
2022-05-30T18:50:26,11,13,0,24
2022-05-30T19:00:41,11,13,0,24
2022-05-30T19:10:56,11,13,0,24
2022-05-30T19:21:11,11,13,0,24
2022-05-30T19:31:25,11,13,0,24
2022-05-30T19:41:40,11,13,0,24
2022-05-30T19:52:04,11,13,0,24
2022-05-30T20:02:19,11,13,0,24
2022-05-30T20:12:33,11,13,0,24
2022-05-30T20:22:48,11,13,0,24
2022-05-30T20:33:03,11,13,0,24
2022-05-30T20:43:18,11,13,0,24
2022-05-30T20:53:32,11,13,0,24
2022-05-30T21:04:04,11,13,0,24
2022-05-30T21:14:19,11,13,0,24
2022-05-30T21:24:34,11,13,0,24
2022-05-30T21:34:48,11,13,0,24
2022-05-30T21:45:04,11,13,0,24
2022-05-30T21:55:19,11,13,0,24
2022-05-30T22:05:44,11,13,0,24
2022-05-30T22:15:59,11,13,0,24
2022-05-30T22:26:16,11,13,0,24
2022-05-30T22:36:31,11,13,0,24
2022-05-30T22:46:46,11,13,0,24
2022-05-30T22:57:01,11,13,0,24
2022-05-30T23:07:33,11,13,0,24
2022-05-30T23:17:48,11,13,0,24
2022-05-30T23:28:03,11,13,0,24
2022-05-30T23:38:18,11,13,0,24
2022-05-30T23:48:33,11,13,0,24
2022-05-30T23:58:57,12,12,0,24
2022-05-31T00:09:13,12,12,0,24
2022-05-31T00:19:30,12,12,0,24
2022-05-31T00:29:46,12,12,0,24
2022-05-31T00:40:01,12,12,0,24
2022-05-31T00:50:16,12,12,0,24
2022-05-31T01:00:30,12,12,0,24
2022-05-31T01:11:09,12,12,0,24
2022-05-31T01:21:24,12,12,0,24
2022-05-31T01:31:41,12,12,0,24
2022-05-31T01:41:56,12,12,0,24
2022-05-31T01:52:11,12,12,0,24
2022-05-31T02:02:25,12,12,0,24
2022-05-31T02:12:42,12,12,0,24
2022-05-31T02:22:57,12,12,0,24
2022-05-31T02:33:13,12,12,0,24
2022-05-31T02:43:28,12,12,0,24
2022-05-31T02:53:52,12,12,0,24
2022-05-31T03:04:07,12,12,0,24
2022-05-31T03:14:23,12,12,0,24
2022-05-31T03:24:38,12,12,0,24
2022-05-31T03:34:53,12,12,0,24
2022-05-31T03:45:10,12,12,0,24
2022-05-31T03:55:26,12,12,0,24
2022-05-31T04:05:43,12,12,0,24
2022-05-31T04:16:00,12,12,0,24
2022-05-31T04:33:06,12,12,0,24
2022-05-31T04:43:25,12,12,0,24
2022-05-31T04:53:42,12,12,0,24
2022-05-31T05:04:00,12,12,0,24
2022-05-31T05:14:16,12,12,0,24
2022-05-31T05:24:34,12,12,0,24
2022-05-31T05:34:51,12,12,0,24
2022-05-31T05:45:07,12,12,0,24
2022-05-31T05:55:24,12,12,0,24
2022-05-31T06:05:40,12,12,0,24
2022-05-31T06:15:55,12,12,0,24
2022-05-31T06:26:11,12,12,0,24
2022-05-31T06:36:25,12,12,0,24
2022-05-31T06:46:40,12,12,0,24
2022-05-31T06:56:57,12,12,0,24
2022-05-31T07:07:20,12,12,0,24
2022-05-31T07:17:40,12,12,0,24
2022-05-31T07:27:58,12,12,0,24
2022-05-31T07:38:18,12,12,0,24
2022-05-31T07:48:37,12,12,0,24
2022-05-31T07:58:58,12,12,0,24
2022-05-31T08:09:19,12,12,0,24
2022-05-31T08:19:39,12,12,0,24
2022-05-31T08:29:59,12,12,0,24
2022-05-31T08:40:32,12,12,0,24
2022-05-31T08:50:58,12,12,0,24
2022-05-31T09:01:30,12,12,0,24
2022-05-31T09:12:02,12,12,0,24
2022-05-31T09:22:29,12,12,0,24
2022-05-31T09:32:55,12,12,0,24
2022-05-31T09:43:23,12,12,0,24
2022-05-31T09:53:49,12,12,0,24
2022-05-31T10:04:28,12,12,0,24
2022-05-31T10:14:53,12,12,0,24
2022-05-31T10:25:17,12,12,0,24
2022-05-31T10:35:42,12,12,0,24
2022-05-31T10:46:03,12,12,0,24
2022-05-31T10:56:25,12,12,0,24
2022-05-31T11:07:06,12,12,0,24
2022-05-31T11:17:28,12,12,0,24
2022-05-31T11:27:50,12,12,0,24
2022-05-31T11:38:12,12,12,0,24
2022-05-31T11:48:46,12,12,0,24
2022-05-31T11:59:08,12,12,0,24
2022-05-31T12:09:29,12,12,0,24
2022-05-31T12:19:50,12,12,0,24
2022-05-31T12:30:12,12,12,0,24
2022-05-31T12:40:46,12,12,0,24
2022-05-31T12:51:07,12,12,0,24
2022-05-31T13:01:29,12,12,0,24
2022-05-31T13:11:51,12,12,0,24
2022-05-31T13:22:13,12,12,0,24
2022-05-31T13:32:46,12,12,0,24
2022-05-31T13:43:08,12,12,0,24
2022-05-31T13:53:31,13,11,0,24
2022-05-31T14:03:56,14,10,0,24
2022-05-31T14:14:39,14,10,0,24
2022-05-31T14:25:01,14,10,0,24
2022-05-31T14:35:24,14,10,0,24
2022-05-31T14:45:46,14,10,0,24
2022-05-31T14:56:09,15,9,0,24
2022-05-31T15:06:43,15,9,0,24
2022-05-31T15:17:05,15,9,0,24
2022-05-31T15:27:27,15,9,0,24
2022-05-31T15:37:49,15,9,0,24
2022-05-31T15:48:11,15,9,0,24
2022-05-31T15:58:32,15,9,0,24
2022-05-31T16:09:05,15,9,0,24
2022-05-31T16:19:27,15,9,0,24
2022-05-31T16:29:48,15,9,0,24
2022-05-31T16:40:10,16,8,0,24
2022-05-31T16:50:31,16,8,0,24
2022-05-31T17:01:02,16,8,0,24
2022-05-31T17:11:25,16,8,0,24
2022-05-31T17:21:46,16,8,0,24
2022-05-31T17:32:06,16,8,0,24
2022-05-31T17:42:26,16,8,0,24
2022-05-31T17:52:47,16,8,0,24
2022-05-31T18:03:19,16,8,0,24
2022-05-31T18:13:39,16,8,0,24
2022-05-31T18:24:00,16,8,0,24
2022-05-31T18:34:20,16,8,0,24
2022-05-31T18:44:41,16,8,0,24
2022-05-31T18:55:02,16,8,0,24
2022-05-31T19:05:35,16,8,0,24
2022-05-31T19:15:56,16,8,0,24
2022-05-31T19:26:16,16,8,0,24
2022-05-31T19:36:36,16,8,0,24
2022-05-31T19:46:57,16,8,0,24
2022-05-31T19:57:17,16,8,0,24
2022-05-31T20:07:49,16,8,0,24
2022-05-31T20:18:11,16,8,0,24
2022-05-31T20:28:30,17,7,0,24
2022-05-31T20:38:50,17,7,0,24
2022-05-31T20:49:10,17,7,0,24
2022-05-31T20:59:41,17,7,0,24
2022-05-31T21:10:01,17,7,0,24
2022-05-31T21:20:20,17,7,0,24
2022-05-31T21:30:39,17,7,0,24
2022-05-31T21:40:58,17,7,0,24
2022-05-31T21:51:39,17,7,0,24
2022-05-31T22:01:59,17,7,0,24
2022-05-31T22:12:19,17,7,0,24
2022-05-31T22:22:38,17,7,0,24
2022-05-31T22:32:57,17,7,0,24
2022-05-31T22:43:17,17,7,0,24
2022-05-31T22:53:36,17,7,0,24
2022-05-31T23:04:08,17,7,0,24
2022-05-31T23:14:28,17,7,0,24
2022-05-31T23:24:47,17,7,0,24
2022-05-31T23:35:07,17,7,0,24
2022-05-31T23:45:26,17,7,0,24
2022-05-31T23:55:45,17,7,0,24
2022-06-01T00:06:10,17,7,0,24
2022-06-01T00:16:43,17,7,0,24
2022-06-01T00:27:03,17,7,0,24
2022-06-01T00:37:25,17,7,0,24
2022-06-01T00:47:47,17,7,0,24
2022-06-01T00:58:08,17,7,0,24
2022-06-01T01:08:30,17,7,0,24
2022-06-01T01:18:50,17,7,0,24
2022-06-01T01:29:10,17,7,0,24
2022-06-01T01:39:30,17,7,0,24
2022-06-01T01:49:50,17,7,0,24
2022-06-01T02:00:10,17,7,0,24
2022-06-01T02:10:30,17,7,0,24
2022-06-01T02:21:04,17,7,0,24
2022-06-01T02:31:31,17,7,0,24
2022-06-01T02:41:51,17,7,0,24
2022-06-01T02:52:11,17,7,0,24
2022-06-01T03:02:31,17,7,0,24
2022-06-01T03:12:51,17,7,0,24
2022-06-01T03:23:10,17,7,0,24
2022-06-01T03:33:29,17,7,0,24
2022-06-01T03:43:49,17,7,0,24
2022-06-01T03:54:08,17,7,0,24
2022-06-01T04:04:29,17,7,0,24
2022-06-01T04:14:50,17,7,0,24
2022-06-01T04:29:19,17,7,0,24
2022-06-01T04:39:39,17,7,0,24
2022-06-01T04:50:00,17,7,0,24
2022-06-01T05:00:20,17,7,0,24
2022-06-01T05:11:08,17,7,0,24
2022-06-01T05:22:48,17,7,0,24
2022-06-01T05:33:09,17,7,0,24
2022-06-01T05:43:31,17,7,0,24
2022-06-01T05:53:53,17,7,0,24
2022-06-01T06:04:14,17,7,0,24
2022-06-01T06:14:35,17,7,0,24
2022-06-01T06:24:55,17,7,0,24
2022-06-01T06:35:15,17,7,0,24
2022-06-01T06:45:34,17,7,0,24
2022-06-01T06:55:53,17,7,0,24
2022-06-01T07:06:13,17,7,0,24
2022-06-01T07:16:32,17,7,0,24
2022-06-01T07:26:52,17,7,0,24
2022-06-01T07:37:11,16,8,0,24
2022-06-01T07:47:32,16,8,0,24
2022-06-01T07:57:55,16,8,0,24
2022-06-01T08:08:16,16,8,0,24
2022-06-01T08:18:37,16,8,0,24
2022-06-01T08:29:09,16,8,0,24
2022-06-01T08:39:31,16,8,0,24
2022-06-01T08:49:51,17,7,0,24
2022-06-01T09:00:12,17,7,0,24
2022-06-01T09:10:34,17,7,0,24
2022-06-01T09:20:57,17,7,0,24
2022-06-01T09:31:19,18,6,0,24
2022-06-01T09:41:41,18,6,0,24
2022-06-01T09:52:04,18,6,0,24
2022-06-01T10:02:26,18,6,0,24
2022-06-01T10:12:50,18,6,0,24
2022-06-01T10:23:24,18,6,0,24
2022-06-01T10:33:47,18,6,0,24
2022-06-01T10:44:10,18,6,0,24
2022-06-01T10:54:32,18,6,0,24
2022-06-01T11:05:00,18,6,0,24
2022-06-01T11:15:29,18,6,0,24
2022-06-01T11:25:57,19,5,0,24
2022-06-01T11:36:36,19,5,0,24
2022-06-01T11:47:02,19,5,0,24
2022-06-01T11:57:31,19,5,0,24
2022-06-01T12:08:01,19,5,0,24
2022-06-01T12:18:33,19,5,0,24
2022-06-01T12:29:15,19,5,0,24
2022-06-01T12:39:49,19,5,0,24
2022-06-01T12:50:23,19,5,0,24
2022-06-01T13:00:59,19,5,0,24
2022-06-01T13:11:30,19,5,0,24
2022-06-01T13:22:02,19,5,0,24
2022-06-01T13:32:44,19,5,0,24
2022-06-01T13:43:15,19,5,0,24
2022-06-01T13:53:45,19,5,0,24
2022-06-01T14:04:16,19,5,0,24
2022-06-01T14:14:46,19,5,0,24
2022-06-01T14:25:25,19,5,0,24
2022-06-01T14:35:53,19,5,0,24
2022-06-01T14:46:19,19,5,0,24
2022-06-01T14:56:43,19,5,0,24
2022-06-01T15:07:08,19,5,0,24
2022-06-01T15:17:45,19,5,0,24
2022-06-01T15:28:10,19,5,0,24
2022-06-01T15:38:33,19,5,0,24
2022-06-01T15:48:57,19,5,0,24
2022-06-01T15:59:21,19,5,0,24
2022-06-01T16:09:45,19,5,0,24
2022-06-01T16:20:22,19,5,0,24
2022-06-01T16:30:45,19,5,0,24
2022-06-01T16:41:09,19,5,0,24
2022-06-01T16:51:33,19,5,0,24
2022-06-01T17:01:58,19,5,0,24
2022-06-01T17:12:34,19,5,0,24
2022-06-01T17:22:58,19,5,0,24
2022-06-01T17:33:20,19,5,0,24
2022-06-01T17:43:42,19,5,0,24
2022-06-01T17:54:18,19,5,0,24
2022-06-01T18:04:42,19,5,0,24
2022-06-01T18:15:05,19,5,0,24
2022-06-01T18:25:28,19,5,0,24
2022-06-01T18:35:52,19,5,0,24
2022-06-01T18:46:14,19,5,0,24
2022-06-01T18:56:49,19,5,0,24
2022-06-01T19:07:11,19,5,0,24
2022-06-01T19:17:33,19,5,0,24
2022-06-01T19:27:56,19,5,0,24
2022-06-01T19:38:30,19,5,0,24
2022-06-01T19:48:53,19,5,0,24
2022-06-01T19:59:15,19,5,0,24
2022-06-01T20:09:37,19,5,0,24
2022-06-01T20:20:00,19,5,0,24
2022-06-01T20:30:34,19,5,0,24
2022-06-01T20:40:57,19,5,0,24
2022-06-01T20:51:19,19,5,0,24
2022-06-01T21:01:41,19,5,0,24
2022-06-01T21:12:02,19,5,0,24
2022-06-01T21:22:35,19,5,0,24
2022-06-01T21:32:58,19,5,0,24
2022-06-01T21:43:19,19,5,0,24
2022-06-01T21:53:41,19,5,0,24
2022-06-01T22:04:02,19,5,0,24
2022-06-01T22:14:26,19,5,0,24
2022-06-01T22:25:00,19,5,0,24
2022-06-01T22:35:22,19,5,0,24
2022-06-01T22:45:43,19,5,0,24
2022-06-01T22:56:04,19,5,0,24
2022-06-01T23:06:25,19,5,0,24
2022-06-01T23:16:47,19,5,0,24
2022-06-01T23:27:19,19,5,0,24
2022-06-01T23:37:41,19,5,0,24
2022-06-01T23:48:02,19,5,0,24
2022-06-01T23:58:23,19,5,0,24
2022-06-02T00:08:45,19,5,0,24
2022-06-02T00:19:22,19,5,0,24
2022-06-02T00:29:45,19,5,0,24
2022-06-02T00:40:08,19,5,0,24
2022-06-02T00:50:30,19,5,0,24
2022-06-02T01:00:53,19,5,0,24
2022-06-02T01:11:15,19,5,0,24
2022-06-02T01:21:36,19,5,0,24
2022-06-02T01:31:59,19,5,0,24
2022-06-02T01:42:20,19,5,0,24
2022-06-02T01:52:43,19,5,0,24
2022-06-02T02:03:08,19,5,0,24
2022-06-02T02:13:36,19,5,0,24
2022-06-02T02:24:12,19,5,0,24
2022-06-02T02:34:35,19,5,0,24
2022-06-02T02:44:58,19,5,0,24
2022-06-02T02:55:23,19,5,0,24
2022-06-02T03:05:46,19,5,0,24
2022-06-02T03:16:08,19,5,0,24
2022-06-02T03:26:34,19,5,0,24
2022-06-02T03:37:02,19,5,0,24
2022-06-02T03:47:28,19,5,0,24
2022-06-02T03:57:56,19,5,0,24
2022-06-02T04:11:00,19,5,0,24
2022-06-02T04:32:26,19,5,0,24
2022-06-02T04:42:56,19,5,0,24
2022-06-02T04:53:28,19,5,0,24
2022-06-02T05:03:57,19,5,0,24
2022-06-02T05:14:26,19,5,0,24
2022-06-02T05:24:55,19,5,0,24
2022-06-02T05:35:21,19,5,0,24
2022-06-02T05:45:47,19,5,0,24
2022-06-02T05:56:14,19,5,0,24
2022-06-02T06:06:36,19,5,0,24
2022-06-02T06:16:59,19,5,0,24
2022-06-02T06:27:21,19,5,0,24
2022-06-02T06:37:44,19,5,0,24
2022-06-02T06:48:06,19,5,0,24
2022-06-02T06:58:28,19,5,0,24
2022-06-02T07:08:52,19,5,0,24
2022-06-02T07:19:15,19,5,0,24
2022-06-02T07:29:37,19,5,0,24
2022-06-02T07:39:59,19,5,0,24
2022-06-02T07:50:20,19,5,0,24
2022-06-02T09:37:05,19,5,0,24
2022-06-02T09:47:30,19,5,0,24
2022-06-02T09:57:55,19,5,0,24
2022-06-02T10:08:25,19,5,0,24
2022-06-02T10:18:49,19,5,0,24
2022-06-02T10:29:14,19,5,0,24
2022-06-02T10:39:49,19,5,0,24
2022-06-02T10:50:15,19,5,0,24
2022-06-02T11:00:41,19,5,0,24
2022-06-02T11:11:08,19,5,0,24
2022-06-02T11:21:34,19,5,0,24
2022-06-02T11:32:16,19,5,0,24
2022-06-02T11:42:41,19,5,0,24
2022-06-02T11:53:05,19,5,0,24
2022-06-02T12:03:30,19,5,0,24
2022-06-02T12:13:54,19,5,0,24
2022-06-02T12:24:29,19,5,0,24
2022-06-02T12:34:53,19,5,0,24
2022-06-02T12:45:18,19,5,0,24
2022-06-02T12:55:42,19,5,0,24
2022-06-02T13:06:07,19,5,0,24
2022-06-02T13:16:32,19,5,0,24
2022-06-02T13:27:14,19,5,0,24
2022-06-02T13:37:49,19,5,0,24
2022-06-02T13:48:23,19,5,0,24
2022-06-02T13:58:59,19,5,0,24
2022-06-02T14:09:41,19,5,0,24
2022-06-02T14:20:20,19,5,0,24
2022-06-02T14:31:10,19,5,0,24
2022-06-02T14:41:45,19,5,0,24
2022-06-02T14:52:16,19,5,0,24
2022-06-02T15:02:54,19,5,0,24
2022-06-02T15:13:28,19,5,0,24
2022-06-02T15:24:02,19,5,0,24
2022-06-02T15:34:46,19,5,0,24
2022-06-02T15:45:19,19,5,0,24
2022-06-02T15:55:52,19,5,0,24
2022-06-02T16:06:24,19,5,0,24
2022-06-02T16:16:57,19,5,0,24
2022-06-02T16:27:29,19,5,0,24
2022-06-02T16:37:56,19,5,0,24
2022-06-02T16:48:35,19,5,0,24
2022-06-02T16:59:00,19,5,0,24
2022-06-02T17:09:24,19,5,0,24
2022-06-02T17:19:46,19,5,0,24
2022-06-02T17:30:08,19,5,0,24
2022-06-02T17:40:31,19,5,0,24
2022-06-02T17:50:53,19,5,0,24
2022-06-02T18:01:26,19,5,0,24
2022-06-02T18:11:48,19,5,0,24
2022-06-02T18:22:10,19,5,0,24
2022-06-02T18:32:32,19,5,0,24
2022-06-02T18:42:54,19,5,0,24
2022-06-02T18:53:17,19,5,0,24
2022-06-02T19:03:39,19,5,0,24
2022-06-02T19:14:01,19,5,0,24
2022-06-02T19:24:23,19,5,0,24
2022-06-02T19:34:56,19,5,0,24
2022-06-02T19:45:17,19,5,0,24
2022-06-02T19:55:39,19,5,0,24
2022-06-02T20:06:01,19,5,0,24
2022-06-02T20:16:23,19,5,0,24
2022-06-02T20:26:46,19,5,0,24
2022-06-02T20:37:08,19,5,0,24
2022-06-02T20:47:31,19,5,0,24
2022-06-02T20:57:52,19,5,0,24
2022-06-02T21:08:26,20,4,0,24
2022-06-02T21:18:48,20,4,0,24
2022-06-02T21:29:10,20,4,0,24
2022-06-02T21:39:31,20,4,0,24
2022-06-02T21:49:53,20,4,0,24
2022-06-02T22:00:15,20,4,0,24
2022-06-02T22:10:37,20,4,0,24
2022-06-02T22:20:59,20,4,0,24
2022-06-02T22:31:23,20,4,0,24
2022-06-02T22:41:53,20,4,0,24
2022-06-02T22:52:30,20,4,0,24
2022-06-02T23:02:57,20,4,0,24
2022-06-02T23:13:24,20,4,0,24
2022-06-02T23:23:52,20,4,0,24
2022-06-02T23:34:19,20,4,0,24
2022-06-02T23:44:48,20,4,0,24
2022-06-02T23:55:19,20,4,0,24
2022-06-03T00:05:51,20,4,0,24
2022-06-03T00:16:27,20,4,0,24
2022-06-03T00:27:12,20,4,0,24
2022-06-03T00:37:45,20,4,0,24
2022-06-03T00:48:17,20,4,0,24
2022-06-03T00:58:47,20,4,0,24
2022-06-03T01:09:24,20,4,0,24
2022-06-03T01:19:54,20,4,0,24
2022-06-03T01:30:21,20,4,0,24
2022-06-03T01:40:47,20,4,0,24
2022-06-03T01:51:11,20,4,0,24
2022-06-03T02:01:34,20,4,0,24
2022-06-03T02:11:57,20,4,0,24
2022-06-03T02:22:18,20,4,0,24
2022-06-03T02:32:40,20,4,0,24
2022-06-03T02:43:16,20,4,0,24
2022-06-03T02:53:40,20,4,0,24
2022-06-03T03:04:04,20,4,0,24
2022-06-03T03:14:26,20,4,0,24
2022-06-03T03:24:47,20,4,0,24
2022-06-03T03:35:09,20,4,0,24
2022-06-03T03:45:32,20,4,0,24
2022-06-03T03:57:57,20,4,0,24
2022-06-03T04:09:01,20,4,0,24
2022-06-03T04:20:25,20,4,0,24
2022-06-03T04:31:11,20,4,0,24
2022-06-03T04:41:36,20,4,0,24
2022-06-03T04:51:59,20,4,0,24
2022-06-03T05:02:23,20,4,0,24
2022-06-03T05:12:49,20,4,0,24
2022-06-03T05:23:13,20,4,0,24
2022-06-03T05:33:37,20,4,0,24
2022-06-03T05:44:02,20,4,0,24
2022-06-03T05:54:26,20,4,0,24
2022-06-03T06:04:50,20,4,0,24
2022-06-03T06:15:13,20,4,0,24
2022-06-03T06:25:37,20,4,0,24
2022-06-03T06:36:01,20,4,0,24
2022-06-03T06:46:23,20,4,0,24
2022-06-03T06:56:44,20,4,0,24
2022-06-03T07:07:07,20,4,0,24
2022-06-03T07:17:29,20,4,0,24
2022-06-03T07:27:51,20,4,0,24
2022-06-03T07:38:13,20,4,0,24
2022-06-03T07:48:35,20,4,0,24
2022-06-03T07:58:57,20,4,0,24
2022-06-03T08:09:20,20,4,0,24
2022-06-03T08:19:42,20,4,0,24
2022-06-03T08:30:05,20,4,0,24
2022-06-03T08:40:27,20,4,0,24
2022-06-03T08:50:49,20,4,0,24
2022-06-03T09:01:12,20,4,0,24
2022-06-03T09:11:40,20,4,0,24
2022-06-03T09:22:05,20,4,0,24
2022-06-03T09:32:40,20,4,0,24
2022-06-03T09:43:04,20,4,0,24
2022-06-03T09:53:27,20,4,0,24
2022-06-03T10:03:51,20,4,0,24
2022-06-03T10:14:15,20,4,0,24
2022-06-03T10:24:39,20,4,0,24
2022-06-03T10:35:03,20,4,0,24
2022-06-03T10:45:28,20,4,0,24
2022-06-03T10:55:53,20,4,0,24
2022-06-03T11:06:19,20,4,0,24
2022-06-03T11:16:57,20,4,0,24
2022-06-03T11:27:22,20,4,0,24
2022-06-03T11:37:46,20,4,0,24
2022-06-03T11:48:10,20,4,0,24
2022-06-03T11:58:35,20,4,0,24
2022-06-03T12:09:00,20,4,0,24
2022-06-03T12:19:24,20,4,0,24
2022-06-03T12:29:49,20,4,0,24
2022-06-03T12:40:13,20,4,0,24
2022-06-03T12:50:38,20,4,0,24
2022-06-03T13:01:02,20,4,0,24
2022-06-03T13:11:26,20,4,0,24
2022-06-03T13:22:03,20,4,0,24
2022-06-03T13:32:28,20,4,0,24
2022-06-03T13:43:00,20,4,0,24
2022-06-03T13:53:24,20,4,0,24
2022-06-03T14:03:50,20,4,0,24
2022-06-03T14:14:48,20,4,0,24
2022-06-03T14:25:16,20,4,0,24
2022-06-03T14:35:44,20,4,0,24
2022-06-03T14:46:23,20,4,0,24
2022-06-03T14:56:49,20,4,0,24
2022-06-03T15:07:14,20,4,0,24
2022-06-03T15:17:39,20,4,0,24
2022-06-03T15:28:04,20,4,0,24
2022-06-03T15:38:29,20,4,0,24
2022-06-03T15:48:53,20,4,0,24
2022-06-03T15:59:17,20,4,0,24
2022-06-03T16:09:42,20,4,0,24
2022-06-03T16:20:07,20,4,0,24
2022-06-03T16:30:31,20,4,0,24
2022-06-03T16:40:55,20,4,0,24
2022-06-03T16:51:32,20,4,0,24
2022-06-03T17:01:55,20,4,0,24
2022-06-03T17:12:19,20,4,0,24
2022-06-03T17:22:43,20,4,0,24
2022-06-03T17:33:08,20,4,0,24
2022-06-03T17:43:35,20,4,0,24
2022-06-03T17:53:58,20,4,0,24
2022-06-03T18:04:32,20,4,0,24
2022-06-03T18:14:55,20,4,0,24
2022-06-03T18:25:18,20,4,0,24
2022-06-03T18:35:41,20,4,0,24
2022-06-03T18:46:04,20,4,0,24
2022-06-03T18:56:26,20,4,0,24
2022-06-03T19:06:49,20,4,0,24
2022-06-03T19:17:12,20,4,0,24
2022-06-03T19:27:35,20,4,0,24
2022-06-03T19:37:58,20,4,0,24
2022-06-03T19:48:20,20,4,0,24
2022-06-03T19:58:55,20,4,0,24
2022-06-03T20:09:18,20,4,0,24
2022-06-03T20:19:41,20,4,0,24
2022-06-03T20:30:04,20,4,0,24
2022-06-03T20:40:27,20,4,0,24
2022-06-03T20:50:50,20,4,0,24
2022-06-03T21:01:12,20,4,0,24
2022-06-03T21:11:35,20,4,0,24
2022-06-03T21:21:58,20,4,0,24
2022-06-03T21:32:20,20,4,0,24
2022-06-03T21:42:53,20,4,0,24
2022-06-03T21:53:15,20,4,0,24
2022-06-03T22:03:38,20,4,0,24
2022-06-03T22:14:02,20,4,0,24
2022-06-03T22:24:28,20,4,0,24
2022-06-03T22:34:58,20,4,0,24
2022-06-03T22:45:24,20,4,0,24
2022-06-03T22:55:53,20,4,0,24
2022-06-03T23:06:36,20,4,0,24
2022-06-03T23:17:05,20,4,0,24
2022-06-03T23:27:37,20,4,0,24
2022-06-03T23:38:03,20,4,0,24
2022-06-03T23:48:31,20,4,0,24
2022-06-03T23:59:01,20,4,0,24
2022-06-04T00:09:28,20,4,0,24
2022-06-04T00:19:57,20,4,0,24
2022-06-04T00:30:27,20,4,0,24
2022-06-04T00:41:10,20,4,0,24
2022-06-04T00:51:42,20,4,0,24
2022-06-04T01:02:11,20,4,0,24
2022-06-04T01:12:42,20,4,0,24
2022-06-04T01:23:12,20,4,0,24
2022-06-04T01:33:43,20,4,0,24
2022-06-04T01:44:14,20,4,0,24
2022-06-04T01:54:44,20,4,0,24
2022-06-04T02:05:10,20,4,0,24
2022-06-04T02:15:37,20,4,0,24
2022-06-04T02:26:00,20,4,0,24
2022-06-04T02:36:22,20,4,0,24
2022-06-04T02:46:44,20,4,0,24
2022-06-04T02:57:06,20,4,0,24
2022-06-04T03:07:28,20,4,0,24
2022-06-04T03:17:50,20,4,0,24
2022-06-04T03:28:11,20,4,0,24
2022-06-04T03:38:35,20,4,0,24
2022-06-04T03:49:00,20,4,0,24
2022-06-04T03:59:35,20,4,0,24
2022-06-04T04:09:59,20,4,0,24
2022-06-04T04:20:15,20,4,0,24
2022-06-04T04:30:57,20,4,0,24
2022-06-04T04:41:23,20,4,0,24
2022-06-04T04:51:47,20,4,0,24
2022-06-04T05:02:12,20,4,0,24
2022-06-04T05:12:36,20,4,0,24
2022-06-04T05:23:01,20,4,0,24
2022-06-04T05:33:25,20,4,0,24
2022-06-04T05:43:50,20,4,0,24
2022-06-04T05:54:15,20,4,0,24
2022-06-04T06:04:39,20,4,0,24
2022-06-04T06:15:02,20,4,0,24
2022-06-04T06:25:26,20,4,0,24
2022-06-04T06:35:50,20,4,0,24
2022-06-04T06:46:14,20,4,0,24
2022-06-04T06:56:38,20,4,0,24
2022-06-04T07:07:02,20,4,0,24
2022-06-04T07:17:27,20,4,0,24
2022-06-04T07:27:51,20,4,0,24
2022-06-04T07:38:17,20,4,0,24
2022-06-04T07:48:43,20,4,0,24
2022-06-04T07:59:07,20,4,0,24
2022-06-04T08:09:31,20,4,0,24
2022-06-04T08:19:55,20,4,0,24
2022-06-04T08:30:18,20,4,0,24
2022-06-04T08:40:50,20,4,0,24
2022-06-04T08:51:14,20,4,0,24
2022-06-04T09:01:37,20,4,0,24
2022-06-04T09:12:01,20,4,0,24
2022-06-04T09:22:24,20,4,0,24
2022-06-04T09:32:47,20,4,0,24
2022-06-04T09:43:10,20,4,0,24
2022-06-04T09:53:33,20,4,0,24
2022-06-04T10:03:55,20,4,0,24
2022-06-04T10:14:18,20,4,0,24
2022-06-04T10:24:40,20,4,0,24
2022-06-04T10:35:03,20,4,0,24
2022-06-04T10:45:25,20,4,0,24
2022-06-04T10:55:48,20,4,0,24
2022-06-04T11:06:11,20,4,0,24
2022-06-04T11:16:33,20,4,0,24
2022-06-04T11:27:09,20,4,0,24
2022-06-04T11:37:32,20,4,0,24
2022-06-04T11:47:54,20,4,0,24
2022-06-04T11:58:16,20,4,0,24
2022-06-04T12:08:38,20,4,0,24
2022-06-04T12:19:00,20,4,0,24
2022-06-04T12:29:23,20,4,0,24
2022-06-04T12:39:47,20,4,0,24
2022-06-04T12:50:10,20,4,0,24
2022-06-04T13:00:32,20,4,0,24
2022-06-04T13:11:06,20,4,0,24
2022-06-04T13:21:29,20,4,0,24
2022-06-04T13:31:51,20,4,0,24
2022-06-04T13:42:13,20,4,0,24
2022-06-04T13:52:36,20,4,0,24
2022-06-04T14:02:58,20,4,0,24
2022-06-04T14:13:21,20,4,0,24
2022-06-04T14:23:43,20,4,0,24
2022-06-04T14:34:06,20,4,0,24
2022-06-04T14:44:41,20,4,0,24
2022-06-04T14:55:04,20,4,0,24
2022-06-04T15:05:26,20,4,0,24
2022-06-04T15:15:49,20,4,0,24
2022-06-04T15:26:11,20,4,0,24
2022-06-04T15:36:33,20,4,0,24
2022-06-04T15:46:55,20,4,0,24
2022-06-04T15:57:18,20,4,0,24
2022-06-04T16:07:40,20,4,0,24
2022-06-04T16:18:02,20,4,0,24
2022-06-04T16:28:24,20,4,0,24
2022-06-04T16:38:48,20,4,0,24
2022-06-04T16:49:10,20,4,0,24
2022-06-04T16:59:43,20,4,0,24
2022-06-04T17:10:06,20,4,0,24
2022-06-04T17:20:29,20,4,0,24
2022-06-04T17:30:51,20,4,0,24
2022-06-04T17:41:13,20,4,0,24
2022-06-04T17:51:35,20,4,0,24
2022-06-04T18:01:58,20,4,0,24
2022-06-04T18:12:20,20,4,0,24
2022-06-04T18:22:43,20,4,0,24
2022-06-04T18:33:06,20,4,0,24
2022-06-04T18:43:29,20,4,0,24
2022-06-04T18:53:51,20,4,0,24
2022-06-04T19:04:24,20,4,0,24
2022-06-04T19:14:47,20,4,0,24
2022-06-04T19:25:09,20,4,0,24
2022-06-04T19:35:31,20,4,0,24
2022-06-04T19:45:52,20,4,0,24
2022-06-04T19:56:14,20,4,0,24
2022-06-04T20:06:37,20,4,0,24
2022-06-04T20:16:59,20,4,0,24
2022-06-04T20:27:21,20,4,0,24
2022-06-04T20:37:43,20,4,0,24
2022-06-04T20:48:06,20,4,0,24
2022-06-04T20:58:28,20,4,0,24
2022-06-04T21:09:03,20,4,0,24
2022-06-04T21:19:26,20,4,0,24
2022-06-04T21:29:48,20,4,0,24
2022-06-04T21:40:10,20,4,0,24
2022-06-04T21:50:32,20,4,0,24
2022-06-04T22:00:54,20,4,0,24
2022-06-04T22:11:17,20,4,0,24
2022-06-04T22:21:39,20,4,0,24
2022-06-04T22:32:01,20,4,0,24
2022-06-04T22:42:24,20,4,0,24
2022-06-04T22:52:46,20,4,0,24
2022-06-04T23:03:21,20,4,0,24
2022-06-04T23:13:44,20,4,0,24
2022-06-04T23:24:07,20,4,0,24
2022-06-04T23:34:29,20,4,0,24
2022-06-04T23:44:52,20,4,0,24
2022-06-04T23:55:14,20,4,0,24
2022-06-05T00:05:37,20,4,0,24
2022-06-05T00:16:02,20,4,0,24
2022-06-05T00:26:25,20,4,0,24
2022-06-05T00:36:50,20,4,0,24
2022-06-05T00:47:13,20,4,0,24
2022-06-05T00:57:47,20,4,0,24
2022-06-05T01:08:10,20,4,0,24
2022-06-05T01:18:33,20,4,0,24
2022-06-05T01:28:56,20,4,0,24
2022-06-05T01:39:21,20,4,0,24
2022-06-05T01:49:44,20,4,0,24
2022-06-05T02:00:08,20,4,0,24
2022-06-05T02:10:39,20,4,0,24
2022-06-05T02:21:02,20,4,0,24
2022-06-05T02:31:26,20,4,0,24
2022-06-05T02:41:50,20,4,0,24
2022-06-05T02:52:12,20,4,0,24
2022-06-05T03:02:35,20,4,0,24
2022-06-05T03:12:58,20,4,0,24
2022-06-05T03:23:21,20,4,0,24
2022-06-05T03:33:54,20,4,0,24
2022-06-05T03:44:18,20,4,0,24
2022-06-05T03:54:42,20,4,0,24
2022-06-05T04:05:07,20,4,0,24
2022-06-05T04:20:12,20,4,0,24
2022-06-05T04:31:48,20,4,0,24
2022-06-05T04:42:28,20,4,0,24
2022-06-05T04:52:53,20,4,0,24
2022-06-05T05:03:20,20,4,0,24
2022-06-05T05:13:47,20,4,0,24
2022-06-05T05:24:12,20,4,0,24
2022-06-05T05:34:36,20,4,0,24
2022-06-05T05:45:01,20,4,0,24
2022-06-05T05:55:25,20,4,0,24
2022-06-05T06:05:48,20,4,0,24
2022-06-05T06:16:10,20,4,0,24
2022-06-05T06:26:34,20,4,0,24
2022-06-05T06:36:56,20,4,0,24
2022-06-05T06:47:18,20,4,0,24
2022-06-05T06:57:40,20,4,0,24
2022-06-05T07:08:02,20,4,0,24
2022-06-05T07:18:28,20,4,0,24
2022-06-05T07:28:50,20,4,0,24
2022-06-05T07:39:12,20,4,0,24
2022-06-05T07:49:37,20,4,0,24
2022-06-05T07:59:59,20,4,0,24
2022-06-05T08:10:22,20,4,0,24
2022-06-05T08:20:44,20,4,0,24
2022-06-05T08:31:07,20,4,0,24
2022-06-05T08:41:30,20,4,0,24
2022-06-05T08:51:52,20,4,0,24
2022-06-05T09:02:15,21,3,0,24
2022-06-05T09:12:37,21,3,0,24
2022-06-05T09:22:59,21,3,0,24
2022-06-05T09:33:21,21,3,0,24
2022-06-05T09:43:43,21,3,0,24
2022-06-05T09:54:05,21,3,0,24
2022-06-05T10:04:29,21,3,0,24
2022-06-05T10:14:53,21,3,0,24
2022-06-05T10:25:34,21,3,0,24
2022-06-05T10:35:57,21,3,0,24
2022-06-05T10:46:20,21,3,0,24
2022-06-05T10:56:43,21,3,0,24
2022-06-05T11:07:06,21,3,0,24
2022-06-05T11:17:29,21,3,0,24
2022-06-05T11:27:51,21,3,0,24
2022-06-05T11:38:14,21,3,0,24
2022-06-05T11:48:36,21,3,0,24
2022-06-05T11:58:58,21,3,0,24
2022-06-05T12:09:21,21,3,0,24
2022-06-05T12:19:43,21,3,0,24
2022-06-05T12:30:06,21,3,0,24
2022-06-05T12:40:28,21,3,0,24
2022-06-05T12:50:50,21,3,0,24
2022-06-05T13:01:15,21,3,0,24
2022-06-05T13:11:47,21,3,0,24
2022-06-05T13:22:10,21,3,0,24
2022-06-05T13:32:32,21,3,0,24
2022-06-05T13:42:54,21,3,0,24
2022-06-05T13:53:17,21,3,0,24
2022-06-05T14:03:39,21,3,0,24
2022-06-05T14:14:01,21,3,0,24
2022-06-05T14:24:23,21,3,0,24
2022-06-05T14:34:46,21,3,0,24
2022-06-05T14:45:09,21,3,0,24
2022-06-05T14:55:32,21,3,0,24
2022-06-05T15:06:21,21,3,0,24
2022-06-05T15:16:43,21,3,0,24
2022-06-05T15:27:06,21,3,0,24
2022-06-05T15:37:30,21,3,0,24
2022-06-05T15:47:53,21,3,0,24
2022-06-05T15:58:15,21,3,0,24
2022-06-05T16:08:38,21,3,0,24
2022-06-05T16:19:01,21,3,0,24
2022-06-05T16:29:23,21,3,0,24
2022-06-05T16:39:46,21,3,0,24
2022-06-05T16:50:08,21,3,0,24
2022-06-05T17:00:30,21,3,0,24
2022-06-05T17:11:04,21,3,0,24
2022-06-05T17:21:27,21,3,0,24
2022-06-05T17:31:49,21,3,0,24
2022-06-05T17:42:11,21,3,0,24
2022-06-05T17:52:34,21,3,0,24
2022-06-05T18:02:56,21,3,0,24
2022-06-05T18:13:19,21,3,0,24
2022-06-05T18:23:43,21,3,0,24
2022-06-05T18:34:06,21,3,0,24
2022-06-05T18:44:29,21,3,0,24
2022-06-05T18:54:51,21,3,0,24
2022-06-05T19:05:14,21,3,0,24
2022-06-05T19:15:56,21,3,0,24
2022-06-05T19:26:18,21,3,0,24
2022-06-05T19:36:40,21,3,0,24
2022-06-05T19:47:03,21,3,0,24
2022-06-05T19:57:25,21,3,0,24
2022-06-05T20:07:48,21,3,0,24
2022-06-05T20:18:10,21,3,0,24
2022-06-05T20:28:33,21,3,0,24
2022-06-05T20:38:56,21,3,0,24
2022-06-05T20:49:19,21,3,0,24
2022-06-05T20:59:41,21,3,0,24
2022-06-05T21:10:04,21,3,0,24
2022-06-05T21:20:26,21,3,0,24
2022-06-05T21:31:07,21,3,0,24
2022-06-05T21:41:30,21,3,0,24
2022-06-05T21:51:52,21,3,0,24
2022-06-05T22:02:15,21,3,0,24
2022-06-05T22:12:37,21,3,0,24
2022-06-05T22:23:00,21,3,0,24
2022-06-05T22:33:23,21,3,0,24
2022-06-05T22:43:46,21,3,0,24
2022-06-05T22:54:09,21,3,0,24
2022-06-05T23:04:33,21,3,0,24
2022-06-05T23:14:56,21,3,0,24
2022-06-05T23:25:20,21,3,0,24
2022-06-05T23:35:53,21,3,0,24
2022-06-05T23:46:17,21,3,0,24
2022-06-05T23:56:39,21,3,0,24
2022-06-06T00:07:02,21,3,0,24
2022-06-06T00:17:29,21,3,0,24
2022-06-06T00:27:53,21,3,0,24
2022-06-06T00:38:19,21,3,0,24
2022-06-06T00:48:42,21,3,0,24
2022-06-06T00:59:05,21,3,0,24
2022-06-06T01:09:36,21,3,0,24
2022-06-06T01:20:02,21,3,0,24
2022-06-06T01:30:26,21,3,0,24
2022-06-06T01:40:51,21,3,0,24
2022-06-06T01:51:15,21,3,0,24
2022-06-06T02:01:40,21,3,0,24
2022-06-06T02:12:14,21,3,0,24
2022-06-06T02:22:50,21,3,0,24
2022-06-06T02:33:19,21,3,0,24
2022-06-06T02:43:48,21,3,0,24
2022-06-06T02:54:15,21,3,0,24
2022-06-06T03:04:40,21,3,0,24
2022-06-06T03:15:06,21,3,0,24
2022-06-06T03:25:36,21,3,0,24
2022-06-06T03:36:04,21,3,0,24
2022-06-06T03:46:34,21,3,0,24
2022-06-06T03:57:05,21,3,0,24
2022-06-06T04:07:37,21,3,0,24
2022-06-06T04:20:12,21,3,0,24
2022-06-06T04:30:56,21,3,0,24
2022-06-06T04:41:22,21,3,0,24
2022-06-06T04:51:53,21,3,0,24
2022-06-06T05:02:28,21,3,0,24
2022-06-06T05:13:02,21,3,0,24
2022-06-06T05:23:37,21,3,0,24
2022-06-06T05:34:11,21,3,0,24
2022-06-06T05:44:43,21,3,0,24
2022-06-06T05:55:20,21,3,0,24
2022-06-06T06:05:53,21,3,0,24
2022-06-06T06:16:23,21,3,0,24
2022-06-06T06:26:49,21,3,0,24
2022-06-06T06:37:15,21,3,0,24
2022-06-06T06:47:39,21,3,0,24
2022-06-06T06:58:02,21,3,0,24
2022-06-06T07:08:25,21,3,0,24
2022-06-06T07:18:48,21,3,0,24
2022-06-06T07:29:11,21,3,0,24
2022-06-06T07:39:35,21,3,0,24
2022-06-06T07:49:58,21,3,0,24
2022-06-06T08:00:21,21,3,0,24
2022-06-06T08:10:45,21,3,0,24
2022-06-06T08:21:08,21,3,0,24
2022-06-06T08:31:32,21,3,0,24
2022-06-06T08:41:55,21,3,0,24
2022-06-06T08:52:19,21,3,0,24
2022-06-06T09:02:43,21,3,0,24
2022-06-06T09:13:07,21,3,0,24
2022-06-06T09:23:31,21,3,0,24
2022-06-06T09:34:06,21,3,0,24
2022-06-06T09:44:31,21,3,0,24
2022-06-06T09:54:56,21,3,0,24
2022-06-06T10:05:20,21,3,0,24
2022-06-06T10:15:45,21,3,0,24
2022-06-06T10:26:10,21,3,0,24
2022-06-06T10:36:35,21,3,0,24
2022-06-06T10:47:01,21,3,0,24
2022-06-06T10:57:25,21,3,0,24
2022-06-06T11:07:50,21,3,0,24
2022-06-06T11:18:14,21,3,0,24
2022-06-06T11:28:38,21,3,0,24
2022-06-06T11:39:14,21,3,0,24
2022-06-06T11:49:39,21,3,0,24
2022-06-06T12:00:03,21,3,0,24
2022-06-06T12:10:27,21,3,0,24
2022-06-06T12:20:52,21,3,0,24
2022-06-06T12:31:16,21,3,0,24
2022-06-06T12:41:39,21,3,0,24
2022-06-06T12:52:14,21,3,0,24
2022-06-06T13:02:38,21,3,0,24
2022-06-06T13:13:02,21,3,0,24
2022-06-06T13:23:26,21,3,0,24
2022-06-06T13:33:50,21,3,0,24
2022-06-06T13:44:15,21,3,0,24
2022-06-06T13:54:39,21,3,0,24
2022-06-06T14:05:04,21,3,0,24
2022-06-06T14:15:29,21,3,0,24
2022-06-06T14:25:53,21,3,0,24
2022-06-06T14:36:18,21,3,0,24
2022-06-06T14:46:53,21,3,0,24
2022-06-06T14:57:18,21,3,0,24
2022-06-06T15:07:44,21,3,0,24
2022-06-06T15:18:09,21,3,0,24
2022-06-06T15:28:34,21,3,0,24
2022-06-06T15:38:58,21,3,0,24
2022-06-06T15:49:22,21,3,0,24
2022-06-06T15:59:46,21,3,0,24
2022-06-06T16:10:23,21,3,0,24
2022-06-06T16:20:47,21,3,0,24
2022-06-06T16:31:11,21,3,0,24
2022-06-06T16:41:34,21,3,0,24
2022-06-06T16:51:58,21,3,0,24
2022-06-06T17:02:21,21,3,0,24
2022-06-06T17:12:45,21,3,0,24
2022-06-06T17:23:09,21,3,0,24
2022-06-06T17:33:32,21,3,0,24
2022-06-06T17:43:54,21,3,0,24
2022-06-06T17:54:18,21,3,0,24
2022-06-06T18:04:41,21,3,0,24
2022-06-06T18:15:16,21,3,0,24
2022-06-06T18:25:39,21,3,0,24
2022-06-06T18:36:02,21,3,0,24
2022-06-06T18:46:25,21,3,0,24
2022-06-06T18:56:48,21,3,0,24
2022-06-06T19:07:11,21,3,0,24
2022-06-06T19:17:34,21,3,0,24
2022-06-06T19:27:59,21,3,0,24
2022-06-06T19:38:27,21,3,0,24
2022-06-06T19:48:54,21,3,0,24
2022-06-06T19:59:31,21,3,0,24
2022-06-06T20:10:00,21,3,0,24
2022-06-06T20:20:28,21,3,0,24
2022-06-06T20:30:58,21,3,0,24
2022-06-06T20:41:27,21,3,0,24
2022-06-06T20:51:58,21,3,0,24
2022-06-06T21:02:31,21,3,0,24
2022-06-06T21:13:05,21,3,0,24
2022-06-06T21:23:38,21,3,0,24
2022-06-06T21:34:12,21,3,0,24
2022-06-06T21:44:45,21,3,0,24
2022-06-06T21:55:19,21,3,0,24
2022-06-06T22:06:06,21,3,0,24
2022-06-06T22:16:34,21,3,0,24
2022-06-06T22:26:59,21,3,0,24
2022-06-06T22:37:25,21,3,0,24
2022-06-06T22:47:48,21,3,0,24
2022-06-06T22:58:10,21,3,0,24
2022-06-06T23:08:33,21,3,0,24
2022-06-06T23:18:57,21,3,0,24
2022-06-06T23:29:20,21,3,0,24
2022-06-06T23:39:43,21,3,0,24
2022-06-06T23:50:05,21,3,0,24
2022-06-07T00:00:28,21,3,0,24
2022-06-07T00:10:52,21,3,0,24
2022-06-07T00:21:17,21,3,0,24
2022-06-07T00:31:41,21,3,0,24
2022-06-07T00:42:17,21,3,0,24
2022-06-07T00:52:43,21,3,0,24
2022-06-07T01:03:08,21,3,0,24
2022-06-07T01:13:33,21,3,0,24
2022-06-07T01:23:56,21,3,0,24
2022-06-07T01:34:21,21,3,0,24
2022-06-07T01:44:45,21,3,0,24
2022-06-07T01:55:09,21,3,0,24
2022-06-07T02:05:33,21,3,0,24
2022-06-07T02:15:56,21,3,0,24
2022-06-07T02:26:20,21,3,0,24
2022-06-07T02:36:43,21,3,0,24
2022-06-07T02:47:05,21,3,0,24
2022-06-07T02:57:26,21,3,0,24
2022-06-07T03:07:48,21,3,0,24
2022-06-07T03:18:11,21,3,0,24
2022-06-07T03:28:32,21,3,0,24
2022-06-07T03:38:55,21,3,0,24
2022-06-07T03:49:19,21,3,0,24
2022-06-07T03:59:43,21,3,0,24
2022-06-07T04:10:08,21,3,0,24
2022-06-07T04:21:45,21,3,0,24
2022-06-07T04:33:38,21,3,0,24
2022-06-07T04:44:03,21,3,0,24
2022-06-07T04:54:29,21,3,0,24
2022-06-07T05:04:55,21,3,0,24
2022-06-07T05:15:20,21,3,0,24
2022-06-07T05:25:45,21,3,0,24
2022-06-07T05:36:09,21,3,0,24
2022-06-07T05:46:32,21,3,0,24
2022-06-07T05:56:56,21,3,0,24
2022-06-07T06:07:22,21,3,0,24
2022-06-07T06:17:46,21,3,0,24
2022-06-07T06:28:11,21,3,0,24
2022-06-07T06:38:35,21,3,0,24
2022-06-07T06:49:00,21,3,0,24
2022-06-07T06:59:25,21,3,0,24
2022-06-07T07:09:49,21,3,0,24
2022-06-07T07:20:15,21,3,0,24
2022-06-07T07:30:41,21,3,0,24
2022-06-07T07:41:06,21,3,0,24
2022-06-07T07:51:31,21,3,0,24
2022-06-07T08:01:55,21,3,0,24
2022-06-07T08:12:19,21,3,0,24
2022-06-07T08:22:42,21,3,0,24
2022-06-07T08:33:08,21,3,0,24
2022-06-07T08:43:32,21,3,0,24
2022-06-07T08:53:56,21,3,0,24
2022-06-07T09:04:21,21,3,0,24
2022-06-07T09:14:46,21,3,0,24
2022-06-07T09:25:10,21,3,0,24
2022-06-07T09:35:34,21,3,0,24
2022-06-07T09:45:58,21,3,0,24
2022-06-07T09:56:23,21,3,0,24
2022-06-07T10:06:48,21,3,0,24
2022-06-07T10:17:31,21,3,0,24
2022-06-07T10:27:56,21,3,0,24
2022-06-07T10:38:21,21,3,0,24
2022-06-07T10:48:46,21,3,0,24
2022-06-07T10:59:11,21,3,0,24
2022-06-07T11:09:36,21,3,0,24
2022-06-07T11:20:02,21,3,0,24
2022-06-07T11:30:26,21,3,0,24
2022-06-07T11:40:50,21,3,0,24
2022-06-07T11:51:16,21,3,0,24
2022-06-07T12:01:40,21,3,0,24
2022-06-07T12:12:05,21,3,0,24
2022-06-07T12:22:40,21,3,0,24
2022-06-07T12:33:04,21,3,0,24
2022-06-07T12:43:28,21,3,0,24
2022-06-07T12:53:51,21,3,0,24
2022-06-07T13:04:15,21,3,0,24
2022-06-07T13:14:40,21,3,0,24
2022-06-07T13:25:09,21,3,0,24
2022-06-07T13:35:38,21,3,0,24
2022-06-07T13:46:19,21,3,0,24
2022-06-07T13:56:48,21,3,0,24
2022-06-07T14:07:17,21,3,0,24
2022-06-07T14:17:46,21,3,0,24
2022-06-07T14:28:13,21,3,0,24
2022-06-07T14:38:42,21,3,0,24
2022-06-07T14:49:16,21,3,0,24
2022-06-07T14:59:47,21,3,0,24
2022-06-07T15:10:30,21,3,0,24
2022-06-07T15:21:01,21,3,0,24
2022-06-07T15:31:34,21,3,0,24
2022-06-07T15:42:06,21,3,0,24
2022-06-07T15:52:37,21,3,0,24
2022-06-07T16:03:05,21,3,0,24
2022-06-07T16:13:43,21,3,0,24
2022-06-07T16:24:12,21,3,0,24
2022-06-07T16:34:41,21,3,0,24
2022-06-07T16:45:10,21,3,0,24
2022-06-07T16:55:36,21,3,0,24
2022-06-07T17:06:03,21,3,0,24
2022-06-07T17:16:28,21,3,0,24
2022-06-07T17:26:52,21,3,0,24
2022-06-07T17:37:15,21,3,0,24
2022-06-07T17:47:38,21,3,0,24
2022-06-07T17:58:01,21,3,0,24
2022-06-07T18:08:25,21,3,0,24
2022-06-07T18:18:58,21,3,0,24
2022-06-07T18:29:21,21,3,0,24
2022-06-07T18:39:44,21,3,0,24
2022-06-07T18:50:07,21,3,0,24
2022-06-07T19:00:30,21,3,0,24
2022-06-07T19:10:53,21,3,0,24
2022-06-07T19:21:16,21,3,0,24
2022-06-07T19:31:39,21,3,0,24
2022-06-07T19:42:02,21,3,0,24
2022-06-07T19:52:25,21,3,0,24
2022-06-07T20:02:47,21,3,0,24
2022-06-07T20:13:11,21,3,0,24
2022-06-07T20:23:34,21,3,0,24
2022-06-07T20:33:57,21,3,0,24
2022-06-07T20:44:20,21,3,0,24
2022-06-07T20:54:52,21,3,0,24
2022-06-07T21:05:15,21,3,0,24
2022-06-07T21:15:38,21,3,0,24
2022-06-07T21:26:01,21,3,0,24
2022-06-07T21:36:23,21,3,0,24
2022-06-07T21:46:46,21,3,0,24
2022-06-07T21:57:09,21,3,0,24
2022-06-07T22:07:32,21,3,0,24
2022-06-07T22:17:55,21,3,0,24
2022-06-07T22:28:18,21,3,0,24
2022-06-07T22:38:41,21,3,0,24
2022-06-07T22:49:05,21,3,0,24
2022-06-07T22:59:28,20,4,0,24
2022-06-07T23:10:05,20,4,0,24
2022-06-07T23:20:28,20,4,0,24
2022-06-07T23:30:51,20,4,0,24
2022-06-07T23:41:14,20,4,0,24
2022-06-07T23:51:36,20,4,0,24
2022-06-08T00:01:59,20,4,0,24
2022-06-08T00:12:23,20,4,0,24
2022-06-08T00:22:51,20,4,0,24
2022-06-08T00:33:15,20,4,0,24
2022-06-08T00:43:40,20,4,0,24
2022-06-08T00:54:04,20,4,0,24
2022-06-08T01:04:31,20,4,0,24
2022-06-08T01:14:56,20,4,0,24
2022-06-08T01:25:21,20,4,0,24
2022-06-08T01:35:45,20,4,0,24
2022-06-08T01:46:09,20,4,0,24
2022-06-08T01:56:33,20,4,0,24
2022-06-08T02:06:56,20,4,0,24
2022-06-08T02:17:20,20,4,0,24
2022-06-08T02:27:52,20,4,0,24
2022-06-08T02:38:17,20,4,0,24
2022-06-08T02:48:41,20,4,0,24
2022-06-08T02:59:05,20,4,0,24
2022-06-08T03:09:28,20,4,0,24
2022-06-08T03:19:51,20,4,0,24
2022-06-08T03:30:13,20,4,0,24
2022-06-08T03:40:36,20,4,0,24
2022-06-08T03:51:00,20,4,0,24
2022-06-08T04:03:39,20,4,0,24
2022-06-08T04:22:39,20,4,0,24
2022-06-08T04:33:28,20,4,0,24
2022-06-08T04:43:53,20,4,0,24
2022-06-08T04:54:18,20,4,0,24
2022-06-08T05:04:43,20,4,0,24
2022-06-08T05:15:08,20,4,0,24
2022-06-08T05:25:34,20,4,0,24
2022-06-08T05:35:59,20,4,0,24
2022-06-08T05:46:23,20,4,0,24
2022-06-08T05:56:48,20,4,0,24
2022-06-08T06:07:16,20,4,0,24
2022-06-08T06:17:45,20,4,0,24
2022-06-08T06:28:13,20,4,0,24
2022-06-08T06:38:42,20,4,0,24
2022-06-08T06:49:11,20,4,0,24
2022-06-08T06:59:41,20,4,0,24
2022-06-08T07:10:15,20,4,0,24
2022-06-08T07:20:43,20,4,0,24
2022-06-08T07:31:11,20,4,0,24
2022-06-08T07:41:40,20,4,0,24
2022-06-08T07:52:11,20,4,0,24
2022-06-08T08:02:36,20,4,0,24
2022-06-08T08:13:06,20,4,0,24
2022-06-08T08:23:38,20,4,0,24
2022-06-08T08:34:08,20,4,0,24
2022-06-08T08:44:40,20,4,0,24
2022-06-08T08:55:12,20,4,0,24
2022-06-08T09:05:42,20,4,0,24
2022-06-08T09:16:13,20,4,0,24
2022-06-08T09:26:44,20,4,0,24
2022-06-08T09:37:14,20,4,0,24
2022-06-08T09:47:43,20,4,0,24
2022-06-08T09:58:12,20,4,0,24
2022-06-08T10:08:49,20,4,0,24
2022-06-08T10:19:14,20,4,0,24
2022-06-08T10:29:38,20,4,0,24
2022-06-08T10:40:03,20,4,0,24
2022-06-08T10:50:27,20,4,0,24
2022-06-08T11:00:51,20,4,0,24
2022-06-08T11:11:17,20,4,0,24
2022-06-08T11:21:42,20,4,0,24
2022-06-08T11:32:08,20,4,0,24
2022-06-08T11:42:33,20,4,0,24
2022-06-08T11:52:57,20,4,0,24
2022-06-08T12:03:22,20,4,0,24
2022-06-08T12:13:46,20,4,0,24
2022-06-08T12:24:23,20,4,0,24
2022-06-08T12:34:47,20,4,0,24
2022-06-08T12:45:11,20,4,0,24
2022-06-08T12:55:36,20,4,0,24
2022-06-08T13:06:01,20,4,0,24
2022-06-08T13:16:25,20,4,0,24
2022-06-08T13:26:50,20,4,0,24
2022-06-08T13:37:15,20,4,0,24
2022-06-08T13:47:40,20,4,0,24
2022-06-08T13:58:06,20,4,0,24
2022-06-08T14:08:44,20,4,0,24
2022-06-08T14:19:08,20,4,0,24
2022-06-08T14:29:33,20,4,0,24
2022-06-08T14:39:58,20,4,0,24
2022-06-08T14:50:23,20,4,0,24
2022-06-08T15:00:47,20,4,0,24
2022-06-08T15:11:12,20,4,0,24
2022-06-08T15:21:36,20,4,0,24
2022-06-08T15:32:12,20,4,0,24
2022-06-08T15:42:37,20,4,0,24
2022-06-08T15:53:01,20,4,0,24
2022-06-08T16:03:25,20,4,0,24
2022-06-08T16:13:49,20,4,0,24
2022-06-08T16:24:14,20,4,0,24
2022-06-08T16:34:38,20,4,0,24
2022-06-08T16:45:03,20,4,0,24
2022-06-08T16:55:27,20,4,0,24
2022-06-08T17:05:52,20,4,0,24
2022-06-08T17:16:27,20,4,0,24
2022-06-08T17:26:51,20,4,0,24
2022-06-08T17:37:14,20,4,0,24
2022-06-08T17:47:38,20,4,0,24
2022-06-08T17:58:01,20,4,0,24
2022-06-08T18:08:25,20,4,0,24
2022-06-08T18:18:48,20,4,0,24
2022-06-08T18:29:11,20,4,0,24
2022-06-08T18:39:34,20,4,0,24
2022-06-08T18:49:59,20,4,0,24
2022-06-08T19:00:23,20,4,0,24
2022-06-08T19:10:45,20,4,0,24
2022-06-08T19:21:09,20,4,0,24
2022-06-08T19:31:42,20,4,0,24
2022-06-08T19:42:05,20,4,0,24
2022-06-08T19:52:28,20,4,0,24
2022-06-08T20:02:52,20,4,0,24
2022-06-08T20:13:15,20,4,0,24
2022-06-08T20:23:38,20,4,0,24
2022-06-08T20:34:01,20,4,0,24
2022-06-08T20:44:25,20,4,0,24
2022-06-08T20:54:48,20,4,0,24
2022-06-08T21:05:12,20,4,0,24
2022-06-08T21:15:36,20,4,0,24
2022-06-08T21:25:59,20,4,0,24
2022-06-08T21:36:22,20,4,0,24
2022-06-08T21:46:45,20,4,0,24
2022-06-08T21:57:18,20,4,0,24
2022-06-08T22:07:41,20,4,0,24
2022-06-08T22:18:04,20,4,0,24
2022-06-08T22:28:27,20,4,0,24
2022-06-08T22:38:51,20,4,0,24
2022-06-08T22:49:16,20,4,0,24
2022-06-08T22:59:39,20,4,0,24
2022-06-08T23:10:03,20,4,0,24
2022-06-08T23:20:27,20,4,0,24
2022-06-08T23:30:50,20,4,0,24
2022-06-08T23:41:14,20,4,0,24
2022-06-08T23:51:37,20,4,0,24
2022-06-09T00:02:00,20,4,0,24
2022-06-09T00:12:27,20,4,0,24
2022-06-09T00:22:53,20,4,0,24
2022-06-09T00:33:27,20,4,0,24
2022-06-09T00:43:50,20,4,0,24
2022-06-09T00:54:15,20,4,0,24
2022-06-09T01:04:39,20,4,0,24
2022-06-09T01:15:03,20,4,0,24
2022-06-09T01:25:28,20,4,0,24
2022-06-09T01:35:53,20,4,0,24
2022-06-09T01:46:17,20,4,0,24
2022-06-09T01:56:42,20,4,0,24
2022-06-09T02:07:06,20,4,0,24
2022-06-09T02:17:29,20,4,0,24
2022-06-09T02:27:52,20,4,0,24
2022-06-09T02:38:16,20,4,0,24
2022-06-09T02:48:39,20,4,0,24
2022-06-09T02:59:02,20,4,0,24
2022-06-09T03:09:24,20,4,0,24
2022-06-09T03:19:47,20,4,0,24
2022-06-09T03:30:09,20,4,0,24
2022-06-09T03:40:32,20,4,0,24
2022-06-09T03:50:56,20,4,0,24
2022-06-09T04:01:20,20,4,0,24
2022-06-09T04:11:44,20,4,0,24
2022-06-09T04:27:53,20,4,0,24
2022-06-09T04:38:38,20,4,0,24
2022-06-09T04:49:05,20,4,0,24
2022-06-09T04:59:31,20,4,0,24
2022-06-09T05:09:57,20,4,0,24
2022-06-09T05:20:23,20,4,0,24
2022-06-09T05:30:47,20,4,0,24
2022-06-09T05:41:11,20,4,0,24
2022-06-09T05:51:35,20,4,0,24
2022-06-09T06:02:00,20,4,0,24
2022-06-09T06:12:24,20,4,0,24
2022-06-09T06:22:49,20,4,0,24
2022-06-09T06:33:14,20,4,0,24
2022-06-09T06:43:39,20,4,0,24
2022-06-09T06:54:03,20,4,0,24
2022-06-09T07:04:28,20,4,0,24
2022-06-09T07:14:53,20,4,0,24
2022-06-09T07:25:18,20,4,0,24
2022-06-09T07:35:45,20,4,0,24
2022-06-09T07:46:11,20,4,0,24
2022-06-09T07:56:40,20,4,0,24
2022-06-09T08:07:05,20,4,0,24
2022-06-09T08:17:30,20,4,0,24
2022-06-09T08:27:55,20,4,0,24
2022-06-09T08:38:19,20,4,0,24
2022-06-09T08:48:42,20,4,0,24
2022-06-09T08:59:07,20,4,0,24
2022-06-09T09:09:31,20,4,0,24
2022-06-09T09:19:55,20,4,0,24
2022-06-09T09:30:20,20,4,0,24
2022-06-09T09:40:44,20,4,0,24
2022-06-09T09:51:09,20,4,0,24
2022-06-09T10:01:33,20,4,0,24
2022-06-09T10:11:59,20,4,0,24
2022-06-09T10:22:24,20,4,0,24
2022-06-09T10:32:59,20,4,0,24
2022-06-09T10:43:23,20,4,0,24
2022-06-09T10:53:49,20,4,0,24
2022-06-09T11:04:13,20,4,0,24
2022-06-09T11:14:38,20,4,0,24
2022-06-09T11:25:03,20,4,0,24
2022-06-09T11:35:28,20,4,0,24
2022-06-09T11:45:52,20,4,0,24
2022-06-09T11:56:16,20,4,0,24
2022-06-09T12:06:40,20,4,0,24
2022-06-09T12:17:04,20,4,0,24
2022-06-09T12:27:39,20,4,0,24
2022-06-09T12:38:08,20,4,0,24
2022-06-09T12:48:40,20,4,0,24
2022-06-09T12:59:16,20,4,0,24
2022-06-09T13:09:52,20,4,0,24
2022-06-09T13:20:31,20,4,0,24
2022-06-09T13:31:06,20,4,0,24
2022-06-09T13:41:56,20,4,0,24
2022-06-09T13:52:32,20,4,0,24
2022-06-09T14:03:11,20,4,0,24
2022-06-09T14:13:47,20,4,0,24
2022-06-09T14:24:22,20,4,0,24
2022-06-09T14:34:54,20,4,0,24
2022-06-09T14:45:26,20,4,0,24
2022-06-09T14:55:58,20,4,0,24
2022-06-09T15:06:30,20,4,0,24
2022-06-09T15:17:14,20,4,0,24
2022-06-09T15:27:45,20,4,0,24
2022-06-09T15:38:14,20,4,0,24
2022-06-09T15:48:43,20,4,0,24
2022-06-09T15:59:09,20,4,0,24
2022-06-09T16:09:35,20,4,0,24
2022-06-09T16:20:09,20,4,0,24
2022-06-09T16:30:34,20,4,0,24
2022-06-09T16:41:02,20,4,0,24
2022-06-09T16:51:28,20,4,0,24
2022-06-09T17:01:53,20,4,0,24
2022-06-09T17:12:19,20,4,0,24
2022-06-09T17:22:44,20,4,0,24
2022-06-09T17:33:13,20,4,0,24
2022-06-09T17:43:53,20,4,0,24
2022-06-09T17:54:22,20,4,0,24
2022-06-09T18:04:51,20,4,0,24
2022-06-09T18:15:20,20,4,0,24
2022-06-09T18:25:48,20,4,0,24
2022-06-09T18:36:16,20,4,0,24
2022-06-09T18:46:45,20,4,0,24
2022-06-09T18:57:14,20,4,0,24
2022-06-09T19:07:47,20,4,0,24
2022-06-09T19:18:19,20,4,0,24
2022-06-09T19:29:01,20,4,0,24
2022-06-09T19:39:42,20,4,0,24
2022-06-09T19:50:25,20,4,0,24
2022-06-09T20:00:54,20,4,0,24
2022-06-09T20:11:25,20,4,0,24
2022-06-09T20:21:54,20,4,0,24
2022-06-09T20:32:23,20,4,0,24
2022-06-09T20:42:53,20,4,0,24
2022-06-09T20:53:21,20,4,0,24
2022-06-09T21:03:48,20,4,0,24
2022-06-09T21:14:15,20,4,0,24
2022-06-09T21:24:39,20,4,0,24
2022-06-09T21:35:03,20,4,0,24
2022-06-09T21:45:27,20,4,0,24
2022-06-09T21:55:51,20,4,0,24
2022-06-09T22:06:16,20,4,0,24
2022-06-09T22:16:40,20,4,0,24
2022-06-09T22:27:15,20,4,0,24
2022-06-09T22:37:39,20,4,0,24
2022-06-09T22:48:04,20,4,0,24
2022-06-09T22:58:28,20,4,0,24
2022-06-09T23:08:52,20,4,0,24
2022-06-09T23:19:16,20,4,0,24
2022-06-09T23:29:41,20,4,0,24
2022-06-09T23:40:06,20,4,0,24
2022-06-09T23:50:30,20,4,0,24
2022-06-10T00:00:55,20,4,0,24
2022-06-10T00:11:20,20,4,0,24
2022-06-10T00:21:49,20,4,0,24
2022-06-10T00:32:14,20,4,0,24
2022-06-10T00:42:41,20,4,0,24
2022-06-10T00:53:07,20,4,0,24
2022-06-10T01:03:45,20,4,0,24
2022-06-10T01:14:11,20,4,0,24
2022-06-10T01:24:38,20,4,0,24
2022-06-10T01:35:05,20,4,0,24
2022-06-10T01:45:30,20,4,0,24
2022-06-10T01:55:56,20,4,0,24
2022-06-10T02:06:21,20,4,0,24
2022-06-10T02:16:47,20,4,0,24
2022-06-10T02:27:24,20,4,0,24
2022-06-10T02:37:50,20,4,0,24
2022-06-10T02:48:16,20,4,0,24
2022-06-10T02:58:41,20,4,0,24
2022-06-10T03:09:06,20,4,0,24
2022-06-10T03:19:30,20,4,0,24
2022-06-10T03:29:54,20,4,0,24
2022-06-10T03:40:19,20,4,0,24
2022-06-10T03:50:44,20,4,0,24
2022-06-10T04:01:10,20,4,0,24
2022-06-10T04:11:35,20,4,0,24
2022-06-10T04:26:07,20,4,0,24
2022-06-10T04:38:04,20,4,0,24
2022-06-10T04:48:32,20,4,0,24
2022-06-10T04:58:58,20,4,0,24
2022-06-10T05:09:26,20,4,0,24
2022-06-10T05:19:52,20,4,0,24
2022-06-10T05:30:18,20,4,0,24
2022-06-10T05:40:44,20,4,0,24
2022-06-10T05:51:10,20,4,0,24
2022-06-10T06:01:35,20,4,0,24
2022-06-10T06:12:01,20,4,0,24
2022-06-10T06:22:29,20,4,0,24
2022-06-10T06:32:55,20,4,0,24
2022-06-10T06:43:19,20,4,0,24
2022-06-10T06:53:43,20,4,0,24
2022-06-10T07:04:07,20,4,0,24
2022-06-10T07:14:31,20,4,0,24
2022-06-10T07:24:56,20,4,0,24
2022-06-10T07:35:20,20,4,0,24
2022-06-10T07:45:45,20,4,0,24
2022-06-10T07:56:09,20,4,0,24
2022-06-10T08:06:34,20,4,0,24
2022-06-10T08:16:58,20,4,0,24
2022-06-10T08:27:23,20,4,0,24
2022-06-10T08:37:49,20,4,0,24
2022-06-10T08:48:14,20,4,0,24
2022-06-10T08:58:39,20,4,0,24
2022-06-10T09:09:05,20,4,0,24
2022-06-10T09:19:49,20,4,0,24
2022-06-10T09:30:15,20,4,0,24
2022-06-10T09:40:41,20,4,0,24
2022-06-10T09:51:09,20,4,0,24
2022-06-10T10:01:38,20,4,0,24
2022-06-10T10:12:08,20,4,0,24
2022-06-10T10:22:39,20,4,0,24
2022-06-10T10:33:09,20,4,0,24
2022-06-10T10:43:44,20,4,0,24
2022-06-10T10:54:14,20,4,0,24
2022-06-10T11:04:45,20,4,0,24
2022-06-10T11:15:35,20,4,0,24
2022-06-10T11:26:15,20,4,0,24
2022-06-10T11:36:57,20,4,0,24
2022-06-10T11:47:39,20,4,0,24
2022-06-10T11:58:19,20,4,0,24
2022-06-10T12:08:52,20,4,0,24
2022-06-10T12:19:22,20,4,0,24
2022-06-10T12:29:54,20,4,0,24
2022-06-10T12:40:34,20,4,0,24
2022-06-10T12:51:04,20,4,0,24
2022-06-10T13:01:33,20,4,0,24
2022-06-10T13:12:00,20,4,0,24
2022-06-10T13:22:26,20,4,0,24
2022-06-10T13:32:53,20,4,0,24
2022-06-10T13:43:19,20,4,0,24
2022-06-10T13:53:56,20,4,0,24
2022-06-10T14:04:22,20,4,0,24
2022-06-10T14:14:49,20,4,0,24
2022-06-10T14:25:15,20,4,0,24
2022-06-10T14:35:41,20,4,0,24
2022-06-10T14:46:08,20,4,0,24
2022-06-10T14:56:37,20,4,0,24
2022-06-10T15:07:04,20,4,0,24
2022-06-10T15:17:29,20,4,0,24
2022-06-10T15:28:05,20,4,0,24
2022-06-10T15:38:31,20,4,0,24
2022-06-10T15:48:57,20,4,0,24
2022-06-10T15:59:23,20,4,0,24
2022-06-10T16:09:49,20,4,0,24
2022-06-10T16:20:15,20,4,0,24
2022-06-10T16:30:40,20,4,0,24
2022-06-10T16:41:25,20,4,0,24
2022-06-10T16:51:50,20,4,0,24
2022-06-10T17:02:15,20,4,0,24
2022-06-10T17:12:41,20,4,0,24
2022-06-10T17:23:07,20,4,0,24
2022-06-10T17:33:32,20,4,0,24
2022-06-10T17:43:58,20,4,0,24
2022-06-10T17:54:23,20,4,0,24
2022-06-10T18:04:48,20,4,0,24
2022-06-10T18:15:12,20,4,0,24
2022-06-10T18:25:37,20,4,0,24
2022-06-10T18:36:13,20,4,0,24
2022-06-10T18:46:37,20,4,0,24
2022-06-10T18:57:02,20,4,0,24
2022-06-10T19:07:26,20,4,0,24
2022-06-10T19:17:50,20,4,0,24
2022-06-10T19:28:16,20,4,0,24
2022-06-10T19:38:40,20,4,0,24
2022-06-10T19:49:05,20,4,0,24
2022-06-10T19:59:29,20,4,0,24
2022-06-10T20:09:54,20,4,0,24
2022-06-10T20:20:19,20,4,0,24
2022-06-10T20:31:02,20,4,0,24
2022-06-10T20:41:26,20,4,0,24
2022-06-10T20:51:51,20,4,0,24
2022-06-10T21:02:15,20,4,0,24
2022-06-10T21:12:40,20,4,0,24
2022-06-10T21:23:05,20,4,0,24
2022-06-10T21:33:29,20,4,0,24
2022-06-10T21:43:54,20,4,0,24
2022-06-10T21:54:18,20,4,0,24
2022-06-10T22:04:43,20,4,0,24
2022-06-10T22:15:08,20,4,0,24
2022-06-10T22:25:33,20,4,0,24
2022-06-10T22:35:58,20,4,0,24
2022-06-10T22:46:35,20,4,0,24
2022-06-10T22:57:00,20,4,0,24
2022-06-10T23:07:25,20,4,0,24
2022-06-10T23:17:50,20,4,0,24
2022-06-10T23:28:17,20,4,0,24
2022-06-10T23:38:42,20,4,0,24
2022-06-10T23:49:06,20,4,0,24
2022-06-10T23:59:31,20,4,0,24
2022-06-11T00:09:57,20,4,0,24
2022-06-11T00:20:26,20,4,0,24
2022-06-11T00:30:51,20,4,0,24
2022-06-11T00:41:18,20,4,0,24
2022-06-11T00:51:45,20,4,0,24
2022-06-11T01:02:25,20,4,0,24
2022-06-11T01:12:51,20,4,0,24
2022-06-11T01:23:19,20,4,0,24
2022-06-11T01:33:47,20,4,0,24
2022-06-11T01:44:13,20,4,0,24
2022-06-11T01:54:39,20,4,0,24
2022-06-11T02:05:05,20,4,0,24
2022-06-11T02:15:29,20,4,0,24
2022-06-11T02:25:54,20,4,0,24
2022-06-11T02:36:18,20,4,0,24
2022-06-11T02:46:43,20,4,0,24
2022-06-11T02:57:09,20,4,0,24
2022-06-11T03:07:34,20,4,0,24
2022-06-11T03:17:58,20,4,0,24
2022-06-11T03:28:23,20,4,0,24
2022-06-11T03:38:47,20,4,0,24
2022-06-11T03:49:13,20,4,0,24
2022-06-11T03:59:39,20,4,0,24
2022-06-11T04:10:04,20,4,0,24
2022-06-11T04:23:01,20,4,0,24
2022-06-11T04:33:52,20,4,0,24
2022-06-11T04:44:20,20,4,0,24
2022-06-11T04:54:49,20,4,0,24
2022-06-11T05:05:14,20,4,0,24
2022-06-11T05:15:39,20,4,0,24
2022-06-11T05:26:03,20,4,0,24
2022-06-11T05:36:28,20,4,0,24
2022-06-11T05:46:55,20,4,0,24
2022-06-11T05:57:39,20,4,0,24
2022-06-11T06:08:06,20,4,0,24
2022-06-11T06:18:32,20,4,0,24
2022-06-11T06:28:59,20,4,0,24
2022-06-11T06:39:25,20,4,0,24
2022-06-11T06:49:51,20,4,0,24
2022-06-11T07:00:17,20,4,0,24
2022-06-11T07:10:44,20,4,0,24
2022-06-11T07:21:10,20,4,0,24
2022-06-11T07:31:37,20,4,0,24
2022-06-11T07:42:04,20,4,0,24
2022-06-11T07:52:31,20,4,0,24
2022-06-11T08:02:58,20,4,0,24
2022-06-11T08:13:24,20,4,0,24
2022-06-11T08:23:51,20,4,0,24
2022-06-11T08:34:17,20,4,0,24
2022-06-11T08:44:43,20,4,0,24
2022-06-11T08:55:10,20,4,0,24
2022-06-11T09:05:36,20,4,0,24
2022-06-11T09:16:03,20,4,0,24
2022-06-11T09:26:29,20,4,0,24
2022-06-11T09:36:56,20,4,0,24
2022-06-11T09:47:23,20,4,0,24
2022-06-11T09:57:49,20,4,0,24
2022-06-11T10:08:18,20,4,0,24
2022-06-11T10:18:44,20,4,0,24
2022-06-11T10:29:10,20,4,0,24
2022-06-11T10:39:43,20,4,0,24
2022-06-11T10:50:09,20,4,0,24
2022-06-11T11:00:36,20,4,0,24
2022-06-11T11:11:02,20,4,0,24
2022-06-11T11:21:28,20,4,0,24
2022-06-11T11:31:54,20,4,0,24
2022-06-11T11:42:18,20,4,0,24
2022-06-11T11:52:43,20,4,0,24
2022-06-11T12:03:08,20,4,0,24
2022-06-11T12:13:34,20,4,0,24
2022-06-11T12:23:59,20,4,0,24
2022-06-11T12:34:23,20,4,0,24
2022-06-11T12:45:00,20,4,0,24
2022-06-11T12:55:25,20,4,0,24
2022-06-11T13:05:49,20,4,0,24
2022-06-11T13:16:14,20,4,0,24
2022-06-11T13:26:38,20,4,0,24
2022-06-11T13:37:03,20,4,0,24
2022-06-11T13:47:28,20,4,0,24
2022-06-11T13:57:53,20,4,0,24
2022-06-11T14:08:17,20,4,0,24
2022-06-11T14:18:42,20,4,0,24
2022-06-11T14:29:06,20,4,0,24
2022-06-11T14:39:30,20,4,0,24
2022-06-11T14:50:04,20,4,0,24
2022-06-11T15:00:28,20,4,0,24
2022-06-11T15:10:52,20,4,0,24
2022-06-11T15:21:16,20,4,0,24
2022-06-11T15:31:41,20,4,0,24
2022-06-11T15:42:05,20,4,0,24
2022-06-11T15:52:29,20,4,0,24
2022-06-11T16:02:54,20,4,0,24
2022-06-11T16:13:18,20,4,0,24
2022-06-11T16:23:42,20,4,0,24
2022-06-11T16:34:16,20,4,0,24
2022-06-11T16:44:40,20,4,0,24
2022-06-11T16:55:05,20,4,0,24
2022-06-11T17:05:29,20,4,0,24
2022-06-11T17:15:54,20,4,0,24
2022-06-11T17:26:18,20,4,0,24
2022-06-11T17:36:43,20,4,0,24
2022-06-11T17:47:17,20,4,0,24
2022-06-11T17:57:42,20,4,0,24
2022-06-11T18:08:06,20,4,0,24
2022-06-11T18:18:30,20,4,0,24
2022-06-11T18:28:55,20,4,0,24
2022-06-11T18:39:19,20,4,0,24
2022-06-11T18:49:43,20,4,0,24
2022-06-11T19:00:07,20,4,0,24
2022-06-11T19:10:43,20,4,0,24
2022-06-11T19:21:07,20,4,0,24
2022-06-11T19:31:31,20,4,0,24
2022-06-11T19:41:55,20,4,0,24
2022-06-11T19:52:19,20,4,0,24
2022-06-11T20:02:43,20,4,0,24
2022-06-11T20:13:07,20,4,0,24
2022-06-11T20:23:32,20,4,0,24
2022-06-11T20:33:56,20,4,0,24
2022-06-11T20:44:20,20,4,0,24
2022-06-11T20:54:54,20,4,0,24
2022-06-11T21:05:18,20,4,0,24
2022-06-11T21:15:42,20,4,0,24
2022-06-11T21:26:06,20,4,0,24
2022-06-11T21:36:30,20,4,0,24
2022-06-11T21:46:54,20,4,0,24
2022-06-11T21:57:19,20,4,0,24
2022-06-11T22:07:48,20,4,0,24
2022-06-11T22:18:21,20,4,0,24
2022-06-11T22:28:49,20,4,0,24
2022-06-11T22:39:27,20,4,0,24
2022-06-11T22:49:56,20,4,0,24
2022-06-11T23:00:26,20,4,0,24
2022-06-11T23:10:57,20,4,0,24
2022-06-11T23:21:31,20,4,0,24
2022-06-11T23:32:02,20,4,0,24
2022-06-11T23:42:34,20,4,0,24
2022-06-11T23:53:04,20,4,0,24
2022-06-12T00:03:36,20,4,0,24
2022-06-12T00:14:11,20,4,0,24
2022-06-12T00:24:44,20,4,0,24
2022-06-12T00:35:17,20,4,0,24
2022-06-12T00:46:00,20,4,0,24
2022-06-12T00:56:32,20,4,0,24
2022-06-12T01:07:05,20,4,0,24
2022-06-12T01:17:36,20,4,0,24
2022-06-12T01:28:05,20,4,0,24
2022-06-12T01:38:33,20,4,0,24
2022-06-12T01:49:00,20,4,0,24
2022-06-12T01:59:26,20,4,0,24
2022-06-12T02:10:05,20,4,0,24
2022-06-12T02:20:30,20,4,0,24
2022-06-12T02:30:55,20,4,0,24
2022-06-12T02:41:21,20,4,0,24
2022-06-12T02:51:55,20,4,0,24
2022-06-12T03:02:19,20,4,0,24
2022-06-12T03:12:44,20,4,0,24
2022-06-12T03:23:08,20,4,0,24
2022-06-12T03:33:32,20,4,0,24
2022-06-12T03:43:58,20,4,0,24
2022-06-12T03:54:24,20,4,0,24
2022-06-12T04:04:50,20,4,0,24
2022-06-12T04:13:55,20,4,0,24
2022-06-12T04:24:46,20,4,0,24
2022-06-12T04:35:14,20,4,0,24
2022-06-12T04:45:42,20,4,0,24
2022-06-12T04:56:08,20,4,0,24
2022-06-12T05:06:35,20,4,0,24
2022-06-12T05:17:02,20,4,0,24
2022-06-12T05:27:28,20,4,0,24
2022-06-12T05:37:54,20,4,0,24
2022-06-12T05:48:20,20,4,0,24
2022-06-12T05:58:49,20,4,0,24
2022-06-12T06:09:14,20,4,0,24
2022-06-12T06:19:39,20,4,0,24
2022-06-12T06:30:05,20,4,0,24
2022-06-12T06:40:29,20,4,0,24
2022-06-12T06:51:09,20,4,0,24
2022-06-12T07:01:33,20,4,0,24
2022-06-12T07:11:57,20,4,0,24
2022-06-12T07:22:22,20,4,0,24
2022-06-12T07:32:46,20,4,0,24
2022-06-12T07:43:10,20,4,0,24
2022-06-12T07:53:35,20,4,0,24
2022-06-12T08:04:00,20,4,0,24
2022-06-12T08:14:24,20,4,0,24
2022-06-12T08:24:49,20,4,0,24
2022-06-12T08:35:25,20,4,0,24
2022-06-12T08:45:49,20,4,0,24
2022-06-12T08:56:14,20,4,0,24
2022-06-12T09:06:40,20,4,0,24
2022-06-12T09:17:04,20,4,0,24
2022-06-12T09:27:29,20,4,0,24
2022-06-12T09:37:57,20,4,0,24
2022-06-12T09:48:22,20,4,0,24
2022-06-12T09:58:47,20,4,0,24
2022-06-12T10:09:24,20,4,0,24
2022-06-12T10:19:50,20,4,0,24
2022-06-12T10:30:16,20,4,0,24
2022-06-12T10:40:42,20,4,0,24
2022-06-12T10:51:09,20,4,0,24
2022-06-12T11:01:35,20,4,0,24
2022-06-12T11:12:01,20,4,0,24
2022-06-12T11:22:26,20,4,0,24
2022-06-12T11:32:51,20,4,0,24
2022-06-12T11:43:27,20,4,0,24
2022-06-12T11:53:51,20,4,0,24
2022-06-12T12:04:16,20,4,0,24
2022-06-12T12:14:41,20,4,0,24
2022-06-12T12:25:05,20,4,0,24
2022-06-12T12:35:30,20,4,0,24
2022-06-12T12:46:13,20,4,0,24
2022-06-12T12:56:37,20,4,0,24
2022-06-12T13:07:02,20,4,0,24
2022-06-12T13:17:27,20,4,0,24
2022-06-12T13:27:51,20,4,0,24
2022-06-12T13:38:16,20,4,0,24
2022-06-12T13:48:41,20,4,0,24
2022-06-12T13:59:05,20,4,0,24
2022-06-12T14:09:29,20,4,0,24
2022-06-12T14:20:05,20,4,0,24
2022-06-12T14:30:29,20,4,0,24
2022-06-12T14:40:53,20,4,0,24
2022-06-12T14:51:17,20,4,0,24
2022-06-12T15:01:41,20,4,0,24
2022-06-12T15:12:06,20,4,0,24
2022-06-12T15:22:41,20,4,0,24
2022-06-12T15:33:07,20,4,0,24
2022-06-12T15:43:31,20,4,0,24
2022-06-12T15:53:55,20,4,0,24
2022-06-12T16:04:20,20,4,0,24
2022-06-12T16:15:06,20,4,0,24
2022-06-12T16:25:31,20,4,0,24
2022-06-12T16:35:55,20,4,0,24
2022-06-12T16:46:20,20,4,0,24
2022-06-12T16:56:44,20,4,0,24
2022-06-12T17:07:27,20,4,0,24
2022-06-12T17:17:53,20,4,0,24
2022-06-12T17:28:17,20,4,0,24
2022-06-12T17:38:42,20,4,0,24
2022-06-12T17:49:07,20,4,0,24
2022-06-12T17:59:31,20,4,0,24
2022-06-12T18:10:06,20,4,0,24
2022-06-12T18:20:31,20,4,0,24
2022-06-12T18:30:55,20,4,0,24
2022-06-12T18:41:20,20,4,0,24
2022-06-12T18:51:45,20,4,0,24
2022-06-12T19:02:09,20,4,0,24
2022-06-12T19:12:34,20,4,0,24
2022-06-12T19:22:58,20,4,0,24
2022-06-12T19:33:34,20,4,0,24
2022-06-12T19:43:58,20,4,0,24
2022-06-12T19:54:22,20,4,0,24
2022-06-12T20:04:47,20,4,0,24
2022-06-12T20:15:12,20,4,0,24
2022-06-12T20:25:47,20,4,0,24
2022-06-12T20:36:12,20,4,0,24
2022-06-12T20:46:37,20,4,0,24
2022-06-12T20:57:01,20,4,0,24
2022-06-12T21:07:26,20,4,0,24
2022-06-12T21:18:02,20,4,0,24
2022-06-12T21:28:26,20,4,0,24
2022-06-12T21:38:52,20,4,0,24
2022-06-12T21:49:16,20,4,0,24
2022-06-12T21:59:41,20,4,0,24
2022-06-12T22:10:17,20,4,0,24
2022-06-12T22:20:42,20,4,0,24
2022-06-12T22:31:07,20,4,0,24
2022-06-12T22:41:33,20,4,0,24
2022-06-12T22:51:57,20,4,0,24
2022-06-12T23:02:23,20,4,0,24
2022-06-12T23:12:49,20,4,0,24
2022-06-12T23:23:28,20,4,0,24
2022-06-12T23:33:55,20,4,0,24
2022-06-12T23:44:25,20,4,0,24
2022-06-12T23:54:54,20,4,0,24
2022-06-13T00:05:22,20,4,0,24
2022-06-13T00:15:58,20,4,0,24
2022-06-13T00:26:31,20,4,0,24
2022-06-13T00:37:16,20,4,0,24
2022-06-13T00:47:45,20,4,0,24
2022-06-13T00:58:18,20,4,0,24
2022-06-13T01:08:55,20,4,0,24
2022-06-13T01:19:29,20,4,0,24
2022-06-13T01:30:03,20,4,0,24
2022-06-13T01:40:41,20,4,0,24
2022-06-13T01:51:18,20,4,0,24
2022-06-13T02:02:16,20,4,0,24
2022-06-13T02:13:02,20,4,0,24
2022-06-13T02:23:36,20,4,0,24
2022-06-13T02:34:10,20,4,0,24
2022-06-13T02:44:44,20,4,0,24
2022-06-13T02:55:17,20,4,0,24
2022-06-13T03:05:43,20,4,0,24
2022-06-13T03:16:10,20,4,0,24
2022-06-13T03:26:37,20,4,0,24
2022-06-13T03:37:01,20,4,0,24
2022-06-13T03:47:27,20,4,0,24
2022-06-13T03:59:47,20,4,0,24
2022-06-13T04:10:32,20,4,0,24
2022-06-13T04:19:58,20,4,0,24
2022-06-13T04:30:48,20,4,0,24
2022-06-13T04:41:17,20,4,0,24
2022-06-13T04:51:44,20,4,0,24
2022-06-13T05:02:11,20,4,0,24
2022-06-13T05:12:38,20,4,0,24
2022-06-13T05:23:05,20,4,0,24
2022-06-13T05:33:31,20,4,0,24
2022-06-13T05:43:57,20,4,0,24
2022-06-13T05:54:24,20,4,0,24
2022-06-13T06:04:49,20,4,0,24
2022-06-13T06:15:16,20,4,0,24
2022-06-13T06:25:43,20,4,0,24
2022-06-13T06:36:09,20,4,0,24
2022-06-13T06:46:35,20,4,0,24
2022-06-13T06:57:00,20,4,0,24
2022-06-13T07:07:29,20,4,0,24
2022-06-13T07:17:54,20,4,0,24
2022-06-13T07:28:18,20,4,0,24
2022-06-13T07:38:43,20,4,0,24
2022-06-13T07:49:09,20,4,0,24
2022-06-13T07:59:34,20,4,0,24
2022-06-13T08:10:11,20,4,0,24
2022-06-13T08:20:37,20,4,0,24
2022-06-13T08:31:03,20,4,0,24
2022-06-13T08:41:29,20,4,0,24
2022-06-13T08:51:56,20,4,0,24
2022-06-13T09:02:22,20,4,0,24
2022-06-13T09:12:50,20,4,0,24
2022-06-13T09:23:17,20,4,0,24
2022-06-13T09:33:56,20,4,0,24
2022-06-13T09:44:23,20,4,0,24
2022-06-13T09:54:53,20,4,0,24
2022-06-13T10:05:23,20,4,0,24
2022-06-13T10:15:51,20,4,0,24
2022-06-13T10:26:29,20,4,0,24
2022-06-13T10:36:58,20,4,0,24
2022-06-13T10:47:25,20,4,0,24
2022-06-13T10:57:52,20,4,0,24
2022-06-13T11:08:23,20,4,0,24
2022-06-13T11:18:51,20,4,0,24
2022-06-13T11:29:29,20,4,0,24
2022-06-13T11:39:56,20,4,0,24
2022-06-13T11:50:24,20,4,0,24
2022-06-13T12:00:54,20,4,0,24
2022-06-13T12:11:21,20,4,0,24
2022-06-13T12:22:00,20,4,0,24
2022-06-13T12:32:27,20,4,0,24
2022-06-13T12:42:54,20,4,0,24
2022-06-13T12:53:24,20,4,0,24
2022-06-13T13:03:52,20,4,0,24
2022-06-13T13:14:19,20,4,0,24
2022-06-13T13:24:59,20,4,0,24
2022-06-13T13:35:27,20,4,0,24
2022-06-13T13:45:54,20,4,0,24
2022-06-13T13:56:27,20,4,0,24
2022-06-13T14:06:59,20,4,0,24
2022-06-13T14:17:40,20,4,0,24
2022-06-13T14:28:11,20,4,0,24
2022-06-13T14:38:46,20,4,0,24
2022-06-13T14:49:19,20,4,0,24
2022-06-13T14:59:51,20,4,0,24
2022-06-13T15:10:25,20,4,0,24
2022-06-13T15:20:56,20,4,0,24
2022-06-13T15:31:43,20,4,0,24
2022-06-13T15:42:21,20,4,0,24
2022-06-13T15:52:55,20,4,0,24
2022-06-13T16:03:29,20,4,0,24
2022-06-13T16:13:58,20,4,0,24
2022-06-13T16:24:33,20,4,0,24
2022-06-13T16:35:17,20,4,0,24
2022-06-13T16:45:50,20,4,0,24
2022-06-13T16:56:26,20,4,0,24
2022-06-13T17:06:58,20,4,0,24
2022-06-13T17:17:31,20,4,0,24
2022-06-13T17:28:14,20,4,0,24
2022-06-13T17:38:49,20,4,0,24
2022-06-13T17:49:24,20,4,0,24
2022-06-13T17:59:53,20,4,0,24
2022-06-13T18:10:22,20,4,0,24
2022-06-13T18:21:02,20,4,0,24
2022-06-13T18:31:28,20,4,0,24
2022-06-13T18:41:56,20,4,0,24
2022-06-13T18:52:22,20,4,0,24
2022-06-13T19:03:01,20,4,0,24
2022-06-13T19:13:27,20,4,0,24
2022-06-13T19:23:53,20,4,0,24
2022-06-13T19:34:22,20,4,0,24
2022-06-13T19:45:00,20,4,0,24
2022-06-13T19:55:26,20,4,0,24
2022-06-13T20:05:51,20,4,0,24
2022-06-13T20:16:17,20,4,0,24
2022-06-13T20:26:45,20,4,0,24
2022-06-13T20:37:11,20,4,0,24
2022-06-13T20:47:49,20,4,0,24
2022-06-13T20:58:15,20,4,0,24
2022-06-13T21:08:41,20,4,0,24
2022-06-13T21:19:10,20,4,0,24
2022-06-13T21:29:48,20,4,0,24
2022-06-13T21:40:15,20,4,0,24
2022-06-13T21:50:41,20,4,0,24
2022-06-13T22:01:08,20,4,0,24
2022-06-13T22:11:35,20,4,0,24
2022-06-13T22:22:03,20,4,0,24
2022-06-13T22:32:41,20,4,0,24
2022-06-13T22:43:07,20,4,0,24
2022-06-13T22:53:32,20,4,0,24
2022-06-13T23:04:01,20,4,0,24
2022-06-13T23:14:28,20,4,0,24
2022-06-13T23:25:05,20,4,0,24
2022-06-13T23:35:31,20,4,0,24
2022-06-13T23:45:58,20,4,0,24
2022-06-13T23:56:23,20,4,0,24
2022-06-14T00:06:53,20,4,0,24
2022-06-14T00:17:23,20,4,0,24
2022-06-14T00:27:53,20,4,0,24
2022-06-14T00:38:32,20,4,0,24
2022-06-14T00:49:00,20,4,0,24
2022-06-14T00:59:28,20,4,0,24
2022-06-14T01:09:58,20,4,0,24
2022-06-14T01:20:26,20,4,0,24
2022-06-14T01:30:56,20,4,0,24
2022-06-14T01:41:35,20,4,0,24
2022-06-14T01:52:02,20,4,0,24
2022-06-14T02:02:30,20,4,0,24
2022-06-14T02:12:56,20,4,0,24
2022-06-14T02:23:22,20,4,0,24
2022-06-14T02:33:47,20,4,0,24
2022-06-14T02:44:14,20,4,0,24
2022-06-14T02:54:39,20,4,0,24
2022-06-14T03:05:04,20,4,0,24
2022-06-14T03:15:28,20,4,0,24
2022-06-14T03:25:53,20,4,0,24
2022-06-14T03:36:29,20,4,0,24
2022-06-14T03:46:55,20,4,0,24
2022-06-14T03:57:21,20,4,0,24
2022-06-14T04:09:58,20,4,0,24
2022-06-14T04:19:55,20,4,0,24
2022-06-14T04:30:48,20,4,0,24
2022-06-14T04:41:17,20,4,0,24
2022-06-14T04:51:47,20,4,0,24
2022-06-14T05:02:15,20,4,0,24
2022-06-14T05:12:43,20,4,0,24
2022-06-14T05:23:10,20,4,0,24
2022-06-14T05:33:36,20,4,0,24
2022-06-14T05:44:05,20,4,0,24
2022-06-14T05:54:31,20,4,0,24
2022-06-14T06:04:58,20,4,0,24
2022-06-14T06:15:24,20,4,0,24
2022-06-14T06:26:01,20,4,0,24
2022-06-14T06:36:28,20,4,0,24
2022-06-14T06:46:54,20,4,0,24
2022-06-14T06:57:21,20,4,0,24
2022-06-14T07:07:51,20,4,0,24
2022-06-14T07:18:17,20,4,0,24
2022-06-14T07:28:44,20,4,0,24
2022-06-14T07:39:12,20,4,0,24
2022-06-14T07:49:50,20,4,0,24
2022-06-14T08:00:18,20,4,0,24
2022-06-14T08:10:45,20,4,0,24
2022-06-14T08:21:12,20,4,0,24
2022-06-14T08:31:40,20,4,0,24
2022-06-14T08:42:08,20,4,0,24
2022-06-14T08:52:36,20,4,0,24
2022-06-14T09:03:15,20,4,0,24
2022-06-14T09:13:45,20,4,0,24
2022-06-14T09:24:15,20,4,0,24
2022-06-14T09:34:46,20,4,0,24
2022-06-14T09:45:15,20,4,0,24
2022-06-14T09:55:56,20,4,0,24
2022-06-14T10:06:26,20,4,0,24
2022-06-14T10:16:57,20,4,0,24
2022-06-14T10:27:27,20,4,0,24
2022-06-14T10:38:08,20,4,0,24
2022-06-14T10:48:37,20,4,0,24
2022-06-14T10:59:06,20,4,0,24
2022-06-14T11:09:35,20,4,0,24
2022-06-14T11:20:16,20,4,0,24
2022-06-14T11:30:45,20,4,0,24
2022-06-14T11:41:15,20,4,0,24
2022-06-14T11:51:44,20,4,0,24
2022-06-14T12:02:26,20,4,0,24
2022-06-14T12:12:54,20,4,0,24
2022-06-14T12:23:23,20,4,0,24
2022-06-14T12:33:52,20,4,0,24
2022-06-14T12:44:32,20,4,0,24
2022-06-14T12:55:01,20,4,0,24
2022-06-14T13:05:29,20,4,0,24
2022-06-14T13:15:58,20,4,0,24
2022-06-14T13:26:38,20,4,0,24
2022-06-14T13:37:07,20,4,0,24
2022-06-14T13:47:35,20,4,0,24
2022-06-14T13:58:03,20,4,0,24
2022-06-14T14:08:44,20,4,0,24
2022-06-14T14:19:12,20,4,0,24
2022-06-14T14:29:42,20,4,0,24
2022-06-14T14:40:23,20,4,0,24
2022-06-14T14:50:52,20,4,0,24
2022-06-14T15:01:21,20,4,0,24
2022-06-14T15:11:49,20,4,0,24
2022-06-14T15:22:29,20,4,0,24
2022-06-14T15:32:58,20,4,0,24
2022-06-14T15:43:26,20,4,0,24
2022-06-14T15:54:06,20,4,0,24
2022-06-14T16:04:34,20,4,0,24
2022-06-14T16:15:01,20,4,0,24
2022-06-14T16:25:28,20,4,0,24
2022-06-14T16:36:07,20,4,0,24
2022-06-14T16:46:33,20,4,0,24
2022-06-14T16:57:00,20,4,0,24
2022-06-14T17:07:28,20,4,0,24
2022-06-14T17:18:07,20,4,0,24
2022-06-14T17:28:33,20,4,0,24
2022-06-14T17:39:01,20,4,0,24
2022-06-14T17:49:27,20,4,0,24
2022-06-14T17:59:53,20,4,0,24
2022-06-14T18:10:34,20,4,0,24
2022-06-14T18:21:00,20,4,0,24
2022-06-14T18:31:28,20,4,0,24
2022-06-14T18:41:57,20,4,0,24
2022-06-14T18:52:24,20,4,0,24
2022-06-14T19:03:03,20,4,0,24
2022-06-14T19:13:31,20,4,0,24
2022-06-14T19:23:58,20,4,0,24
2022-06-14T19:34:25,20,4,0,24
2022-06-14T19:45:03,20,4,0,24
2022-06-14T19:55:29,20,4,0,24
2022-06-14T20:05:56,20,4,0,24
2022-06-14T20:16:23,20,4,0,24
2022-06-14T20:27:03,20,4,0,24
2022-06-14T20:37:29,20,4,0,24
2022-06-14T20:47:56,20,4,0,24
2022-06-14T20:58:34,20,4,0,24
2022-06-14T21:09:01,20,4,0,24
2022-06-14T21:19:28,20,4,0,24
2022-06-14T21:29:55,20,4,0,24
2022-06-14T21:40:34,20,4,0,24
2022-06-14T21:51:00,20,4,0,24
2022-06-14T22:01:27,20,4,0,24
2022-06-14T22:11:53,20,4,0,24
2022-06-14T22:22:31,20,4,0,24
2022-06-14T22:32:58,20,4,0,24
2022-06-14T22:43:25,20,4,0,24
2022-06-14T22:53:51,20,4,0,24
2022-06-14T23:04:31,20,4,0,24
2022-06-14T23:14:58,20,4,0,24
2022-06-14T23:25:25,20,4,0,24
2022-06-14T23:35:51,20,4,0,24
2022-06-14T23:46:17,20,4,0,24
2022-06-14T23:56:55,20,4,0,24
2022-06-15T00:07:26,20,4,0,24
2022-06-15T00:17:58,20,4,0,24
2022-06-15T00:28:27,20,4,0,24
2022-06-15T00:39:08,20,4,0,24
2022-06-15T00:49:37,20,4,0,24
2022-06-15T01:00:06,20,4,0,24
2022-06-15T01:10:36,20,4,0,24
2022-06-15T01:21:05,20,4,0,24
2022-06-15T01:31:33,20,4,0,24
2022-06-15T01:42:02,20,4,0,24
2022-06-15T01:52:42,20,4,0,24
2022-06-15T02:03:12,20,4,0,24
2022-06-15T02:13:39,20,4,0,24
2022-06-15T02:24:05,20,4,0,24
2022-06-15T02:34:31,20,4,0,24
2022-06-15T02:45:10,20,4,0,24
2022-06-15T02:55:36,20,4,0,24
2022-06-15T03:06:05,20,4,0,24
2022-06-15T03:16:35,20,4,0,24
2022-06-15T03:27:06,20,4,0,24
2022-06-15T03:37:35,20,4,0,24
2022-06-15T03:48:06,20,4,0,24
2022-06-15T03:58:41,20,4,0,24
2022-06-15T04:09:16,20,4,0,24
2022-06-15T04:18:48,20,4,0,24
2022-06-15T04:29:49,20,4,0,24
2022-06-15T04:40:27,20,4,0,24
2022-06-15T04:51:02,20,4,0,24
2022-06-15T05:01:37,20,4,0,24
2022-06-15T05:12:07,20,4,0,24
2022-06-15T05:22:47,20,4,0,24
2022-06-15T05:33:21,20,4,0,24
2022-06-15T05:44:00,20,4,0,24
2022-06-15T05:54:35,20,4,0,24
2022-06-15T06:05:11,20,4,0,24
2022-06-15T06:15:47,20,4,0,24
2022-06-15T06:26:21,20,4,0,24
2022-06-15T06:37:07,20,4,0,24
2022-06-15T06:47:42,20,4,0,24
2022-06-15T06:58:15,20,4,0,24
2022-06-15T07:08:45,20,4,0,24
2022-06-15T07:19:16,20,4,0,24
2022-06-15T07:29:45,20,4,0,24
2022-06-15T07:40:13,20,4,0,24
2022-06-15T07:50:41,20,4,0,24
2022-06-15T08:01:21,20,4,0,24
2022-06-15T08:11:52,20,4,0,24
2022-06-15T08:22:21,20,4,0,24
2022-06-15T08:32:50,20,4,0,24
2022-06-15T08:43:22,20,4,0,24
2022-06-15T08:53:50,20,4,0,24
2022-06-15T09:04:32,20,4,0,24
2022-06-15T09:15:02,20,4,0,24
2022-06-15T09:25:32,20,4,0,24
2022-06-15T09:36:01,20,4,0,24
2022-06-15T09:46:30,20,4,0,24
2022-06-15T09:57:10,20,4,0,24
2022-06-15T10:07:39,20,4,0,24
2022-06-15T10:18:07,20,4,0,24
2022-06-15T10:28:36,20,4,0,24
2022-06-15T10:39:04,20,4,0,24
2022-06-15T10:49:45,20,4,0,24
2022-06-15T11:00:14,20,4,0,24
2022-06-15T11:10:43,20,4,0,24
2022-06-15T11:21:13,20,4,0,24
2022-06-15T11:31:54,20,4,0,24
2022-06-15T11:42:24,20,4,0,24
2022-06-15T11:52:54,20,4,0,24
2022-06-15T12:03:23,20,4,0,24
2022-06-15T12:13:51,20,4,0,24
2022-06-15T12:24:31,20,4,0,24
2022-06-15T12:34:58,20,4,0,24
2022-06-15T12:45:26,20,4,0,24
2022-06-15T12:55:54,20,4,0,24
2022-06-15T13:06:35,20,4,0,24
2022-06-15T13:17:03,20,4,0,24
2022-06-15T13:27:33,20,4,0,24
2022-06-15T13:38:03,20,4,0,24
2022-06-15T13:48:34,20,4,0,24
2022-06-15T13:59:15,20,4,0,24
2022-06-15T14:09:45,20,4,0,24
2022-06-15T14:20:17,20,4,0,24
2022-06-15T14:30:49,20,4,0,24
2022-06-15T14:41:17,20,4,0,24
2022-06-15T14:52:00,20,4,0,24
2022-06-15T15:02:29,20,4,0,24
2022-06-15T15:12:57,20,4,0,24
2022-06-15T15:23:25,20,4,0,24
2022-06-15T15:33:52,20,4,0,24
2022-06-15T15:44:20,20,4,0,24
2022-06-15T15:54:59,20,4,0,24
2022-06-15T16:05:26,20,4,0,24
2022-06-15T16:15:53,20,4,0,24
2022-06-15T16:26:21,20,4,0,24
2022-06-15T16:36:48,20,4,0,24
2022-06-15T16:47:27,20,4,0,24
2022-06-15T16:57:54,20,4,0,24
2022-06-15T17:08:21,20,4,0,24
2022-06-15T17:18:48,20,4,0,24
2022-06-15T17:29:15,20,4,0,24
2022-06-15T17:39:40,20,4,0,24
2022-06-15T17:50:19,20,4,0,24
2022-06-15T18:00:46,20,4,0,24
2022-06-15T18:11:12,20,4,0,24
2022-06-15T18:21:42,20,4,0,24
2022-06-15T18:32:08,20,4,0,24
2022-06-15T18:42:33,20,4,0,24
2022-06-15T18:53:12,20,4,0,24
2022-06-15T19:03:41,20,4,0,24
2022-06-15T19:14:12,20,4,0,24
2022-06-15T19:24:41,20,4,0,24
2022-06-15T19:35:13,20,4,0,24
2022-06-15T19:45:44,20,4,0,24
2022-06-15T19:56:28,20,4,0,24
2022-06-15T20:07:04,20,4,0,24
2022-06-15T20:17:39,20,4,0,24
2022-06-15T20:28:09,20,4,0,24
2022-06-15T20:38:45,20,4,0,24
2022-06-15T20:49:18,20,4,0,24
2022-06-15T20:59:48,20,4,0,24
2022-06-15T21:10:35,20,4,0,24
2022-06-15T21:21:10,20,4,0,24
2022-06-15T21:31:44,20,4,0,24
2022-06-15T21:42:30,20,4,0,24
2022-06-15T21:53:04,20,4,0,24
2022-06-15T22:03:37,20,4,0,24
2022-06-15T22:14:11,20,4,0,24
2022-06-15T22:24:59,20,4,0,24
2022-06-15T22:35:32,20,4,0,24
2022-06-15T22:46:02,20,4,0,24
2022-06-15T22:56:31,20,4,0,24
2022-06-15T23:07:00,20,4,0,24
2022-06-15T23:17:40,20,4,0,24
2022-06-15T23:28:06,20,4,0,24
2022-06-15T23:38:33,20,4,0,24
2022-06-15T23:48:59,20,4,0,24
2022-06-15T23:59:24,20,4,0,24
2022-06-16T00:09:51,20,4,0,24
2022-06-16T00:20:20,20,4,0,24
2022-06-16T00:31:01,20,4,0,24
2022-06-16T00:41:29,20,4,0,24
2022-06-16T00:51:57,20,4,0,24
2022-06-16T01:02:25,20,4,0,24
2022-06-16T01:12:52,20,4,0,24
2022-06-16T01:23:18,20,4,0,24
2022-06-16T01:33:44,20,4,0,24
2022-06-16T01:44:10,20,4,0,24
2022-06-16T01:54:38,20,4,0,24
2022-06-16T02:05:19,20,4,0,24
2022-06-16T02:15:46,20,4,0,24
2022-06-16T02:26:12,20,4,0,24
2022-06-16T02:36:38,20,4,0,24
2022-06-16T02:47:05,20,4,0,24
2022-06-16T02:57:30,20,4,0,24
2022-06-16T03:07:54,20,4,0,24
2022-06-16T03:18:19,20,4,0,24
2022-06-16T03:28:43,20,4,0,24
2022-06-16T03:39:08,20,4,0,24
2022-06-16T03:49:32,20,4,0,24
2022-06-16T03:59:56,20,4,0,24
2022-06-16T04:10:21,20,4,0,24
2022-06-16T04:20:28,20,4,0,24
2022-06-16T04:31:16,20,4,0,24
2022-06-16T04:41:44,20,4,0,24
2022-06-16T04:52:13,20,4,0,24
2022-06-16T05:02:42,20,4,0,24
2022-06-16T05:13:12,20,4,0,24
2022-06-16T05:23:40,20,4,0,24
2022-06-16T05:34:08,20,4,0,24
2022-06-16T05:44:35,20,4,0,24
2022-06-16T05:55:06,20,4,0,24
2022-06-16T06:05:33,20,4,0,24
2022-06-16T06:16:00,20,4,0,24
2022-06-16T06:26:27,20,4,0,24
2022-06-16T06:36:54,20,4,0,24
2022-06-16T06:47:21,20,4,0,24
2022-06-16T06:57:48,20,4,0,24
2022-06-16T07:08:19,20,4,0,24
2022-06-16T07:18:47,20,4,0,24
2022-06-16T07:29:26,20,4,0,24
2022-06-16T07:39:54,20,4,0,24
2022-06-16T07:50:20,20,4,0,24
2022-06-16T08:00:48,20,4,0,24
2022-06-16T08:11:15,20,4,0,24
2022-06-16T08:21:41,20,4,0,24
2022-06-16T08:32:08,20,4,0,24
2022-06-16T08:42:35,20,4,0,24
2022-06-16T08:53:01,20,4,0,24
2022-06-16T09:03:28,20,4,0,24
2022-06-16T09:13:55,20,4,0,24
2022-06-16T09:24:21,20,4,0,24
2022-06-16T09:35:02,20,4,0,24
2022-06-16T09:45:29,20,4,0,24
2022-06-16T09:55:56,20,4,0,24
2022-06-16T10:06:23,20,4,0,24
2022-06-16T10:16:50,20,4,0,24
2022-06-16T10:27:17,20,4,0,24
2022-06-16T10:37:43,20,4,0,24
2022-06-16T10:48:10,20,4,0,24
2022-06-16T10:58:49,20,4,0,24
2022-06-16T11:09:17,20,4,0,24
2022-06-16T11:19:44,20,4,0,24
2022-06-16T11:30:11,20,4,0,24
2022-06-16T11:40:38,20,4,0,24
2022-06-16T11:51:04,20,4,0,24
2022-06-16T12:01:31,20,4,0,24
2022-06-16T12:12:09,20,4,0,24
2022-06-16T12:22:37,20,4,0,24
2022-06-16T12:33:06,20,4,0,24
2022-06-16T12:43:37,20,4,0,24
2022-06-16T12:54:08,20,4,0,24
2022-06-16T13:04:41,20,4,0,24
2022-06-16T13:15:24,20,4,0,24
2022-06-16T13:25:59,20,4,0,24
2022-06-16T13:36:38,20,4,0,24
2022-06-16T13:47:18,20,4,0,24
2022-06-16T13:57:57,20,4,0,24
2022-06-16T14:08:39,20,4,0,24
2022-06-16T14:19:30,20,4,0,24
2022-06-16T14:30:13,20,4,0,24
2022-06-16T14:40:49,20,4,0,24
2022-06-16T14:51:24,20,4,0,24
2022-06-16T15:01:58,20,4,0,24
2022-06-16T15:12:40,20,4,0,24
2022-06-16T15:23:10,20,4,0,24
2022-06-16T15:33:38,20,4,0,24
2022-06-16T15:44:05,20,4,0,24
2022-06-16T15:54:32,20,4,0,24
2022-06-16T16:04:59,20,4,0,24
2022-06-16T16:15:37,20,4,0,24
2022-06-16T16:26:03,20,4,0,24
2022-06-16T16:36:30,20,4,0,24
2022-06-16T16:46:57,20,4,0,24
2022-06-16T16:57:23,20,4,0,24
2022-06-16T17:07:49,20,4,0,24
2022-06-16T17:18:15,20,4,0,24
2022-06-16T17:28:41,20,4,0,24
2022-06-16T17:39:18,20,4,0,24
2022-06-16T17:49:44,20,4,0,24
2022-06-16T18:00:09,20,4,0,24
2022-06-16T18:10:36,20,4,0,24
2022-06-16T18:21:01,20,4,0,24
2022-06-16T18:31:26,20,4,0,24
2022-06-16T18:41:52,20,4,0,24
2022-06-16T18:52:18,20,4,0,24
2022-06-16T19:02:54,20,4,0,24
2022-06-16T19:13:20,20,4,0,24
2022-06-16T19:23:45,20,4,0,24
2022-06-16T19:34:12,20,4,0,24
2022-06-16T19:44:37,20,4,0,24
2022-06-16T19:55:03,20,4,0,24
2022-06-16T20:05:29,20,4,0,24
2022-06-16T20:15:55,20,4,0,24
2022-06-16T20:26:20,20,4,0,24
2022-06-16T20:36:57,20,4,0,24
2022-06-16T20:47:22,20,4,0,24
2022-06-16T20:57:47,20,4,0,24
2022-06-16T21:08:13,20,4,0,24
2022-06-16T21:18:39,20,4,0,24
2022-06-16T21:29:04,20,4,0,24
2022-06-16T21:39:30,20,4,0,24
2022-06-16T21:49:56,20,4,0,24
2022-06-16T22:00:33,20,4,0,24
2022-06-16T22:10:59,20,4,0,24
2022-06-16T22:21:25,20,4,0,24
2022-06-16T22:31:51,20,4,0,24
2022-06-16T22:42:28,20,4,0,24
2022-06-16T22:52:53,20,4,0,24
2022-06-16T23:03:19,20,4,0,24
2022-06-16T23:13:45,20,4,0,24
2022-06-16T23:24:11,20,4,0,24
2022-06-16T23:34:42,20,4,0,24
2022-06-16T23:45:18,20,4,0,24
2022-06-16T23:55:56,20,4,0,24
2022-06-17T00:06:36,20,4,0,24
2022-06-17T00:17:18,20,4,0,24
2022-06-17T00:28:27,20,4,0,24
2022-06-17T00:39:16,20,4,0,24
2022-06-17T00:50:02,20,4,0,24
2022-06-17T01:00:45,20,4,0,24
2022-06-17T01:11:24,20,4,0,24
2022-06-17T01:22:01,20,4,0,24
2022-06-17T01:32:36,20,4,0,24
2022-06-17T01:43:10,20,4,0,24
2022-06-17T01:53:43,20,4,0,24
2022-06-17T02:04:13,20,4,0,24
2022-06-17T02:14:55,20,4,0,24
2022-06-17T02:25:22,20,4,0,24
2022-06-17T02:35:47,20,4,0,24
2022-06-17T02:46:11,20,4,0,24
2022-06-17T02:56:36,20,4,0,24
2022-06-17T03:07:01,20,4,0,24
2022-06-17T03:17:25,20,4,0,24
2022-06-17T03:27:50,20,4,0,24
2022-06-17T03:38:15,20,4,0,24
2022-06-17T03:48:41,20,4,0,24
2022-06-17T03:59:08,20,4,0,24
2022-06-17T04:16:31,20,4,0,24
2022-06-17T04:27:22,20,4,0,24
2022-06-17T04:38:38,20,4,0,24
2022-06-17T04:52:43,20,4,0,24
2022-06-17T05:12:01,20,4,0,24
2022-06-17T05:31:27,20,4,0,24
2022-06-17T05:51:58,20,4,0,24
2022-06-17T06:05:32,20,4,0,24
2022-06-17T06:15:57,20,4,0,24
2022-06-17T06:26:24,20,4,0,24
2022-06-17T06:37:05,20,4,0,24
2022-06-17T06:47:35,20,4,0,24
2022-06-17T06:58:03,20,4,0,24
2022-06-17T07:08:32,20,4,0,24
2022-06-17T07:19:01,20,4,0,24
2022-06-17T07:29:29,20,4,0,24
2022-06-17T07:39:56,20,4,0,24
2022-06-17T07:50:24,20,4,0,24
2022-06-17T08:00:52,20,4,0,24
2022-06-17T08:11:19,20,4,0,24
2022-06-17T08:21:47,20,4,0,24
2022-06-17T08:32:16,20,4,0,24
2022-06-17T08:42:43,20,4,0,24
2022-06-17T08:53:20,20,4,0,24
2022-06-17T09:03:48,20,4,0,24
2022-06-17T09:14:15,20,4,0,24
2022-06-17T09:24:44,20,4,0,24
2022-06-17T09:35:12,20,4,0,24
2022-06-17T09:45:42,20,4,0,24
2022-06-17T09:56:11,20,4,0,24
2022-06-17T10:06:40,20,4,0,24
2022-06-17T10:17:09,20,4,0,24
2022-06-17T10:27:37,20,4,0,24
2022-06-17T10:38:05,20,4,0,24
2022-06-17T10:48:32,20,4,0,24
2022-06-17T10:59:14,20,4,0,24
2022-06-17T11:09:42,20,4,0,24
2022-06-17T11:20:10,20,4,0,24
2022-06-17T11:30:37,20,4,0,24
2022-06-17T11:41:05,20,4,0,24
2022-06-17T11:51:43,20,4,0,24
2022-06-17T12:02:11,20,4,0,24
2022-06-17T12:12:39,20,4,0,24
2022-06-17T12:23:07,20,4,0,24
2022-06-17T12:33:34,20,4,0,24
2022-06-17T12:44:01,20,4,0,24
2022-06-17T12:54:29,20,4,0,24
2022-06-17T13:04:57,20,4,0,24
2022-06-17T13:15:34,20,4,0,24
2022-06-17T13:26:02,20,4,0,24
2022-06-17T13:36:31,20,4,0,24
2022-06-17T13:46:58,20,4,0,24
2022-06-17T13:57:26,20,4,0,24
2022-06-17T14:07:54,20,4,0,24
2022-06-17T14:18:22,20,4,0,24
2022-06-17T14:28:50,20,4,0,24
2022-06-17T14:39:17,20,4,0,24
2022-06-17T14:49:50,20,4,0,24
2022-06-17T15:00:29,20,4,0,24
2022-06-17T15:10:57,20,4,0,24
2022-06-17T15:21:25,20,4,0,24
2022-06-17T15:31:52,20,4,0,24
2022-06-17T15:42:20,20,4,0,24
2022-06-17T15:52:49,20,4,0,24
2022-06-17T16:03:16,20,4,0,24
2022-06-17T16:13:43,20,4,0,24
2022-06-17T16:24:10,20,4,0,24
2022-06-17T16:34:49,20,4,0,24
2022-06-17T16:45:17,20,4,0,24
2022-06-17T16:55:43,20,4,0,24
2022-06-17T17:06:12,20,4,0,24
2022-06-17T17:16:39,20,4,0,24
2022-06-17T17:27:06,20,4,0,24
2022-06-17T17:37:33,20,4,0,24
2022-06-17T17:47:59,20,4,0,24
2022-06-17T17:58:37,20,4,0,24
2022-06-17T18:09:04,20,4,0,24
2022-06-17T18:19:30,20,4,0,24
2022-06-17T18:29:57,20,4,0,24
2022-06-17T18:40:24,20,4,0,24
2022-06-17T18:50:50,20,4,0,24
2022-06-17T19:01:17,20,4,0,24
2022-06-17T19:11:43,20,4,0,24
2022-06-17T19:22:10,20,4,0,24
2022-06-17T19:32:48,20,4,0,24
2022-06-17T19:43:14,20,4,0,24
2022-06-17T19:53:41,20,4,0,24
2022-06-17T20:04:08,20,4,0,24
2022-06-17T20:14:34,20,4,0,24
2022-06-17T20:25:01,20,4,0,24
2022-06-17T20:35:27,20,4,0,24
2022-06-17T20:45:54,20,4,0,24
2022-06-17T20:56:20,20,4,0,24
2022-06-17T21:06:46,20,4,0,24
2022-06-17T21:17:13,20,4,0,24
2022-06-17T21:27:50,20,4,0,24
2022-06-17T21:38:17,20,4,0,24
2022-06-17T21:48:44,20,4,0,24
2022-06-17T21:59:10,20,4,0,24
2022-06-17T22:09:36,20,4,0,24
2022-06-17T22:20:02,20,4,0,24
2022-06-17T22:30:29,20,4,0,24
2022-06-17T22:40:57,20,4,0,24
2022-06-17T22:51:34,20,4,0,24
2022-06-17T23:02:00,20,4,0,24
2022-06-17T23:12:27,20,4,0,24
2022-06-17T23:22:55,20,4,0,24
2022-06-17T23:33:24,20,4,0,24
2022-06-17T23:43:50,20,4,0,24
2022-06-17T23:54:17,20,4,0,24
2022-06-18T00:04:44,20,4,0,24
2022-06-18T00:15:13,20,4,0,24
2022-06-18T00:25:41,20,4,0,24
2022-06-18T00:36:10,20,4,0,24
2022-06-18T00:46:38,20,4,0,24
2022-06-18T00:57:07,20,4,0,24
2022-06-18T01:07:36,20,4,0,24
2022-06-18T01:18:11,20,4,0,24
2022-06-18T01:28:45,20,4,0,24
2022-06-18T01:39:20,20,4,0,24
2022-06-18T01:49:54,20,4,0,24
2022-06-18T02:00:36,20,4,0,24
2022-06-18T02:11:12,20,4,0,24
2022-06-18T02:21:51,20,4,0,24
2022-06-18T02:32:29,20,4,0,24
2022-06-18T02:43:06,20,4,0,24
2022-06-18T02:53:43,20,4,0,24
2022-06-18T03:04:19,20,4,0,24
2022-06-18T03:14:56,20,4,0,24
2022-06-18T03:25:33,20,4,0,24
2022-06-18T03:36:08,20,4,0,24
2022-06-18T03:46:46,20,4,0,24
2022-06-18T03:59:29,20,4,0,24
2022-06-18T04:17:59,20,4,0,24
2022-06-18T04:28:52,20,4,0,24
2022-06-18T04:39:24,20,4,0,24
2022-06-18T04:49:53,20,4,0,24
2022-06-18T05:00:21,20,4,0,24
2022-06-18T05:10:50,20,4,0,24
2022-06-18T05:21:18,20,4,0,24
2022-06-18T05:31:47,20,4,0,24
2022-06-18T05:42:15,20,4,0,24
2022-06-18T05:52:47,20,4,0,24
2022-06-18T06:03:14,20,4,0,24
2022-06-18T06:13:42,20,4,0,24
2022-06-18T06:24:10,20,4,0,24
2022-06-18T06:34:38,20,4,0,24
2022-06-18T06:45:06,20,4,0,24
2022-06-18T06:55:42,20,4,0,24
2022-06-18T07:06:10,20,4,0,24
2022-06-18T07:16:39,20,4,0,24
2022-06-18T07:27:07,20,4,0,24
2022-06-18T07:37:35,20,4,0,24
2022-06-18T07:48:03,20,4,0,24
2022-06-18T07:58:31,20,4,0,24
2022-06-18T08:08:59,20,4,0,24
2022-06-18T08:19:27,20,4,0,24
2022-06-18T08:29:55,20,4,0,24
2022-06-18T08:40:22,20,4,0,24
2022-06-18T08:51:02,20,4,0,24
2022-06-18T09:01:29,20,4,0,24
2022-06-18T09:11:57,20,4,0,24
2022-06-18T09:22:24,20,4,0,24
2022-06-18T09:32:51,20,4,0,24
2022-06-18T09:43:19,20,4,0,24
2022-06-18T09:53:46,20,4,0,24
2022-06-18T10:04:14,20,4,0,24
2022-06-18T10:14:40,20,4,0,24
2022-06-18T10:25:05,20,4,0,24
2022-06-18T10:35:41,20,4,0,24
2022-06-18T10:46:08,20,4,0,24
2022-06-18T10:56:49,20,4,0,24
2022-06-18T11:07:15,20,4,0,24
2022-06-18T11:17:41,20,4,0,24
2022-06-18T11:28:07,20,4,0,24
2022-06-18T11:38:33,20,4,0,24
2022-06-18T11:48:59,20,4,0,24
2022-06-18T11:59:25,20,4,0,24
2022-06-18T12:09:51,20,4,0,24
2022-06-18T12:20:17,20,4,0,24
2022-06-18T12:30:55,20,4,0,24
2022-06-18T12:41:21,20,4,0,24
2022-06-18T12:51:46,20,4,0,24
2022-06-18T13:02:12,20,4,0,24
2022-06-18T13:12:38,20,4,0,24
2022-06-18T13:23:04,20,4,0,24
2022-06-18T13:33:30,20,4,0,24
2022-06-18T13:43:56,20,4,0,24
2022-06-18T13:54:22,20,4,0,24
2022-06-18T14:04:55,20,4,0,24
2022-06-18T14:15:32,20,4,0,24
2022-06-18T14:25:58,20,4,0,24
2022-06-18T14:36:23,20,4,0,24
2022-06-18T14:46:49,20,4,0,24
2022-06-18T14:57:14,20,4,0,24
2022-06-18T15:07:40,20,4,0,24
2022-06-18T15:18:05,20,4,0,24
2022-06-18T15:28:31,20,4,0,24
2022-06-18T15:38:57,20,4,0,24
2022-06-18T15:49:23,20,4,0,24
2022-06-18T15:59:50,20,4,0,24
2022-06-18T16:10:15,20,4,0,24
2022-06-18T16:20:51,20,4,0,24
2022-06-18T16:31:17,20,4,0,24
2022-06-18T16:41:42,20,4,0,24
2022-06-18T16:52:08,20,4,0,24
2022-06-18T17:02:33,20,4,0,24
2022-06-18T17:13:00,20,4,0,24
2022-06-18T17:23:25,20,4,0,24
2022-06-18T17:33:50,20,4,0,24
2022-06-18T17:44:17,20,4,0,24
2022-06-18T17:54:43,20,4,0,24
2022-06-18T18:05:09,20,4,0,24
2022-06-18T18:15:44,20,4,0,24
2022-06-18T18:26:11,20,4,0,24
2022-06-18T18:36:37,20,4,0,24
2022-06-18T18:47:03,20,4,0,24
2022-06-18T18:57:28,20,4,0,24
2022-06-18T19:07:54,20,4,0,24
2022-06-18T19:18:22,20,4,0,24
2022-06-18T19:28:52,20,4,0,24
2022-06-18T19:39:24,20,4,0,24
2022-06-18T19:49:56,20,4,0,24
2022-06-18T20:00:28,20,4,0,24
2022-06-18T20:11:02,20,4,0,24
2022-06-18T20:21:38,20,4,0,24
2022-06-18T20:32:11,20,4,0,24
2022-06-18T20:42:52,20,4,0,24
2022-06-18T20:53:26,20,4,0,24
2022-06-18T21:03:57,20,4,0,24
2022-06-18T21:14:25,20,4,0,24
2022-06-18T21:24:58,20,4,0,24
2022-06-18T21:35:29,20,4,0,24
2022-06-18T21:46:02,20,4,0,24
2022-06-18T21:56:36,20,4,0,24
2022-06-18T22:07:08,20,4,0,24
2022-06-18T22:17:41,20,4,0,24
2022-06-18T22:28:14,20,4,0,24
2022-06-18T22:38:49,20,4,0,24
2022-06-18T22:49:30,20,4,0,24
2022-06-18T23:00:00,20,4,0,24
2022-06-18T23:10:30,20,4,0,24
2022-06-18T23:20:57,20,4,0,24
2022-06-18T23:31:23,20,4,0,24
2022-06-18T23:41:49,20,4,0,24
2022-06-18T23:52:15,20,4,0,24
2022-06-19T00:02:41,20,4,0,24
2022-06-19T02:20:20,20,4,0,24
2022-06-19T02:30:50,20,4,0,24
2022-06-19T02:41:21,20,4,0,24
2022-06-19T02:51:49,20,4,0,24
2022-06-19T06:48:09,20,4,0,24
2022-06-19T06:58:42,20,4,0,24
2022-06-19T07:09:10,20,4,0,24
2022-06-19T07:19:37,20,4,0,24
2022-06-19T07:30:15,20,4,0,24
2022-06-19T07:40:43,20,4,0,24
2022-06-19T07:51:10,20,4,0,24
2022-06-19T08:01:38,20,4,0,24
2022-06-19T08:12:05,20,4,0,24
2022-06-19T08:22:31,20,4,0,24
2022-06-19T08:32:58,20,4,0,24
2022-06-19T08:43:24,20,4,0,24
2022-06-19T08:53:50,20,4,0,24
2022-06-19T09:04:16,20,4,0,24
2022-06-19T09:14:42,20,4,0,24
2022-06-19T09:25:08,20,4,0,24
2022-06-19T09:35:34,20,4,0,24
2022-06-19T09:46:01,20,4,0,24
2022-06-19T09:56:27,20,4,0,24
2022-06-19T10:06:54,20,4,0,24
2022-06-19T10:17:20,20,4,0,24
2022-06-19T10:27:56,20,4,0,24
2022-06-19T10:38:23,20,4,0,24
2022-06-19T10:48:51,20,4,0,24
2022-06-19T10:59:20,20,4,0,24
2022-06-19T11:09:47,20,4,0,24
2022-06-19T11:20:14,20,4,0,24
2022-06-19T11:30:41,20,4,0,24
2022-06-19T11:41:07,20,4,0,24
2022-06-19T11:51:33,20,4,0,24
2022-06-19T12:01:59,20,4,0,24
2022-06-19T12:12:26,20,4,0,24
2022-06-19T12:23:03,21,3,0,24
2022-06-19T12:33:29,21,3,0,24
2022-06-19T12:43:55,21,3,0,24
2022-06-19T12:54:21,21,3,0,24
2022-06-19T13:04:47,21,3,0,24
2022-06-19T13:15:18,21,3,0,24
2022-06-19T13:25:48,21,3,0,24
2022-06-19T13:36:19,21,3,0,24
2022-06-19T13:46:53,21,3,0,24
2022-06-19T13:57:23,21,3,0,24
2022-06-19T14:07:54,21,3,0,24
2022-06-19T14:18:30,21,3,0,24
2022-06-19T14:29:06,21,3,0,24
2022-06-19T14:39:57,21,3,0,24
2022-06-19T14:50:38,21,3,0,24
2022-06-19T15:01:17,21,3,0,24
2022-06-19T15:12:00,21,3,0,24
2022-06-19T15:22:36,21,3,0,24
2022-06-19T15:33:11,21,3,0,24
2022-06-19T15:43:44,21,3,0,24
2022-06-19T15:54:13,21,3,0,24
2022-06-19T16:04:42,21,3,0,24
2022-06-19T16:15:10,21,3,0,24
2022-06-19T16:25:37,21,3,0,24
2022-06-19T16:36:14,21,3,0,24
2022-06-19T16:46:41,21,3,0,24
2022-06-19T16:57:07,21,3,0,24
2022-06-19T17:07:33,21,3,0,24
2022-06-19T17:17:59,21,3,0,24
2022-06-19T17:28:25,21,3,0,24
2022-06-19T17:38:51,21,3,0,24
2022-06-19T17:49:16,21,3,0,24
2022-06-19T17:59:42,21,3,0,24
2022-06-19T18:10:09,21,3,0,24
2022-06-19T18:20:35,21,3,0,24
2022-06-19T18:31:02,21,3,0,24
2022-06-19T18:41:39,21,3,0,24
2022-06-19T18:52:04,21,3,0,24
2022-06-19T19:02:31,21,3,0,24
2022-06-19T19:12:57,21,3,0,24
2022-06-19T19:23:23,21,3,0,24
2022-06-19T19:33:50,21,3,0,24
2022-06-19T19:44:17,21,3,0,24
2022-06-19T19:54:43,21,3,0,24
2022-06-19T20:05:09,21,3,0,24
2022-06-19T20:15:35,21,3,0,24
2022-06-19T20:26:02,21,3,0,24
2022-06-19T20:36:27,21,3,0,24
2022-06-19T20:46:54,21,3,0,24
2022-06-19T20:57:31,21,3,0,24
2022-06-19T21:07:57,21,3,0,24
2022-06-19T21:18:24,21,3,0,24
2022-06-19T21:28:50,21,3,0,24
2022-06-19T21:39:18,21,3,0,24
2022-06-19T21:49:45,21,3,0,24
2022-06-19T22:00:11,21,3,0,24
2022-06-19T22:10:38,21,3,0,24
2022-06-19T22:21:05,21,3,0,24
2022-06-19T22:31:31,21,3,0,24
2022-06-19T22:41:57,21,3,0,24
2022-06-19T22:52:36,21,3,0,24
2022-06-19T23:03:02,21,3,0,24
2022-06-19T23:13:29,21,3,0,24
2022-06-19T23:23:56,21,3,0,24
2022-06-19T23:34:22,21,3,0,24
2022-06-19T23:44:49,21,3,0,24
2022-06-19T23:55:15,21,3,0,24
2022-06-20T00:05:42,21,3,0,24
2022-06-20T00:16:17,21,3,0,24
2022-06-20T00:26:47,21,3,0,24
2022-06-20T00:37:20,21,3,0,24
2022-06-20T00:48:01,21,3,0,24
2022-06-20T00:58:28,21,3,0,24
2022-06-20T01:08:54,21,3,0,24
2022-06-20T01:19:28,21,3,0,24
2022-06-20T01:29:56,21,3,0,24
2022-06-20T01:40:25,21,3,0,24
2022-06-20T01:50:52,21,3,0,24
2022-06-20T02:01:29,21,3,0,24
2022-06-20T02:11:57,21,3,0,24
2022-06-20T02:22:24,21,3,0,24
2022-06-20T02:32:51,21,3,0,24
2022-06-20T02:43:18,21,3,0,24
2022-06-20T02:53:44,21,3,0,24
2022-06-20T03:04:10,21,3,0,24
2022-06-20T03:14:38,21,3,0,24
2022-06-20T03:25:04,21,3,0,24
2022-06-20T03:35:30,21,3,0,24
2022-06-20T03:45:59,21,3,0,24
2022-06-20T03:56:41,21,3,0,24
2022-06-20T04:07:08,21,3,0,24
2022-06-20T04:21:05,21,3,0,24
2022-06-20T04:32:02,21,3,0,24
2022-06-20T04:42:32,21,3,0,24
2022-06-20T04:53:03,21,3,0,24
2022-06-20T05:03:33,21,3,0,24
2022-06-20T05:14:03,21,3,0,24
2022-06-20T05:24:33,21,3,0,24
2022-06-20T05:35:02,21,3,0,24
2022-06-20T05:45:31,21,3,0,24
2022-06-20T05:55:58,21,3,0,24
2022-06-20T06:06:29,21,3,0,24
2022-06-20T06:16:58,21,3,0,24
2022-06-20T06:27:25,21,3,0,24
2022-06-20T06:37:52,21,3,0,24
2022-06-20T06:48:19,21,3,0,24
2022-06-20T06:58:47,21,3,0,24
2022-06-20T07:09:14,21,3,0,24
2022-06-20T07:19:39,21,3,0,24
2022-06-20T07:30:05,21,3,0,24
2022-06-20T07:40:31,21,3,0,24
2022-06-20T07:50:57,21,3,0,24
2022-06-20T08:01:22,21,3,0,24
2022-06-20T08:11:48,21,3,0,24
2022-06-20T08:22:14,21,3,0,24
2022-06-20T08:32:51,21,3,0,24
2022-06-20T08:43:17,21,3,0,24
2022-06-20T08:53:43,21,3,0,24
2022-06-20T09:04:11,21,3,0,24
2022-06-20T09:14:40,21,3,0,24
2022-06-20T09:25:10,21,3,0,24
2022-06-20T09:35:44,21,3,0,24
2022-06-20T09:46:19,21,3,0,24
2022-06-20T09:56:52,21,3,0,24
2022-06-20T10:07:24,21,3,0,24
2022-06-20T10:18:00,21,3,0,24
2022-06-20T10:28:42,21,3,0,24
2022-06-20T10:39:30,21,3,0,24
2022-06-20T10:50:09,21,3,0,24
2022-06-20T11:00:49,21,3,0,24
2022-06-20T11:11:24,21,3,0,24
2022-06-20T11:22:00,21,3,0,24
2022-06-20T11:32:36,21,3,0,24
2022-06-20T11:43:08,21,3,0,24
2022-06-20T11:53:37,21,3,0,24
2022-06-20T12:04:05,21,3,0,24
2022-06-20T12:14:43,21,3,0,24
2022-06-20T12:25:10,21,3,0,24
2022-06-20T12:35:36,21,3,0,24
2022-06-20T12:46:02,21,3,0,24
2022-06-20T12:56:28,21,3,0,24
2022-06-20T13:06:54,21,3,0,24
2022-06-20T13:17:21,21,3,0,24
2022-06-20T13:27:47,21,3,0,24
2022-06-20T13:38:13,21,3,0,24
2022-06-20T13:48:49,21,3,0,24
2022-06-20T13:59:15,21,3,0,24
2022-06-20T14:09:41,21,3,0,24
2022-06-20T14:20:07,21,3,0,24
2022-06-20T14:30:33,21,3,0,24
2022-06-20T14:40:59,21,3,0,24
2022-06-20T14:51:25,21,3,0,24
2022-06-20T15:01:51,21,3,0,24
2022-06-20T15:12:17,21,3,0,24
2022-06-20T15:22:43,21,3,0,24
2022-06-20T15:33:09,21,3,0,24
2022-06-20T15:43:47,21,3,0,24
2022-06-20T15:54:13,21,3,0,24
2022-06-20T16:04:40,21,3,0,24
2022-06-20T16:15:06,21,3,0,24
2022-06-20T16:25:32,21,3,0,24
2022-06-20T16:35:59,21,3,0,24
2022-06-20T16:46:25,21,3,0,24
2022-06-20T16:56:58,21,3,0,24
2022-06-20T17:07:24,21,3,0,24
2022-06-20T17:17:51,21,3,0,24
2022-06-20T17:28:19,21,3,0,24
2022-06-20T17:38:45,21,3,0,24
2022-06-20T17:49:12,21,3,0,24
2022-06-20T17:59:48,21,3,0,24
2022-06-20T18:10:14,21,3,0,24
2022-06-20T18:20:40,21,3,0,24
2022-06-20T18:31:07,21,3,0,24
2022-06-20T18:41:32,21,3,0,24
2022-06-20T18:51:58,21,3,0,24
2022-06-20T19:02:24,21,3,0,24
2022-06-20T19:12:50,21,3,0,24
2022-06-20T19:23:16,21,3,0,24
2022-06-20T19:33:42,21,3,0,24
2022-06-20T19:44:18,21,3,0,24
2022-06-20T19:54:44,21,3,0,24
2022-06-20T20:05:10,21,3,0,24
2022-06-20T20:15:36,21,3,0,24
2022-06-20T20:26:02,21,3,0,24
2022-06-20T20:36:28,21,3,0,24
2022-06-20T20:46:54,21,3,0,24
2022-06-20T20:57:20,21,3,0,24
2022-06-20T21:07:46,21,3,0,24
2022-06-20T21:18:12,21,3,0,24
2022-06-20T21:28:50,21,3,0,24
2022-06-20T21:39:16,21,3,0,24
2022-06-20T21:49:43,21,3,0,24
2022-06-20T22:00:09,21,3,0,24
2022-06-20T22:10:36,21,3,0,24
2022-06-20T22:21:01,21,3,0,24
2022-06-20T22:31:28,21,3,0,24
2022-06-20T22:41:56,21,3,0,24
2022-06-20T22:52:21,21,3,0,24
2022-06-20T23:02:48,21,3,0,24
2022-06-20T23:13:36,21,3,0,24
2022-06-20T23:24:02,21,3,0,24
2022-06-20T23:34:28,21,3,0,24
2022-06-20T23:44:54,21,3,0,24
2022-06-20T23:55:20,21,3,0,24
2022-06-21T00:05:47,21,3,0,24
2022-06-21T00:16:14,21,3,0,24
2022-06-21T00:26:54,21,3,0,24
2022-06-21T00:37:21,21,3,0,24
2022-06-21T00:47:48,21,3,0,24
2022-06-21T00:58:16,21,3,0,24
2022-06-21T01:08:44,21,3,0,24
2022-06-21T01:19:11,21,3,0,24
2022-06-21T01:29:38,21,3,0,24
2022-06-21T01:40:04,21,3,0,24
2022-06-21T01:50:32,21,3,0,24
2022-06-21T02:01:01,21,3,0,24
2022-06-21T02:11:44,21,3,0,24
2022-06-21T02:22:14,21,3,0,24
2022-06-21T02:32:46,21,3,0,24
2022-06-21T02:43:23,21,3,0,24
2022-06-21T02:53:53,21,3,0,24
2022-06-21T03:04:24,21,3,0,24
2022-06-21T03:14:57,21,3,0,24
2022-06-21T03:25:41,21,3,0,24
2022-06-21T03:36:12,21,3,0,24
2022-06-21T03:46:50,21,3,0,24
2022-06-21T03:57:30,21,3,0,24
2022-06-21T04:08:09,21,3,0,24
2022-06-21T04:18:43,21,3,0,24
2022-06-21T04:29:02,21,3,0,24
2022-06-21T04:39:56,21,3,0,24
2022-06-21T04:50:32,21,3,0,24
2022-06-21T05:01:07,21,3,0,24
2022-06-21T05:11:41,21,3,0,24
2022-06-21T05:22:12,21,3,0,24
2022-06-21T05:32:44,21,3,0,24
2022-06-21T05:43:13,21,3,0,24
2022-06-21T05:53:40,21,3,0,24
2022-06-21T06:04:10,21,3,0,24
2022-06-21T06:14:40,21,3,0,24
2022-06-21T06:25:08,21,3,0,24
2022-06-21T06:35:34,21,3,0,24
2022-06-21T06:46:00,21,3,0,24
2022-06-21T06:56:29,21,3,0,24
2022-06-21T07:06:55,21,3,0,24
2022-06-21T07:17:22,21,3,0,24
2022-06-21T07:27:48,21,3,0,24
2022-06-21T07:38:15,21,3,0,24
2022-06-21T07:48:42,21,3,0,24
2022-06-21T07:59:09,21,3,0,24
2022-06-21T08:09:36,21,3,0,24
2022-06-21T08:20:13,21,3,0,24
2022-06-21T08:30:41,21,3,0,24
2022-06-21T08:41:08,21,3,0,24
2022-06-21T08:51:37,21,3,0,24
2022-06-21T09:02:04,21,3,0,24
2022-06-21T09:12:32,21,3,0,24
2022-06-21T09:23:01,21,3,0,24
2022-06-21T09:33:29,21,3,0,24
2022-06-21T09:43:57,21,3,0,24
2022-06-21T09:54:27,21,3,0,24
2022-06-21T10:05:07,21,3,0,24
2022-06-21T10:15:35,21,3,0,24
2022-06-21T10:26:03,21,3,0,24
2022-06-21T10:36:32,21,3,0,24
2022-06-21T10:47:00,21,3,0,24
2022-06-21T10:57:29,21,3,0,24
2022-06-21T11:07:57,21,3,0,24
2022-06-21T11:18:26,21,3,0,24
2022-06-21T11:28:54,21,3,0,24
2022-06-21T11:39:33,21,3,0,24
2022-06-21T11:50:02,21,3,0,24
2022-06-21T12:00:30,21,3,0,24
2022-06-21T12:10:58,21,3,0,24
2022-06-21T12:21:28,21,3,0,24
2022-06-21T12:31:57,21,3,0,24
2022-06-21T12:42:25,21,3,0,24
2022-06-21T12:52:53,21,3,0,24
2022-06-21T13:03:33,21,3,0,24
2022-06-21T13:14:03,21,3,0,24
2022-06-21T13:24:33,21,3,0,24
2022-06-21T13:35:04,21,3,0,24
2022-06-21T13:45:34,21,3,0,24
2022-06-21T13:56:03,21,3,0,24
2022-06-21T14:06:33,21,3,0,24
2022-06-21T14:17:03,21,3,0,24
2022-06-21T14:27:32,21,3,0,24
2022-06-21T14:38:01,21,3,0,24
2022-06-21T14:48:42,21,3,0,24
2022-06-21T14:59:11,21,3,0,24
2022-06-21T15:09:40,21,3,0,24
2022-06-21T15:20:09,21,3,0,24
2022-06-21T15:30:38,21,3,0,24
2022-06-21T15:41:08,21,3,0,24
2022-06-21T15:51:36,21,3,0,24
2022-06-21T16:02:15,21,3,0,24
2022-06-21T16:12:43,21,3,0,24
2022-06-21T16:23:12,21,3,0,24
2022-06-21T16:33:40,21,3,0,24
2022-06-21T16:44:08,21,3,0,24
2022-06-21T16:54:36,21,3,0,24
2022-06-21T17:05:04,21,3,0,24
2022-06-21T17:15:33,21,3,0,24
2022-06-21T17:26:11,21,3,0,24
2022-06-21T17:36:39,21,3,0,24
2022-06-21T17:47:06,21,3,0,24
2022-06-21T17:57:34,21,3,0,24
2022-06-21T18:08:02,21,3,0,24
2022-06-21T18:18:29,21,3,0,24
2022-06-21T18:28:56,21,3,0,24
2022-06-21T18:39:23,21,3,0,24
2022-06-21T18:49:51,21,3,0,24
2022-06-21T19:00:31,21,3,0,24
2022-06-21T19:10:58,21,3,0,24
2022-06-21T19:21:26,21,3,0,24
2022-06-21T19:31:53,21,3,0,24
2022-06-21T19:42:21,21,3,0,24
2022-06-21T19:52:48,21,3,0,24
2022-06-21T20:03:18,21,3,0,24
2022-06-21T20:13:57,21,3,0,24
2022-06-21T20:24:24,21,3,0,24
2022-06-21T20:34:52,21,3,0,24
2022-06-21T20:45:19,21,3,0,24
2022-06-21T20:55:47,21,3,0,24
2022-06-21T21:06:15,21,3,0,24
2022-06-21T21:16:43,21,3,0,24
2022-06-21T21:27:10,21,3,0,24
2022-06-21T21:37:39,21,3,0,24
2022-06-21T21:48:19,21,3,0,24
2022-06-21T21:58:47,21,3,0,24
2022-06-21T22:09:15,21,3,0,24
2022-06-21T22:19:43,21,3,0,24
2022-06-21T22:30:12,21,3,0,24
2022-06-21T22:40:41,21,3,0,24
2022-06-21T22:51:08,21,3,0,24
2022-06-21T23:01:48,21,3,0,24
2022-06-21T23:12:17,21,3,0,24
2022-06-21T23:22:44,21,3,0,24
2022-06-21T23:33:12,21,3,0,24
2022-06-21T23:43:40,21,3,0,24
2022-06-21T23:54:07,21,3,0,24
2022-06-22T00:04:34,21,3,0,24
2022-06-22T00:15:02,21,3,0,24
2022-06-22T00:25:32,21,3,0,24
2022-06-22T00:36:14,21,3,0,24
2022-06-22T00:46:43,21,3,0,24
2022-06-22T00:57:12,21,3,0,24
2022-06-22T01:07:43,21,3,0,24
2022-06-22T01:18:13,21,3,0,24
2022-06-22T01:28:43,21,3,0,24
2022-06-22T01:39:11,21,3,0,24
2022-06-22T01:49:40,21,3,0,24
2022-06-22T02:00:09,21,3,0,24
2022-06-22T02:10:38,21,3,0,24
2022-06-22T02:21:05,21,3,0,24
2022-06-22T02:31:33,21,3,0,24
2022-06-22T02:42:12,21,3,0,24
2022-06-22T02:52:40,21,3,0,24
2022-06-22T03:03:10,21,3,0,24
2022-06-22T03:13:38,21,3,0,24
2022-06-22T03:24:06,21,3,0,24
2022-06-22T03:34:32,21,3,0,24
2022-06-22T03:45:01,21,3,0,24
2022-06-22T03:55:29,21,3,0,24
2022-06-22T04:05:59,21,3,0,24
2022-06-22T04:16:27,21,3,0,24
2022-06-22T04:25:43,21,3,0,24
2022-06-22T04:36:37,21,3,0,24
2022-06-22T04:47:06,21,3,0,24
2022-06-22T04:57:35,21,3,0,24
2022-06-22T05:08:05,21,3,0,24
2022-06-22T05:18:34,21,3,0,24
2022-06-22T05:29:02,21,3,0,24
2022-06-22T05:41:12,21,3,0,24
2022-06-22T05:51:55,21,3,0,24
2022-06-22T06:02:25,21,3,0,24
2022-06-22T06:12:54,21,3,0,24
2022-06-22T06:23:23,21,3,0,24
2022-06-22T06:33:52,21,3,0,24
2022-06-22T06:44:20,21,3,0,24
2022-06-22T06:54:46,21,3,0,24
2022-06-22T07:05:17,21,3,0,24
2022-06-22T07:15:44,21,3,0,24
2022-06-22T07:26:12,21,3,0,24
2022-06-22T07:36:39,21,3,0,24
2022-06-22T07:47:05,21,3,0,24
2022-06-22T07:57:43,21,3,0,24
2022-06-22T08:08:10,21,3,0,24
2022-06-22T08:18:38,21,3,0,24
2022-06-22T08:29:06,21,3,0,24
2022-06-22T08:39:34,21,3,0,24
2022-06-22T08:50:01,21,3,0,24
2022-06-22T09:00:29,21,3,0,24
2022-06-22T09:10:57,21,3,0,24
2022-06-22T09:21:25,21,3,0,24
2022-06-22T09:31:54,21,3,0,24
2022-06-22T09:42:24,21,3,0,24
2022-06-22T09:53:04,21,3,0,24
2022-06-22T10:03:33,21,3,0,24
2022-06-22T10:14:02,21,3,0,24
2022-06-22T10:24:31,21,3,0,24
2022-06-22T10:35:01,21,3,0,24
2022-06-22T10:45:31,21,3,0,24
2022-06-22T10:56:01,21,3,0,24
2022-06-22T11:06:30,21,3,0,24
2022-06-22T11:16:59,21,3,0,24
2022-06-22T11:27:40,21,3,0,24
2022-06-22T11:38:08,21,3,0,24
2022-06-22T11:48:37,21,3,0,24
2022-06-22T11:59:06,21,3,0,24
2022-06-22T12:09:37,21,3,0,24
2022-06-22T12:20:06,21,3,0,24
2022-06-22T12:30:35,21,3,0,24
2022-06-22T12:41:04,21,3,0,24
2022-06-22T12:51:35,21,3,0,24
2022-06-22T13:02:15,21,3,0,24
2022-06-22T13:12:44,21,3,0,24
2022-06-22T13:23:17,21,3,0,24
2022-06-22T13:33:48,21,3,0,24
2022-06-22T13:44:18,21,3,0,24
2022-06-22T13:54:49,21,3,0,24
2022-06-22T14:05:22,21,3,0,24
2022-06-22T14:15:52,21,3,0,24
2022-06-22T14:26:22,21,3,0,24
2022-06-22T14:37:04,21,3,0,24
2022-06-22T14:47:35,21,3,0,24
2022-06-22T14:58:10,21,3,0,24
2022-06-22T15:08:44,21,3,0,24
2022-06-22T15:19:19,21,3,0,24
2022-06-22T15:29:52,21,3,0,24
2022-06-22T15:40:26,21,3,0,24
2022-06-22T15:51:15,21,3,0,24
2022-06-22T16:01:50,21,3,0,24
2022-06-22T16:12:25,21,3,0,24
2022-06-22T16:23:00,21,3,0,24
2022-06-22T16:33:42,21,3,0,24
2022-06-22T16:44:25,21,3,0,24
2022-06-22T16:55:04,21,3,0,24
2022-06-22T17:05:48,21,3,0,24
2022-06-22T17:16:29,21,3,0,24
2022-06-22T17:27:15,21,3,0,24
2022-06-22T17:37:48,21,3,0,24
2022-06-22T17:48:23,21,3,0,24
2022-06-22T17:58:55,21,3,0,24
2022-06-22T18:09:26,21,3,0,24
2022-06-22T18:19:56,21,3,0,24
2022-06-22T18:30:24,21,3,0,24
2022-06-22T18:40:55,21,3,0,24
2022-06-22T18:51:22,21,3,0,24
2022-06-22T19:01:50,21,3,0,24
2022-06-22T19:12:29,21,3,0,24
2022-06-22T19:22:57,21,3,0,24
2022-06-22T19:33:26,21,3,0,24
2022-06-22T19:43:53,21,3,0,24
2022-06-22T19:54:21,21,3,0,24
2022-06-22T20:04:49,21,3,0,24
2022-06-22T20:15:17,21,3,0,24
2022-06-22T20:25:44,21,3,0,24
2022-06-22T20:36:11,21,3,0,24
2022-06-22T20:46:42,21,3,0,24
2022-06-22T20:57:20,21,3,0,24
2022-06-22T21:07:48,21,3,0,24
2022-06-22T21:18:15,21,3,0,24
2022-06-22T21:28:42,21,3,0,24
2022-06-22T21:39:10,21,3,0,24
2022-06-22T21:49:39,21,3,0,24
2022-06-22T22:00:08,21,3,0,24
2022-06-22T22:10:36,21,3,0,24
2022-06-22T22:21:07,21,3,0,24
2022-06-22T22:31:35,21,3,0,24
2022-06-22T22:42:02,21,3,0,24
2022-06-22T22:52:41,21,3,0,24
2022-06-22T23:03:09,21,3,0,24
2022-06-22T23:13:38,21,3,0,24
2022-06-22T23:24:07,21,3,0,24
2022-06-22T23:34:35,21,3,0,24
2022-06-22T23:45:03,21,3,0,24
2022-06-22T23:55:30,21,3,0,24
2022-06-23T00:05:58,21,3,0,24
2022-06-23T00:16:30,21,3,0,24
2022-06-23T00:27:10,21,3,0,24
2022-06-23T00:37:38,21,3,0,24
2022-06-23T00:48:08,21,3,0,24
2022-06-23T00:58:37,21,3,0,24
2022-06-23T01:09:07,21,3,0,24
2022-06-23T01:19:36,21,3,0,24
2022-06-23T01:30:06,21,3,0,24
2022-06-23T01:40:35,21,3,0,24
2022-06-23T01:51:04,21,3,0,24
2022-06-23T02:01:34,21,3,0,24
2022-06-23T02:12:02,21,3,0,24
2022-06-23T02:22:29,21,3,0,24
2022-06-23T02:32:56,21,3,0,24
2022-06-23T02:43:22,21,3,0,24
2022-06-23T02:53:49,21,3,0,24
2022-06-23T03:04:18,21,3,0,24
2022-06-23T03:14:55,21,3,0,24
2022-06-23T03:25:21,21,3,0,24
2022-06-23T03:35:47,21,3,0,24
2022-06-23T03:46:13,21,3,0,24
2022-06-23T03:59:21,21,3,0,24
2022-06-23T04:09:48,21,3,0,24
2022-06-23T04:24:22,21,3,0,24
2022-06-23T04:35:15,21,3,0,24
2022-06-23T04:45:43,21,3,0,24
2022-06-23T04:56:12,21,3,0,24
2022-06-23T05:06:43,21,3,0,24
2022-06-23T05:17:17,21,3,0,24
2022-06-23T05:27:49,21,3,0,24
2022-06-23T05:38:20,21,3,0,24
2022-06-23T05:49:13,21,3,0,24
2022-06-23T05:59:44,21,3,0,24
2022-06-23T06:10:14,21,3,0,24
2022-06-23T06:20:45,21,3,0,24
2022-06-23T06:31:19,21,3,0,24
2022-06-23T06:41:48,21,3,0,24
2022-06-23T06:52:18,21,3,0,24
2022-06-23T07:02:53,21,3,0,24
2022-06-23T07:13:23,21,3,0,24
2022-06-23T07:23:52,21,3,0,24
2022-06-23T07:34:20,21,3,0,24
2022-06-23T07:44:54,21,3,0,24
2022-06-23T07:55:28,21,3,0,24
2022-06-23T08:06:00,21,3,0,24
2022-06-23T08:16:35,21,3,0,24
2022-06-23T08:27:10,21,3,0,24
2022-06-23T08:37:45,21,3,0,24
2022-06-23T08:48:30,21,3,0,24
2022-06-23T08:59:12,21,3,0,24
2022-06-23T09:09:49,21,3,0,24
2022-06-23T09:20:23,21,3,0,24
2022-06-23T09:30:59,21,3,0,24
2022-06-23T09:41:38,21,3,0,24
2022-06-23T09:52:16,21,3,0,24
2022-06-23T10:03:01,21,3,0,24
2022-06-23T10:13:40,21,3,0,24
2022-06-23T10:24:16,21,3,0,24
2022-06-23T10:34:50,21,3,0,24
2022-06-23T10:45:23,21,3,0,24
2022-06-23T10:56:09,21,3,0,24
2022-06-23T11:06:44,21,3,0,24
2022-06-23T11:17:16,21,3,0,24
2022-06-23T11:27:49,21,3,0,24
2022-06-23T11:38:18,21,3,0,24
2022-06-23T11:48:47,21,3,0,24
2022-06-23T11:59:16,21,3,0,24
2022-06-23T12:09:45,21,3,0,24
2022-06-23T12:20:14,21,3,0,24
2022-06-23T12:30:43,21,3,0,24
2022-06-23T12:41:14,21,3,0,24
2022-06-23T12:51:56,21,3,0,24
2022-06-23T13:02:26,21,3,0,24
2022-06-23T13:12:58,21,3,0,24
2022-06-23T13:23:28,21,3,0,24
2022-06-23T13:33:57,21,3,0,24
2022-06-23T13:44:26,21,3,0,24
2022-06-23T13:54:57,21,3,0,24
2022-06-23T14:05:27,21,3,0,24
2022-06-23T14:15:56,21,3,0,24
2022-06-23T14:26:40,21,3,0,24
2022-06-23T14:37:09,21,3,0,24
2022-06-23T14:47:38,21,3,0,24
2022-06-23T14:58:08,21,3,0,24
2022-06-23T15:08:37,21,3,0,24
2022-06-23T15:19:06,21,3,0,24
2022-06-23T15:29:35,21,3,0,24
2022-06-23T15:40:04,21,3,0,24
2022-06-23T15:50:45,21,3,0,24
2022-06-23T16:01:14,21,3,0,24
2022-06-23T16:11:44,21,3,0,24
2022-06-23T16:22:13,21,3,0,24
2022-06-23T16:32:41,21,3,0,24
2022-06-23T16:43:11,21,3,0,24
2022-06-23T16:53:40,21,3,0,24
2022-06-23T17:04:10,21,3,0,24
2022-06-23T17:14:39,21,3,0,24
2022-06-23T17:25:18,21,3,0,24
2022-06-23T17:35:45,21,3,0,24
2022-06-23T17:46:13,21,3,0,24
2022-06-23T17:56:42,21,3,0,24
2022-06-23T18:07:10,21,3,0,24
2022-06-23T18:17:39,21,3,0,24
2022-06-23T18:28:07,21,3,0,24
2022-06-23T18:38:35,21,3,0,24
2022-06-23T18:49:03,21,3,0,24
2022-06-23T18:59:30,21,3,0,24
2022-06-23T19:09:59,21,3,0,24
2022-06-23T19:20:37,21,3,0,24
2022-06-23T19:31:06,21,3,0,24
2022-06-23T19:41:34,21,3,0,24
2022-06-23T19:52:01,21,3,0,24
2022-06-23T20:02:29,21,3,0,24
2022-06-23T20:12:57,21,3,0,24
2022-06-23T20:23:24,21,3,0,24
2022-06-23T20:33:52,21,3,0,24
2022-06-23T20:44:19,21,3,0,24
2022-06-23T20:54:47,21,3,0,24
2022-06-23T21:05:17,21,3,0,24
2022-06-23T21:15:44,21,3,0,24
2022-06-23T21:26:11,21,3,0,24
2022-06-23T21:36:50,21,3,0,24
2022-06-23T21:47:19,21,3,0,24
2022-06-23T21:57:47,21,3,0,24
2022-06-23T22:08:15,21,3,0,24
2022-06-23T22:18:43,21,3,0,24
2022-06-23T22:29:11,21,3,0,24
2022-06-23T22:39:39,21,3,0,24
2022-06-23T22:50:07,21,3,0,24
2022-06-23T23:00:46,21,3,0,24
2022-06-23T23:11:16,21,3,0,24
2022-06-23T23:21:44,21,3,0,24
2022-06-23T23:32:12,21,3,0,24
2022-06-23T23:42:39,21,3,0,24
2022-06-23T23:53:08,21,3,0,24
2022-06-24T00:03:36,21,3,0,24
2022-06-24T00:14:06,21,3,0,24
2022-06-24T00:24:37,21,3,0,24
2022-06-24T00:35:06,21,3,0,24
2022-06-24T00:45:37,21,3,0,24
2022-06-24T00:56:07,21,3,0,24
2022-06-24T01:06:39,21,3,0,24
2022-06-24T01:17:09,21,3,0,24
2022-06-24T01:27:51,21,3,0,24
2022-06-24T01:38:19,21,3,0,24
2022-06-24T01:48:51,21,3,0,24
2022-06-24T01:59:25,21,3,0,24
2022-06-24T02:09:58,21,3,0,24
2022-06-24T02:20:32,21,3,0,24
2022-06-24T02:31:07,21,3,0,24
2022-06-24T02:41:44,21,3,0,24
2022-06-24T02:52:18,21,3,0,24
2022-06-24T03:02:56,21,3,0,24
2022-06-24T03:13:39,21,3,0,24
2022-06-24T03:24:17,21,3,0,24
2022-06-24T03:34:56,21,3,0,24
2022-06-24T03:45:36,21,3,0,24
2022-06-24T03:56:14,21,3,0,24
2022-06-24T04:06:52,21,3,0,24
2022-06-24T04:17:27,21,3,0,24
2022-06-24T04:33:17,21,3,0,24
2022-06-24T04:43:53,21,3,0,24
2022-06-24T04:54:27,21,3,0,24
2022-06-24T05:05:02,21,3,0,24
2022-06-24T05:15:33,21,3,0,24
2022-06-24T05:26:04,21,3,0,24
2022-06-24T05:36:34,21,3,0,24
2022-06-24T05:47:07,21,3,0,24
2022-06-24T05:57:36,21,3,0,24
2022-06-24T06:08:08,21,3,0,24
2022-06-24T06:18:38,21,3,0,24
2022-06-24T06:29:07,21,3,0,24
2022-06-24T06:39:37,21,3,0,24
2022-06-24T06:50:07,21,3,0,24
2022-06-24T07:00:39,21,3,0,24
2022-06-24T07:11:09,21,3,0,24
2022-06-24T07:21:37,21,3,0,24
2022-06-24T07:32:05,21,3,0,24
2022-06-24T07:42:33,21,3,0,24
2022-06-24T07:53:01,21,3,0,24
2022-06-24T08:03:29,21,3,0,24
2022-06-24T08:13:57,21,3,0,24
2022-06-24T08:24:26,21,3,0,24
2022-06-24T08:34:55,21,3,0,24
2022-06-24T08:45:23,21,3,0,24
2022-06-24T08:56:03,21,3,0,24
2022-06-24T09:06:32,21,3,0,24
2022-06-24T09:17:00,21,3,0,24
2022-06-24T09:27:28,21,3,0,24
2022-06-24T09:38:02,21,3,0,24
2022-06-24T09:48:31,21,3,0,24
2022-06-24T09:58:59,21,3,0,24
2022-06-24T10:09:29,21,3,0,24
2022-06-24T10:20:13,21,3,0,24
2022-06-24T10:30:43,21,3,0,24
2022-06-24T10:41:12,21,3,0,24
2022-06-24T10:51:41,21,3,0,24
2022-06-24T11:02:10,21,3,0,24
2022-06-24T11:12:40,21,3,0,24
2022-06-24T11:23:09,21,3,0,24
2022-06-24T11:33:38,21,3,0,24
2022-06-24T11:44:07,21,3,0,24
2022-06-24T11:54:49,21,3,0,24
2022-06-24T12:05:18,21,3,0,24
2022-06-24T12:15:47,21,3,0,24
2022-06-24T12:26:16,21,3,0,24
2022-06-24T12:36:45,21,3,0,24
2022-06-24T12:47:14,21,3,0,24
2022-06-24T12:57:42,21,3,0,24
2022-06-24T13:08:11,21,3,0,24
2022-06-24T13:18:40,21,3,0,24
2022-06-24T13:29:11,21,3,0,24
2022-06-24T13:39:51,21,3,0,24
2022-06-24T13:50:21,21,3,0,24
2022-06-24T14:00:50,21,3,0,24
2022-06-24T14:11:21,21,3,0,24
2022-06-24T14:21:50,21,3,0,24
2022-06-24T14:32:19,21,3,0,24
2022-06-24T14:42:53,21,3,0,24
2022-06-24T14:53:22,21,3,0,24
2022-06-24T15:04:02,21,3,0,24
2022-06-24T15:14:31,21,3,0,24
2022-06-24T15:25:00,21,3,0,24
2022-06-24T15:35:29,21,3,0,24
2022-06-24T15:45:59,21,3,0,24
2022-06-24T15:56:27,21,3,0,24
2022-06-24T16:06:57,21,3,0,24
2022-06-24T16:17:25,21,3,0,24
2022-06-24T16:27:54,21,3,0,24
2022-06-24T16:38:23,21,3,0,24
2022-06-24T16:48:51,21,3,0,24
2022-06-24T16:59:19,21,3,0,24
2022-06-24T17:09:59,21,3,0,24
2022-06-24T17:20:28,21,3,0,24
2022-06-24T17:30:56,21,3,0,24
2022-06-24T17:41:23,21,3,0,24
2022-06-24T17:51:51,21,3,0,24
2022-06-24T18:02:18,21,3,0,24
2022-06-24T18:12:46,21,3,0,24
2022-06-24T18:23:14,21,3,0,24
2022-06-24T18:33:42,21,3,0,24
2022-06-24T18:44:10,21,3,0,24
2022-06-24T18:54:37,21,3,0,24
2022-06-24T19:05:05,21,3,0,24
2022-06-24T19:15:32,21,3,0,24
2022-06-24T19:26:00,21,3,0,24
2022-06-24T19:36:39,21,3,0,24
2022-06-24T19:47:06,21,3,0,24
2022-06-24T19:57:33,21,3,0,24
2022-06-24T20:08:01,21,3,0,24
2022-06-24T20:18:29,21,3,0,24
2022-06-24T20:28:56,21,3,0,24
2022-06-24T20:39:24,21,3,0,24
2022-06-24T20:49:51,21,3,0,24
2022-06-24T21:00:18,21,3,0,24
2022-06-24T21:10:45,21,3,0,24
2022-06-24T21:21:13,21,3,0,24
2022-06-24T21:31:40,21,3,0,24
2022-06-24T21:42:19,21,3,0,24
2022-06-24T21:52:48,21,3,0,24
2022-06-24T22:03:16,21,3,0,24
2022-06-24T22:13:43,21,3,0,24
2022-06-24T22:24:11,21,3,0,24
2022-06-24T22:34:40,21,3,0,24
2022-06-24T22:45:10,21,3,0,24
2022-06-24T22:55:38,21,3,0,24
2022-06-24T23:06:07,21,3,0,24
2022-06-24T23:16:35,21,3,0,24
2022-06-24T23:27:03,21,3,0,24
2022-06-24T23:37:42,21,3,0,24
2022-06-24T23:48:09,21,3,0,24
2022-06-24T23:58:37,21,3,0,24
2022-06-25T00:09:06,21,3,0,24
2022-06-25T00:19:44,21,3,0,24
2022-06-25T00:30:13,21,3,0,24
2022-06-25T00:40:43,21,3,0,24
2022-06-25T00:51:13,21,3,0,24
2022-06-25T01:01:45,21,3,0,24
2022-06-25T01:12:15,21,3,0,24
2022-06-25T01:22:44,21,3,0,24
2022-06-25T01:33:13,21,3,0,24
2022-06-25T01:43:43,21,3,0,24
2022-06-25T01:54:12,21,3,0,24
2022-06-25T02:04:52,21,3,0,24
2022-06-25T02:15:21,21,3,0,24
2022-06-25T02:25:48,21,3,0,24
2022-06-25T02:36:18,21,3,0,24
2022-06-25T02:46:46,21,3,0,24
2022-06-25T02:57:13,21,3,0,24
2022-06-25T03:07:40,21,3,0,24
2022-06-25T03:18:07,21,3,0,24
2022-06-25T03:28:34,21,3,0,24
2022-06-25T03:39:02,21,3,0,24
2022-06-25T03:49:30,21,3,0,24
2022-06-25T03:59:59,21,3,0,24
2022-06-25T04:17:42,21,3,0,24
2022-06-25T04:28:37,21,3,0,24
2022-06-25T04:39:09,21,3,0,24
2022-06-25T04:49:40,21,3,0,24
2022-06-25T05:00:10,21,3,0,24
2022-06-25T05:10:41,21,3,0,24
2022-06-25T05:21:13,21,3,0,24
2022-06-25T05:31:44,21,3,0,24
2022-06-25T05:42:14,21,3,0,24
2022-06-25T05:52:44,21,3,0,24
2022-06-25T06:03:13,21,3,0,24
2022-06-25T06:13:43,21,3,0,24
2022-06-25T06:24:13,21,3,0,24
2022-06-25T06:34:43,21,3,0,24
2022-06-25T06:45:13,21,3,0,24
2022-06-25T06:55:53,21,3,0,24
2022-06-25T07:06:26,21,3,0,24
2022-06-25T07:16:55,21,3,0,24
2022-06-25T07:27:25,21,3,0,24
2022-06-25T07:37:54,21,3,0,24
2022-06-25T07:48:24,21,3,0,24
2022-06-25T07:58:54,21,3,0,24
2022-06-25T08:09:35,21,3,0,24
2022-06-25T08:20:04,21,3,0,24
2022-06-25T08:30:33,21,3,0,24
2022-06-25T08:41:02,21,3,0,24
2022-06-25T08:51:31,21,3,0,24
2022-06-25T09:02:00,21,3,0,24
2022-06-25T09:12:28,21,3,0,24
2022-06-25T09:22:57,21,3,0,24
2022-06-25T09:33:37,21,3,0,24
2022-06-25T09:44:06,21,3,0,24
2022-06-25T09:54:34,21,3,0,24
2022-06-25T10:05:01,21,3,0,24
2022-06-25T10:15:29,21,3,0,24
2022-06-25T10:25:57,21,3,0,24
2022-06-25T10:36:24,21,3,0,24
2022-06-25T10:46:52,21,3,0,24
2022-06-25T10:57:28,21,3,0,24
2022-06-25T11:07:56,21,3,0,24
2022-06-25T11:18:23,21,3,0,24
2022-06-25T11:28:50,21,3,0,24
2022-06-25T11:39:17,21,3,0,24
2022-06-25T11:49:44,21,3,0,24
2022-06-25T12:00:22,21,3,0,24
2022-06-25T12:10:49,21,3,0,24
2022-06-25T12:21:16,21,3,0,24
2022-06-25T12:31:44,21,3,0,24
2022-06-25T12:42:11,21,3,0,24
2022-06-25T12:52:38,21,3,0,24
2022-06-25T13:03:05,21,3,0,24
2022-06-25T13:13:33,21,3,0,24
2022-06-25T13:24:00,21,3,0,24
2022-06-25T13:34:27,21,3,0,24
2022-06-25T13:44:54,21,3,0,24
2022-06-25T13:55:22,21,3,0,24
2022-06-25T14:05:49,21,3,0,24
2022-06-25T14:16:16,21,3,0,24
2022-06-25T14:26:53,21,3,0,24
2022-06-25T14:37:20,21,3,0,24
2022-06-25T14:47:47,21,3,0,24
2022-06-25T14:58:14,21,3,0,24
2022-06-25T15:08:42,21,3,0,24
2022-06-25T15:19:10,22,2,0,24
2022-06-25T15:29:38,21,3,0,24
2022-06-25T15:40:05,21,3,0,24
2022-06-25T15:50:32,21,3,0,24
2022-06-25T16:00:59,21,3,0,24
2022-06-25T16:11:26,21,3,0,24
2022-06-25T16:21:53,21,3,0,24
2022-06-25T16:32:21,21,3,0,24
2022-06-25T16:42:48,21,3,0,24
2022-06-25T16:53:25,21,3,0,24
2022-06-25T17:03:53,21,3,0,24
2022-06-25T17:14:21,21,3,0,24
2022-06-25T17:24:48,21,3,0,24
2022-06-25T17:35:15,21,3,0,24
2022-06-25T17:45:43,21,3,0,24
2022-06-25T17:56:10,21,3,0,24
2022-06-25T18:06:39,21,3,0,24
2022-06-25T18:17:06,21,3,0,24
2022-06-25T18:27:34,21,3,0,24
2022-06-25T18:38:02,21,3,0,24
2022-06-25T18:48:29,21,3,0,24
2022-06-25T18:58:56,21,3,0,24
2022-06-25T19:09:23,21,3,0,24
2022-06-25T19:19:50,21,3,0,24
2022-06-25T19:30:18,21,3,0,24
2022-06-25T19:40:45,21,3,0,24
2022-06-25T19:51:23,21,3,0,24
2022-06-25T20:01:50,21,3,0,24
2022-06-25T20:12:18,21,3,0,24
2022-06-25T20:22:45,21,3,0,24
2022-06-25T20:33:12,21,3,0,24
2022-06-25T20:43:39,21,3,0,24
2022-06-25T20:54:06,21,3,0,24
2022-06-25T21:04:33,21,3,0,24
2022-06-25T21:15:01,21,3,0,24
2022-06-25T21:25:28,21,3,0,24
2022-06-25T21:35:55,21,3,0,24
2022-06-25T21:46:23,21,3,0,24
2022-06-25T21:56:50,21,3,0,24
2022-06-25T22:07:18,21,3,0,24
2022-06-25T22:17:45,21,3,0,24
2022-06-25T22:28:12,21,3,0,24
2022-06-25T22:38:40,21,3,0,24
2022-06-25T22:49:08,21,3,0,24
2022-06-25T22:59:35,21,3,0,24
2022-06-25T23:10:04,21,3,0,24
2022-06-25T23:20:42,21,3,0,24
2022-06-25T23:31:09,21,3,0,24
2022-06-25T23:41:36,21,3,0,24
2022-06-25T23:52:04,21,3,0,24
2022-06-26T00:02:31,21,3,0,24
2022-06-26T00:13:00,21,3,0,24
2022-06-26T00:23:29,21,3,0,24
2022-06-26T00:33:57,21,3,0,24
2022-06-26T00:44:25,21,3,0,24
2022-06-26T00:54:51,21,3,0,24
2022-06-26T01:05:30,21,3,0,24
2022-06-26T01:15:57,21,3,0,24
2022-06-26T01:26:24,21,3,0,24
2022-06-26T01:36:51,21,3,0,24
2022-06-26T01:47:18,21,3,0,24
2022-06-26T01:57:45,21,3,0,24
2022-06-26T02:08:12,21,3,0,24
2022-06-26T02:18:39,21,3,0,24
2022-06-26T02:29:09,21,3,0,24
2022-06-26T02:39:41,21,3,0,24
2022-06-26T02:50:12,21,3,0,24
2022-06-26T03:00:51,21,3,0,24
2022-06-26T03:11:31,21,3,0,24
2022-06-26T03:22:02,21,3,0,24
2022-06-26T03:32:32,21,3,0,24
2022-06-26T03:43:02,21,3,0,24
2022-06-26T03:53:32,21,3,0,24
2022-06-26T04:04:04,21,3,0,24
2022-06-26T04:14:33,21,3,0,24
2022-06-26T04:30:23,21,3,0,24
2022-06-26T04:41:12,21,3,0,24
2022-06-26T04:51:43,21,3,0,24
2022-06-26T05:02:14,21,3,0,24
2022-06-26T05:12:47,21,3,0,24
2022-06-26T05:23:17,21,3,0,24
2022-06-26T05:33:45,21,3,0,24
2022-06-26T05:44:15,21,3,0,24
2022-06-26T05:54:44,21,3,0,24
2022-06-26T06:05:14,21,3,0,24
2022-06-26T06:15:44,21,3,0,24
2022-06-26T06:26:17,21,3,0,24
2022-06-26T06:36:47,21,3,0,24
2022-06-26T06:47:17,21,3,0,24
2022-06-26T06:57:46,21,3,0,24
2022-06-26T07:08:15,21,3,0,24
2022-06-26T07:18:46,21,3,0,24
2022-06-26T07:29:18,21,3,0,24
2022-06-26T07:39:50,21,3,0,24
2022-06-26T07:50:26,21,3,0,24
2022-06-26T08:01:03,21,3,0,24
2022-06-26T08:11:38,21,3,0,24
2022-06-26T08:22:27,21,3,0,24
2022-06-26T08:33:04,21,3,0,24
2022-06-26T08:43:37,21,3,0,24
2022-06-26T08:54:13,21,3,0,24
2022-06-26T09:04:48,21,3,0,24
2022-06-26T09:15:18,21,3,0,24
2022-06-26T09:25:54,21,3,0,24
2022-06-26T09:36:29,21,3,0,24
2022-06-26T09:47:05,21,3,0,24
2022-06-26T09:57:41,21,3,0,24
2022-06-26T10:08:18,21,3,0,24
2022-06-26T10:18:54,21,3,0,24
2022-06-26T10:29:32,21,3,0,24
2022-06-26T10:40:07,21,3,0,24
2022-06-26T10:50:40,21,3,0,24
2022-06-26T11:01:11,21,3,0,24
2022-06-26T11:11:54,21,3,0,24
2022-06-26T11:22:23,21,3,0,24
2022-06-26T11:32:50,21,3,0,24
2022-06-26T11:43:17,21,3,0,24
2022-06-26T11:53:44,21,3,0,24
2022-06-26T12:04:11,21,3,0,24
2022-06-26T12:14:39,21,3,0,24
2022-06-26T12:25:06,21,3,0,24
2022-06-26T12:35:33,21,3,0,24
2022-06-26T12:46:00,21,3,0,24
2022-06-26T12:56:28,21,3,0,24
2022-06-26T13:07:05,21,3,0,24
2022-06-26T13:17:32,21,3,0,24
2022-06-26T13:27:59,21,3,0,24
2022-06-26T13:38:26,21,3,0,24
2022-06-26T13:48:53,21,3,0,24
2022-06-26T13:59:20,21,3,0,24
2022-06-26T14:09:48,21,3,0,24
2022-06-26T14:20:15,21,3,0,24
2022-06-26T14:30:42,21,3,0,24
2022-06-26T14:41:09,21,3,0,24
2022-06-26T14:51:36,21,3,0,24
2022-06-26T15:02:05,21,3,0,24
2022-06-26T15:12:42,21,3,0,24
2022-06-26T15:23:10,21,3,0,24
2022-06-26T15:33:37,21,3,0,24
2022-06-26T15:44:04,21,3,0,24
2022-06-26T15:54:31,21,3,0,24
2022-06-26T16:04:58,21,3,0,24
2022-06-26T16:15:26,21,3,0,24
2022-06-26T16:25:54,21,3,0,24
2022-06-26T16:36:21,21,3,0,24
2022-06-26T16:46:49,21,3,0,24
2022-06-26T16:57:16,21,3,0,24
2022-06-26T17:07:44,21,3,0,24
2022-06-26T17:18:11,21,3,0,24
2022-06-26T17:28:48,21,3,0,24
2022-06-26T17:39:16,21,3,0,24
2022-06-26T17:49:44,21,3,0,24
2022-06-26T18:00:11,21,3,0,24
2022-06-26T18:10:39,21,3,0,24
2022-06-26T18:21:07,21,3,0,24
2022-06-26T18:31:34,21,3,0,24
2022-06-26T18:42:01,21,3,0,24
2022-06-26T18:52:28,21,3,0,24
2022-06-26T19:02:56,21,3,0,24
2022-06-26T19:13:34,21,3,0,24
2022-06-26T19:24:01,21,3,0,24
2022-06-26T19:34:28,21,3,0,24
2022-06-26T19:44:55,21,3,0,24
2022-06-26T19:55:23,21,3,0,24
2022-06-26T20:05:50,21,3,0,24
2022-06-26T20:16:17,21,3,0,24
2022-06-26T20:26:45,21,3,0,24
2022-06-26T20:37:12,21,3,0,24
2022-06-26T20:47:39,21,3,0,24
2022-06-26T20:58:17,21,3,0,24
2022-06-26T21:08:45,21,3,0,24
2022-06-26T21:19:13,21,3,0,24
2022-06-26T21:29:40,21,3,0,24
2022-06-26T21:40:08,21,3,0,24
2022-06-26T21:50:36,21,3,0,24
2022-06-26T22:01:03,21,3,0,24
2022-06-26T22:11:31,21,3,0,24
2022-06-26T22:21:59,21,3,0,24
2022-06-26T22:32:37,21,3,0,24
2022-06-26T22:43:06,21,3,0,24
2022-06-26T22:53:33,21,3,0,24
2022-06-26T23:04:01,21,3,0,24
2022-06-26T23:14:30,21,3,0,24
2022-06-26T23:24:58,21,3,0,24
2022-06-26T23:35:27,21,3,0,24
2022-06-26T23:45:55,21,3,0,24
2022-06-26T23:56:23,21,3,0,24
2022-06-27T00:06:52,21,3,0,24
2022-06-27T00:17:22,21,3,0,24
2022-06-27T00:28:04,21,3,0,24
2022-06-27T00:38:32,21,3,0,24
2022-06-27T00:49:01,21,3,0,24
2022-06-27T00:59:30,21,3,0,24
2022-06-27T01:09:58,21,3,0,24
2022-06-27T01:20:30,21,3,0,24
2022-06-27T01:31:03,21,3,0,24
2022-06-27T01:41:34,21,3,0,24
2022-06-27T01:52:04,21,3,0,24
2022-06-27T02:02:48,21,3,0,24
2022-06-27T02:13:19,21,3,0,24
2022-06-27T02:24:00,21,3,0,24
2022-06-27T02:34:29,21,3,0,24
2022-06-27T02:44:58,21,3,0,24
2022-06-27T02:55:26,21,3,0,24
2022-06-27T03:05:53,21,3,0,24
2022-06-27T03:16:21,21,3,0,24
2022-06-27T03:26:49,21,3,0,24
2022-06-27T03:37:18,21,3,0,24
2022-06-27T03:47:48,21,3,0,24
2022-06-27T03:58:17,21,3,0,24
2022-06-27T04:08:47,21,3,0,24
2022-06-27T04:17:47,21,3,0,24
2022-06-27T04:28:19,21,3,0,24
2022-06-27T04:40:33,21,3,0,24
2022-06-27T04:51:07,21,3,0,24
2022-06-27T05:01:38,21,3,0,24
2022-06-27T05:12:10,21,3,0,24
2022-06-27T05:22:40,21,3,0,24
2022-06-27T05:33:10,21,3,0,24
2022-06-27T05:43:41,21,3,0,24
2022-06-27T05:54:11,21,3,0,24
2022-06-27T06:04:40,21,3,0,24
2022-06-27T06:15:09,21,3,0,24
2022-06-27T06:25:39,21,3,0,24
2022-06-27T06:36:08,21,3,0,24
2022-06-27T06:46:35,21,3,0,24
2022-06-27T06:57:03,21,3,0,24
2022-06-27T07:07:32,21,3,0,24
2022-06-27T07:18:01,21,3,0,24
2022-06-27T07:28:29,21,3,0,24
2022-06-27T07:38:59,21,3,0,24
2022-06-27T07:49:28,21,3,0,24
2022-06-27T08:00:13,21,3,0,24
2022-06-27T08:10:42,21,3,0,24
2022-06-27T08:21:11,21,3,0,24
2022-06-27T08:31:41,21,3,0,24
2022-06-27T08:42:10,21,3,0,24
2022-06-27T08:52:39,21,3,0,24
2022-06-27T09:03:09,21,3,0,24
2022-06-27T09:13:38,21,3,0,24
2022-06-27T09:24:10,21,3,0,24
2022-06-27T09:34:52,21,3,0,24
2022-06-27T09:45:23,21,3,0,24
2022-06-27T09:55:55,21,3,0,24
2022-06-27T10:06:27,21,3,0,24
2022-06-27T10:16:58,21,3,0,24
2022-06-27T10:27:29,21,3,0,24
2022-06-27T10:38:17,21,3,0,24
2022-06-27T10:48:50,21,3,0,24
2022-06-27T10:59:21,21,3,0,24
2022-06-27T11:09:53,21,3,0,24
2022-06-27T11:20:24,21,3,0,24
2022-06-27T11:31:06,21,3,0,24
2022-06-27T11:41:37,22,2,0,24
2022-06-27T11:52:07,22,2,0,24
2022-06-27T12:02:37,22,2,0,24
2022-06-27T12:13:08,22,2,0,24
2022-06-27T12:23:38,22,2,0,24
2022-06-27T12:34:20,22,2,0,24
2022-06-27T12:44:50,22,2,0,24
2022-06-27T12:55:20,22,2,0,24
2022-06-27T13:05:50,22,2,0,24
2022-06-27T13:16:19,22,2,0,24
2022-06-27T13:26:50,22,2,0,24
2022-06-27T13:37:20,22,2,0,24
2022-06-27T13:48:09,22,2,0,24
2022-06-27T13:58:39,22,2,0,24
2022-06-27T14:09:09,22,2,0,24
2022-06-27T14:19:39,22,2,0,24
2022-06-27T14:30:09,22,2,0,24
2022-06-27T14:40:39,22,2,0,24
2022-06-27T14:51:09,22,2,0,24
2022-06-27T15:01:51,22,2,0,24
2022-06-27T15:12:20,22,2,0,24
2022-06-27T15:22:50,22,2,0,24
2022-06-27T15:33:20,22,2,0,24
2022-06-27T15:43:50,22,2,0,24
2022-06-27T15:54:19,22,2,0,24
2022-06-27T16:04:48,22,2,0,24
2022-06-27T16:15:28,22,2,0,24
2022-06-27T16:25:57,22,2,0,24
2022-06-27T16:36:26,22,2,0,24
2022-06-27T16:46:55,22,2,0,24
2022-06-27T16:57:23,22,2,0,24
2022-06-27T17:07:53,22,2,0,24
2022-06-27T17:18:22,22,2,0,24
2022-06-27T17:28:50,22,2,0,24
2022-06-27T17:39:18,22,2,0,24
2022-06-27T17:49:56,22,2,0,24
2022-06-27T18:00:24,22,2,0,24
2022-06-27T18:10:52,22,2,0,24
2022-06-27T18:21:24,22,2,0,24
2022-06-27T18:31:55,22,2,0,24
2022-06-27T18:42:28,22,2,0,24
2022-06-27T18:53:02,22,2,0,24
2022-06-27T19:03:36,22,2,0,24
2022-06-27T19:14:30,22,2,0,24
2022-06-27T19:25:03,22,2,0,24
2022-06-27T19:35:37,22,2,0,24
2022-06-27T19:46:11,22,2,0,24
2022-06-27T19:56:48,22,2,0,24
2022-06-27T20:07:25,22,2,0,24
2022-06-27T20:18:02,22,2,0,24
2022-06-27T20:28:39,22,2,0,24
2022-06-27T20:39:16,22,2,0,24
2022-06-27T20:49:51,22,2,0,24
2022-06-27T21:00:22,22,2,0,24
2022-06-27T21:11:02,22,2,0,24
2022-06-27T21:21:31,22,2,0,24
2022-06-27T21:32:00,22,2,0,24
2022-06-27T21:42:28,22,2,0,24
2022-06-27T21:52:56,22,2,0,24
2022-06-27T22:03:24,22,2,0,24
2022-06-27T22:13:52,22,2,0,24
2022-06-27T22:24:20,22,2,0,24
2022-06-27T22:34:48,22,2,0,24
2022-06-27T22:45:27,22,2,0,24
2022-06-27T22:55:55,22,2,0,24
2022-06-27T23:06:23,22,2,0,24
2022-06-27T23:16:52,22,2,0,24
2022-06-27T23:27:20,22,2,0,24
2022-06-27T23:37:48,22,2,0,24
2022-06-27T23:48:15,22,2,0,24
2022-06-27T23:58:42,22,2,0,24
2022-06-28T00:09:12,22,2,0,24
2022-06-28T00:19:44,22,2,0,24
2022-06-28T00:30:34,22,2,0,24
2022-06-28T00:41:04,22,2,0,24
2022-06-28T00:51:34,22,2,0,24
2022-06-28T01:02:04,22,2,0,24
2022-06-28T01:12:33,22,2,0,24
2022-06-28T01:23:03,22,2,0,24
2022-06-28T01:33:33,22,2,0,24
2022-06-28T01:44:02,22,2,0,24
2022-06-28T01:54:42,22,2,0,24
2022-06-28T02:05:12,22,2,0,24
2022-06-28T02:15:40,22,2,0,24
2022-06-28T02:26:08,22,2,0,24
2022-06-28T02:36:36,22,2,0,24
2022-06-28T02:47:03,22,2,0,24
2022-06-28T02:57:30,22,2,0,24
2022-06-28T03:07:58,22,2,0,24
2022-06-28T03:18:25,22,2,0,24
2022-06-28T03:28:52,22,2,0,24
2022-06-28T03:39:20,22,2,0,24
2022-06-28T03:50:01,22,2,0,24
2022-06-28T04:00:31,22,2,0,24
2022-06-28T04:11:01,22,2,0,24
2022-06-28T04:25:50,22,2,0,24
2022-06-28T04:37:45,22,2,0,24
2022-06-28T04:48:18,22,2,0,24
2022-06-28T04:58:49,22,2,0,24
2022-06-28T05:09:20,22,2,0,24
2022-06-28T05:19:53,22,2,0,24
2022-06-28T05:30:23,22,2,0,24
2022-06-28T05:40:52,22,2,0,24
2022-06-28T05:51:21,22,2,0,24
2022-06-28T06:01:50,22,2,0,24
2022-06-28T06:12:19,22,2,0,24
2022-06-28T06:22:49,22,2,0,24
2022-06-28T06:33:18,22,2,0,24
2022-06-28T06:43:47,22,2,0,24
2022-06-28T06:54:17,22,2,0,24
2022-06-28T07:04:46,22,2,0,24
2022-06-28T07:15:16,22,2,0,24
2022-06-28T07:25:46,22,2,0,24
2022-06-28T07:36:25,22,2,0,24
2022-06-28T07:46:54,22,2,0,24
2022-06-28T07:57:24,22,2,0,24
2022-06-28T08:07:53,22,2,0,24
2022-06-28T08:18:23,22,2,0,24
2022-06-28T08:28:52,22,2,0,24
2022-06-28T08:39:22,22,2,0,24
2022-06-28T08:49:52,22,2,0,24
2022-06-28T09:00:21,22,2,0,24
2022-06-28T09:10:51,22,2,0,24
2022-06-28T09:21:21,22,2,0,24
2022-06-28T09:31:52,22,2,0,24
2022-06-28T09:42:33,22,2,0,24
2022-06-28T09:53:03,22,2,0,24
2022-06-28T10:03:33,22,2,0,24
2022-06-28T10:14:04,22,2,0,24
2022-06-28T10:24:37,22,2,0,24
2022-06-28T10:35:13,22,2,0,24
2022-06-28T10:45:48,22,2,0,24
2022-06-28T10:56:21,22,2,0,24
2022-06-28T11:07:06,22,2,0,24
2022-06-28T11:17:41,22,2,0,24
2022-06-28T11:28:18,22,2,0,24
2022-06-28T11:38:53,22,2,0,24
2022-06-28T11:49:29,22,2,0,24
2022-06-28T12:00:08,22,2,0,24
2022-06-28T12:11:10,22,2,0,24
2022-06-28T12:21:53,22,2,0,24
2022-06-28T12:32:32,22,2,0,24
2022-06-28T12:43:17,22,2,0,24
2022-06-28T12:54:01,22,2,0,24
2022-06-28T13:04:37,22,2,0,24
2022-06-28T13:15:12,22,2,0,24
2022-06-28T13:26:00,22,2,0,24
2022-06-28T13:36:34,22,2,0,24
2022-06-28T13:47:08,22,2,0,24
2022-06-28T13:57:40,22,2,0,24
2022-06-28T14:08:11,22,2,0,24
2022-06-28T14:18:41,22,2,0,24
2022-06-28T14:29:13,22,2,0,24
2022-06-28T14:39:54,22,2,0,24
2022-06-28T14:50:23,22,2,0,24
2022-06-28T15:00:54,22,2,0,24
2022-06-28T15:11:23,22,2,0,24
2022-06-28T15:21:53,22,2,0,24
2022-06-28T15:32:22,22,2,0,24
2022-06-28T15:42:52,22,2,0,24
2022-06-28T15:53:34,22,2,0,24
2022-06-28T16:04:04,22,2,0,24
2022-06-28T16:14:33,22,2,0,24
2022-06-28T16:25:02,22,2,0,24
2022-06-28T16:35:31,22,2,0,24
2022-06-28T16:46:22,22,2,0,24
2022-06-28T16:56:51,22,2,0,24
2022-06-28T17:07:21,22,2,0,24
2022-06-28T17:17:50,22,2,0,24
2022-06-28T17:28:18,22,2,0,24
2022-06-28T17:38:47,22,2,0,24
2022-06-28T17:49:15,22,2,0,24
2022-06-28T17:59:43,22,2,0,24
2022-06-28T18:10:23,22,2,0,24
2022-06-28T18:20:51,22,2,0,24
2022-06-28T18:31:20,22,2,0,24
2022-06-28T18:41:48,22,2,0,24
2022-06-28T18:52:17,22,2,0,24
2022-06-28T19:02:46,22,2,0,24
2022-06-28T19:13:25,22,2,0,24
2022-06-28T19:23:53,22,2,0,24
2022-06-28T19:34:22,22,2,0,24
2022-06-28T19:44:49,22,2,0,24
2022-06-28T19:55:19,22,2,0,24
2022-06-28T20:05:47,22,2,0,24
2022-06-28T20:16:15,22,2,0,24
2022-06-28T20:26:44,22,2,0,24
2022-06-28T20:37:12,22,2,0,24
2022-06-28T20:47:51,22,2,0,24
2022-06-28T20:58:20,22,2,0,24
2022-06-28T21:08:47,22,2,0,24
2022-06-28T21:19:15,22,2,0,24
2022-06-28T21:29:43,22,2,0,24
2022-06-28T21:40:12,22,2,0,24
2022-06-28T21:50:40,22,2,0,24
2022-06-28T22:01:08,22,2,0,24
2022-06-28T22:11:36,22,2,0,24
2022-06-28T22:22:04,22,2,0,24
2022-06-28T22:32:33,22,2,0,24
2022-06-28T22:43:12,22,2,0,24
2022-06-28T22:53:40,22,2,0,24
2022-06-28T23:04:09,22,2,0,24
2022-06-28T23:14:38,22,2,0,24
2022-06-28T23:25:06,22,2,0,24
2022-06-28T23:35:34,22,2,0,24
2022-06-28T23:46:02,22,2,0,24
2022-06-28T23:56:30,22,2,0,24
2022-06-29T00:06:59,22,2,0,24
2022-06-29T00:17:30,22,2,0,24
2022-06-29T00:28:10,22,2,0,24
2022-06-29T00:38:41,22,2,0,24
2022-06-29T00:49:11,22,2,0,24
2022-06-29T00:59:43,22,2,0,24
2022-06-29T01:10:14,22,2,0,24
2022-06-29T01:20:44,22,2,0,24
2022-06-29T01:31:16,22,2,0,24
2022-06-29T01:41:45,22,2,0,24
2022-06-29T01:52:15,22,2,0,24
2022-06-29T02:02:55,22,2,0,24
2022-06-29T02:13:25,22,2,0,24
2022-06-29T02:23:53,22,2,0,24
2022-06-29T02:34:21,22,2,0,24
2022-06-29T02:44:49,22,2,0,24
2022-06-29T02:55:17,22,2,0,24
2022-06-29T03:05:45,22,2,0,24
2022-06-29T03:16:13,22,2,0,24
2022-06-29T03:26:51,22,2,0,24
2022-06-29T03:37:19,22,2,0,24
2022-06-29T03:47:48,22,2,0,24
2022-06-29T03:58:18,22,2,0,24
2022-06-29T04:08:49,22,2,0,24
2022-06-29T04:21:07,22,2,0,24
2022-06-29T04:32:02,22,2,0,24
2022-06-29T04:42:32,22,2,0,24
2022-06-29T04:53:05,22,2,0,24
2022-06-29T05:03:44,22,2,0,24
2022-06-29T05:14:14,22,2,0,24
2022-06-29T05:24:45,22,2,0,24
2022-06-29T05:36:40,22,2,0,24
2022-06-29T05:47:31,22,2,0,24
2022-06-29T05:58:02,22,2,0,24
2022-06-29T06:08:31,22,2,0,24
2022-06-29T06:19:02,22,2,0,24
2022-06-29T06:29:32,22,2,0,24
2022-06-29T06:40:02,22,2,0,24
2022-06-29T06:50:33,22,2,0,24
2022-06-29T07:01:03,22,2,0,24
2022-06-29T07:11:43,22,2,0,24
2022-06-29T07:22:13,22,2,0,24
2022-06-29T07:32:43,22,2,0,24
2022-06-29T07:43:14,22,2,0,24
2022-06-29T07:53:44,22,2,0,24
2022-06-29T08:04:15,22,2,0,24
2022-06-29T08:14:46,22,2,0,24
2022-06-29T08:25:17,22,2,0,24
2022-06-29T08:35:47,22,2,0,24
2022-06-29T08:46:17,22,2,0,24
2022-06-29T08:56:47,22,2,0,24
2022-06-29T09:07:17,22,2,0,24
2022-06-29T09:17:47,22,2,0,24
2022-06-29T09:28:17,22,2,0,24
2022-06-29T09:38:47,22,2,0,24
2022-06-29T09:49:27,22,2,0,24
2022-06-29T09:59:58,22,2,0,24
2022-06-29T10:10:29,22,2,0,24
2022-06-29T10:21:00,22,2,0,24
2022-06-29T10:31:30,22,2,0,24
2022-06-29T10:42:00,22,2,0,24
2022-06-29T10:52:30,22,2,0,24
2022-06-29T11:03:00,22,2,0,24
2022-06-29T11:13:43,22,2,0,24
2022-06-29T11:24:13,22,2,0,24
2022-06-29T11:34:44,22,2,0,24
2022-06-29T11:45:14,22,2,0,24
2022-06-29T11:55:44,22,2,0,24
2022-06-29T12:06:16,22,2,0,24
2022-06-29T12:16:47,22,2,0,24
2022-06-29T12:27:17,22,2,0,24
2022-06-29T12:37:58,22,2,0,24
2022-06-29T12:48:27,22,2,0,24
2022-06-29T12:58:56,22,2,0,24
2022-06-29T13:09:26,22,2,0,24
2022-06-29T13:19:56,22,2,0,24
2022-06-29T13:30:26,22,2,0,24
2022-06-29T13:40:55,22,2,0,24
2022-06-29T13:51:26,22,2,0,24
2022-06-29T14:01:56,22,2,0,24
2022-06-29T14:12:38,22,2,0,24
2022-06-29T14:23:08,22,2,0,24
2022-06-29T14:33:38,22,2,0,24
2022-06-29T14:44:08,22,2,0,24
2022-06-29T14:54:39,22,2,0,24
2022-06-29T15:05:10,22,2,0,24
2022-06-29T15:15:40,22,2,0,24
2022-06-29T15:26:21,22,2,0,24
2022-06-29T15:36:52,22,2,0,24
2022-06-29T15:47:22,22,2,0,24
2022-06-29T15:57:52,22,2,0,24
2022-06-29T16:08:24,22,2,0,24
2022-06-29T16:18:53,22,2,0,24
2022-06-29T16:29:23,22,2,0,24
2022-06-29T16:39:52,22,2,0,24
2022-06-29T16:50:21,22,2,0,24
2022-06-29T17:01:01,22,2,0,24
2022-06-29T17:11:30,22,2,0,24
2022-06-29T17:21:59,22,2,0,24
2022-06-29T17:32:29,22,2,0,24
2022-06-29T17:42:58,22,2,0,24
2022-06-29T17:53:27,22,2,0,24
2022-06-29T18:03:56,22,2,0,24
2022-06-29T18:14:26,22,2,0,24
2022-06-29T18:25:06,22,2,0,24
2022-06-29T18:35:35,22,2,0,24
2022-06-29T18:46:04,22,2,0,24
2022-06-29T18:56:32,22,2,0,24
2022-06-29T19:07:01,22,2,0,24
2022-06-29T19:17:30,22,2,0,24
2022-06-29T19:27:59,22,2,0,24
2022-06-29T19:38:28,22,2,0,24
2022-06-29T19:48:57,22,2,0,24
2022-06-29T19:59:35,22,2,0,24
2022-06-29T20:10:05,22,2,0,24
2022-06-29T20:20:34,22,2,0,24
2022-06-29T20:31:03,22,2,0,24
2022-06-29T20:41:32,22,2,0,24
2022-06-29T20:52:00,22,2,0,24
2022-06-29T21:02:29,22,2,0,24
2022-06-29T21:12:57,22,2,0,24
2022-06-29T21:23:26,22,2,0,24
2022-06-29T21:34:05,22,2,0,24
2022-06-29T21:44:34,22,2,0,24
2022-06-29T21:55:03,22,2,0,24
2022-06-29T22:05:32,22,2,0,24
2022-06-29T22:16:00,22,2,0,24
2022-06-29T22:26:29,22,2,0,24
2022-06-29T22:36:59,22,2,0,24
2022-06-29T22:47:27,22,2,0,24
2022-06-29T22:58:07,22,2,0,24
2022-06-29T23:08:36,22,2,0,24
2022-06-29T23:19:06,22,2,0,24
2022-06-29T23:29:35,22,2,0,24
2022-06-29T23:40:04,22,2,0,24
2022-06-29T23:50:32,22,2,0,24
2022-06-30T00:01:01,22,2,0,24
2022-06-30T00:11:31,22,2,0,24
2022-06-30T00:22:03,22,2,0,24
2022-06-30T00:32:32,22,2,0,24
2022-06-30T00:43:04,22,2,0,24
2022-06-30T00:53:35,22,2,0,24
2022-06-30T01:04:06,22,2,0,24
2022-06-30T01:14:47,22,2,0,24
2022-06-30T01:25:18,22,2,0,24
2022-06-30T01:35:48,22,2,0,24
2022-06-30T01:46:18,22,2,0,24
2022-06-30T01:56:49,22,2,0,24
2022-06-30T02:07:18,22,2,0,24
2022-06-30T02:17:57,22,2,0,24
2022-06-30T02:28:26,22,2,0,24
2022-06-30T02:38:54,22,2,0,24
2022-06-30T02:49:22,22,2,0,24
2022-06-30T02:59:50,22,2,0,24
2022-06-30T03:10:19,22,2,0,24
2022-06-30T03:20:47,21,3,0,24
2022-06-30T03:31:14,21,3,0,24
2022-06-30T03:41:44,21,3,0,24
2022-06-30T03:52:15,21,3,0,24
2022-06-30T04:05:05,21,3,0,24
2022-06-30T04:25:58,21,3,0,24
2022-06-30T04:36:32,21,3,0,24
2022-06-30T04:47:04,21,3,0,24
2022-06-30T04:57:35,21,3,0,24
2022-06-30T05:08:08,21,3,0,24
2022-06-30T05:18:39,21,3,0,24
2022-06-30T05:29:10,21,3,0,24
2022-06-30T05:39:40,21,3,0,24
2022-06-30T05:50:16,21,3,0,24
2022-06-30T06:00:47,21,3,0,24
2022-06-30T06:11:17,21,3,0,24
2022-06-30T06:21:48,21,3,0,24
2022-06-30T06:32:19,21,3,0,24
2022-06-30T06:42:58,21,3,0,24
2022-06-30T06:53:32,21,3,0,24
2022-06-30T07:04:16,21,3,0,24
2022-06-30T07:14:56,21,3,0,24
2022-06-30T07:25:40,21,3,0,24
2022-06-30T07:36:25,21,3,0,24
2022-06-30T07:47:08,21,3,0,24
2022-06-30T07:57:50,21,3,0,24
2022-06-30T08:08:34,21,3,0,24
2022-06-30T08:19:16,21,3,0,24
2022-06-30T08:29:49,21,3,0,24
2022-06-30T08:40:21,21,3,0,24
2022-06-30T08:50:57,21,3,0,24
2022-06-30T09:01:35,21,3,0,24
2022-06-30T09:12:14,21,3,0,24
2022-06-30T09:22:55,21,3,0,24
2022-06-30T09:33:45,21,3,0,24
2022-06-30T09:44:23,21,3,0,24
2022-06-30T09:55:01,21,3,0,24
2022-06-30T10:05:40,21,3,0,24
2022-06-30T10:16:18,21,3,0,24
2022-06-30T10:26:53,21,3,0,24
2022-06-30T10:37:27,21,3,0,24
2022-06-30T10:48:00,21,3,0,24
2022-06-30T10:58:31,21,3,0,24
2022-06-30T11:09:14,21,3,0,24
2022-06-30T11:19:44,21,3,0,24
2022-06-30T11:30:14,21,3,0,24
2022-06-30T11:40:44,21,3,0,24
2022-06-30T11:51:14,21,3,0,24
2022-06-30T12:01:45,21,3,0,24
2022-06-30T12:12:16,21,3,0,24
2022-06-30T12:22:58,21,3,0,24
2022-06-30T12:33:28,21,3,0,24
2022-06-30T12:43:59,21,3,0,24
2022-06-30T12:54:30,21,3,0,24
2022-06-30T13:05:01,21,3,0,24
2022-06-30T13:15:32,21,3,0,24
2022-06-30T13:26:03,21,3,0,24
2022-06-30T13:36:33,21,3,0,24
2022-06-30T13:47:04,21,3,0,24
2022-06-30T13:57:47,21,3,0,24
2022-06-30T14:08:19,21,3,0,24
2022-06-30T14:18:50,21,3,0,24
2022-06-30T14:29:21,21,3,0,24
2022-06-30T14:39:52,21,3,0,24
2022-06-30T14:50:24,21,3,0,24
2022-06-30T15:00:54,21,3,0,24
2022-06-30T15:11:25,21,3,0,24
2022-06-30T15:22:07,21,3,0,24
2022-06-30T15:32:38,21,3,0,24
2022-06-30T15:43:09,21,3,0,24
2022-06-30T15:53:40,21,3,0,24
2022-06-30T16:04:10,21,3,0,24
2022-06-30T16:14:40,21,3,0,24
2022-06-30T16:25:11,21,3,0,24
2022-06-30T16:35:42,21,3,0,24
2022-06-30T16:46:23,21,3,0,24
2022-06-30T16:56:53,21,3,0,24
2022-06-30T17:07:23,21,3,0,24
2022-06-30T17:17:53,21,3,0,24
2022-06-30T17:28:23,21,3,0,24
2022-06-30T17:38:52,21,3,0,24
2022-06-30T17:49:22,21,3,0,24
2022-06-30T17:59:52,21,3,0,24
2022-06-30T18:10:22,21,3,0,24
2022-06-30T18:20:52,21,3,0,24
2022-06-30T18:31:22,21,3,0,24
2022-06-30T18:42:02,21,3,0,24
2022-06-30T18:52:32,21,3,0,24
2022-06-30T19:03:01,21,3,0,24
2022-06-30T19:13:30,21,3,0,24
2022-06-30T19:24:00,21,3,0,24
2022-06-30T19:34:29,21,3,0,24
2022-06-30T19:44:58,21,3,0,24
2022-06-30T19:55:27,21,3,0,24
2022-06-30T20:05:57,21,3,0,24
2022-06-30T20:16:26,21,3,0,24
2022-06-30T20:26:55,21,3,0,24
2022-06-30T20:37:25,21,3,0,24
2022-06-30T20:47:56,21,3,0,24
2022-06-30T20:58:37,21,3,0,24
2022-06-30T21:09:07,21,3,0,24
2022-06-30T21:19:36,21,3,0,24
2022-06-30T21:30:05,21,3,0,24
2022-06-30T21:40:35,21,3,0,24
2022-06-30T21:51:04,21,3,0,24
2022-06-30T22:01:33,21,3,0,24
2022-06-30T22:12:03,21,3,0,24
2022-06-30T22:22:32,21,3,0,24
2022-06-30T22:33:01,21,3,0,24
2022-06-30T22:43:31,21,3,0,24
2022-06-30T22:54:11,21,3,0,24
2022-06-30T23:04:41,21,3,0,24
2022-06-30T23:15:11,21,3,0,24
2022-06-30T23:25:40,21,3,0,24
2022-06-30T23:36:10,21,3,0,24
2022-06-30T23:46:39,21,3,0,24
2022-06-30T23:57:08,21,3,0,24
2022-07-01T00:07:39,21,3,0,24
2022-07-01T00:18:18,21,3,0,24
2022-07-01T00:28:49,21,3,0,24
2022-07-01T00:39:31,21,3,0,24
2022-07-01T00:50:03,21,3,0,24
2022-07-01T01:00:36,21,3,0,24
2022-07-01T01:11:07,21,3,0,24
2022-07-01T01:21:40,21,3,0,24
2022-07-01T01:32:12,21,3,0,24
2022-07-01T01:42:44,21,3,0,24
2022-07-01T01:53:16,21,3,0,24
2022-07-01T02:03:50,21,3,0,24
2022-07-01T02:14:21,21,3,0,24
2022-07-01T02:24:52,21,3,0,24
2022-07-01T02:35:34,21,3,0,24
2022-07-01T02:46:04,21,3,0,24
2022-07-01T02:56:34,21,3,0,24
2022-07-01T03:07:03,21,3,0,24
2022-07-01T03:17:33,21,3,0,24
2022-07-01T03:28:03,21,3,0,24
2022-07-01T03:38:33,21,3,0,24
2022-07-01T03:49:04,21,3,0,24
2022-07-01T03:59:36,21,3,0,24
2022-07-01T04:15:11,21,3,0,24
2022-07-01T04:26:54,21,3,0,24
2022-07-01T04:37:43,21,3,0,24
2022-07-01T04:48:18,21,3,0,24
2022-07-01T04:58:50,21,3,0,24
2022-07-01T05:09:23,21,3,0,24
2022-07-01T05:19:55,21,3,0,24
2022-07-01T05:30:27,21,3,0,24
2022-07-01T05:40:59,21,3,0,24
2022-07-01T05:51:31,21,3,0,24
2022-07-01T06:02:01,21,3,0,24
2022-07-01T06:12:32,21,3,0,24
2022-07-01T06:23:01,21,3,0,24
2022-07-01T06:33:31,21,3,0,24
2022-07-01T06:44:00,21,3,0,24
2022-07-01T06:54:30,21,3,0,24
2022-07-01T07:05:00,21,3,0,24
2022-07-01T07:15:30,21,3,0,24
2022-07-01T07:25:59,21,3,0,24
2022-07-01T07:36:29,21,3,0,24
2022-07-01T07:46:59,21,3,0,24
2022-07-01T07:57:39,21,3,0,24
2022-07-01T08:08:09,21,3,0,24
2022-07-01T08:18:39,21,3,0,24
2022-07-01T08:29:10,21,3,0,24
2022-07-01T08:39:41,21,3,0,24
2022-07-01T08:50:11,21,3,0,24
2022-07-01T09:00:42,21,3,0,24
2022-07-01T09:11:12,21,3,0,24
2022-07-01T09:21:43,21,3,0,24
2022-07-01T09:32:15,21,3,0,24
2022-07-01T09:42:47,21,3,0,24
2022-07-01T09:53:18,21,3,0,24
2022-07-01T10:03:49,21,3,0,24
2022-07-01T10:14:30,21,3,0,24
2022-07-01T10:25:01,21,3,0,24
2022-07-01T10:35:32,21,3,0,24
2022-07-01T10:46:03,21,3,0,24
2022-07-01T10:56:33,21,3,0,24
2022-07-01T11:07:04,21,3,0,24
2022-07-01T11:17:36,21,3,0,24
2022-07-01T11:28:07,21,3,0,24
2022-07-01T11:38:38,21,3,0,24
2022-07-01T11:49:09,21,3,0,24
2022-07-01T11:59:40,21,3,0,24
2022-07-01T12:10:11,21,3,0,24
2022-07-01T12:20:53,21,3,0,24
2022-07-01T12:31:23,21,3,0,24
2022-07-01T12:41:53,21,3,0,24
2022-07-01T12:52:23,21,3,0,24
2022-07-01T13:02:54,21,3,0,24
2022-07-01T13:13:25,21,3,0,24
2022-07-01T13:23:55,21,3,0,24
2022-07-01T13:34:26,21,3,0,24
2022-07-01T13:44:57,21,3,0,24
2022-07-01T13:55:39,21,3,0,24
2022-07-01T14:06:10,21,3,0,24
2022-07-01T14:16:41,21,3,0,24
2022-07-01T14:27:11,21,3,0,24
2022-07-01T14:37:43,21,3,0,24
2022-07-01T14:48:14,21,3,0,24
2022-07-01T14:58:45,21,3,0,24
2022-07-01T15:09:16,21,3,0,24
2022-07-01T15:19:46,21,3,0,24
2022-07-01T15:30:16,21,3,0,24
2022-07-01T15:40:47,21,3,0,24
2022-07-01T15:51:29,21,3,0,24
2022-07-01T16:02:00,21,3,0,24
2022-07-01T16:12:30,21,3,0,24
2022-07-01T16:23:00,21,3,0,24
2022-07-01T16:33:30,21,3,0,24
2022-07-01T16:43:59,21,3,0,24
2022-07-01T16:54:29,21,3,0,24
2022-07-01T17:04:59,21,3,0,24
2022-07-01T17:15:30,21,3,0,24
2022-07-01T17:25:59,21,3,0,24
2022-07-01T17:36:29,21,3,0,24
2022-07-01T17:46:58,21,3,0,24
2022-07-01T17:57:38,21,3,0,24
2022-07-01T18:08:08,21,3,0,24
2022-07-01T18:18:37,21,3,0,24
2022-07-01T18:29:06,21,3,0,24
2022-07-01T18:39:36,21,3,0,24
2022-07-01T18:50:05,21,3,0,24
2022-07-01T19:00:34,21,3,0,24
2022-07-01T19:11:03,21,3,0,24
2022-07-01T19:21:32,21,3,0,24
2022-07-01T19:32:02,21,3,0,24
2022-07-01T19:42:33,21,3,0,24
2022-07-01T19:53:03,21,3,0,24
2022-07-01T20:03:43,21,3,0,24
2022-07-01T20:14:12,21,3,0,24
2022-07-01T20:24:41,21,3,0,24
2022-07-01T20:35:10,21,3,0,24
2022-07-01T20:45:39,21,3,0,24
2022-07-01T20:56:07,21,3,0,24
2022-07-01T21:06:37,21,3,0,24
2022-07-01T21:17:06,21,3,0,24
2022-07-01T21:27:35,21,3,0,24
2022-07-01T21:38:04,21,3,0,24
2022-07-01T21:48:33,21,3,0,24
2022-07-01T21:59:02,21,3,0,24
2022-07-01T22:09:42,21,3,0,24
2022-07-01T22:20:11,21,3,0,24
2022-07-01T22:30:40,21,3,0,24
2022-07-01T22:41:10,21,3,0,24
2022-07-01T22:51:39,21,3,0,24
2022-07-01T23:02:08,21,3,0,24
2022-07-01T23:12:40,21,3,0,24
2022-07-01T23:23:10,21,3,0,24
2022-07-01T23:33:39,21,3,0,24
2022-07-01T23:44:08,21,3,0,24
2022-07-01T23:54:37,21,3,0,24
2022-07-02T00:05:07,21,3,0,24
2022-07-02T00:15:49,21,3,0,24
2022-07-02T00:26:21,21,3,0,24
2022-07-02T00:36:52,21,3,0,24
2022-07-02T00:47:24,21,3,0,24
2022-07-02T00:57:58,21,3,0,24
2022-07-02T01:08:30,21,3,0,24
2022-07-02T01:19:02,21,3,0,24
2022-07-02T01:29:34,21,3,0,24
2022-07-02T01:42:13,21,3,0,24
2022-07-02T02:03:15,21,3,0,24
2022-07-02T02:20:41,21,3,0,24
2022-07-02T02:31:11,21,3,0,24
2022-07-02T02:41:41,21,3,0,24
2022-07-02T02:52:12,21,3,0,24
2022-07-02T03:02:41,21,3,0,24
2022-07-02T03:13:11,21,3,0,24
2022-07-02T03:23:39,21,3,0,24
2022-07-02T03:34:19,21,3,0,24
2022-07-02T03:44:49,21,3,0,24
2022-07-02T03:55:20,21,3,0,24
2022-07-02T04:05:51,21,3,0,24
2022-07-02T04:21:03,21,3,0,24
2022-07-02T04:33:04,21,3,0,24
2022-07-02T04:43:37,21,3,0,24
2022-07-02T04:54:09,21,3,0,24
2022-07-02T05:04:40,21,3,0,24
2022-07-02T05:15:10,21,3,0,24
2022-07-02T05:25:44,21,3,0,24
2022-07-02T05:36:15,21,3,0,24
2022-07-02T05:46:45,21,3,0,24
2022-07-02T05:57:16,21,3,0,24
2022-07-02T06:07:46,21,3,0,24
2022-07-02T06:18:17,21,3,0,24
2022-07-02T06:28:47,21,3,0,24
2022-07-02T06:39:18,21,3,0,24
2022-07-02T06:49:48,21,3,0,24
2022-07-02T07:00:19,21,3,0,24
2022-07-02T07:10:51,21,3,0,24
2022-07-02T07:21:22,21,3,0,24
2022-07-02T07:31:53,21,3,0,24
2022-07-02T07:42:34,21,3,0,24
2022-07-02T07:53:05,21,3,0,24
2022-07-02T08:03:36,21,3,0,24
2022-07-02T08:14:07,21,3,0,24
2022-07-02T08:24:37,21,3,0,24
2022-07-02T08:35:08,21,3,0,24
2022-07-02T08:45:38,21,3,0,24
2022-07-02T08:56:09,21,3,0,24
2022-07-02T09:06:39,21,3,0,24
2022-07-02T09:17:08,21,3,0,24
2022-07-02T09:27:37,21,3,0,24
2022-07-02T09:38:12,21,3,0,24
2022-07-02T09:48:45,21,3,0,24
2022-07-02T09:59:27,21,3,0,24
2022-07-02T10:09:57,21,3,0,24
2022-07-02T10:20:27,21,3,0,24
2022-07-02T10:30:58,21,3,0,24
2022-07-02T10:41:28,21,3,0,24
2022-07-02T10:51:57,21,3,0,24
2022-07-02T11:02:27,21,3,0,24
2022-07-02T11:12:57,21,3,0,24
2022-07-02T11:23:38,21,3,0,24
2022-07-02T11:34:10,21,3,0,24
2022-07-02T11:44:41,21,3,0,24
2022-07-02T11:55:12,21,3,0,24
2022-07-02T12:05:42,21,3,0,24
2022-07-02T12:16:14,21,3,0,24
2022-07-02T12:26:45,21,3,0,24
2022-07-02T12:37:15,21,3,0,24
2022-07-02T12:47:46,21,3,0,24
2022-07-02T12:58:16,21,3,0,24
2022-07-02T13:08:47,21,3,0,24
2022-07-02T13:19:18,21,3,0,24
2022-07-02T13:29:48,21,3,0,24
2022-07-02T13:40:17,21,3,0,24
2022-07-02T13:50:48,21,3,0,24
2022-07-02T14:01:19,21,3,0,24
2022-07-02T14:11:49,21,3,0,24
2022-07-02T14:22:31,21,3,0,24
2022-07-02T14:33:01,21,3,0,24
2022-07-02T14:43:29,21,3,0,24
2022-07-02T14:53:58,21,3,0,24
2022-07-02T15:04:27,21,3,0,24
2022-07-02T15:14:55,21,3,0,24
2022-07-02T15:25:24,21,3,0,24
2022-07-02T15:35:54,21,3,0,24
2022-07-02T15:46:22,21,3,0,24
2022-07-02T15:56:51,21,3,0,24
2022-07-02T16:07:31,21,3,0,24
2022-07-02T16:17:59,21,3,0,24
2022-07-02T16:28:28,21,3,0,24
2022-07-02T16:38:57,21,3,0,24
2022-07-02T16:49:26,21,3,0,24
2022-07-02T16:59:55,21,3,0,24
2022-07-02T17:10:24,21,3,0,24
2022-07-02T17:20:54,21,3,0,24
2022-07-02T17:31:22,21,3,0,24
2022-07-02T17:41:51,21,3,0,24
2022-07-02T17:52:21,21,3,0,24
2022-07-02T18:02:50,21,3,0,24
2022-07-02T18:13:19,21,3,0,24
2022-07-02T18:23:48,21,3,0,24
2022-07-02T18:34:17,21,3,0,24
2022-07-02T18:44:46,21,3,0,24
2022-07-02T18:55:15,21,3,0,24
2022-07-02T19:05:55,21,3,0,24
2022-07-02T19:16:24,21,3,0,24
2022-07-02T19:26:53,21,3,0,24
2022-07-02T19:37:23,21,3,0,24
2022-07-02T19:47:53,21,3,0,24
2022-07-02T19:58:24,21,3,0,24
2022-07-02T20:08:54,21,3,0,24
2022-07-02T20:19:25,21,3,0,24
2022-07-02T20:29:56,21,3,0,24
2022-07-02T20:40:26,21,3,0,24
2022-07-02T20:50:57,21,3,0,24
2022-07-02T21:01:27,21,3,0,24
2022-07-02T21:11:57,21,3,0,24
2022-07-02T21:22:28,21,3,0,24
2022-07-02T21:32:57,21,3,0,24
2022-07-02T21:43:38,21,3,0,24
2022-07-02T21:54:07,21,3,0,24
2022-07-02T22:04:36,21,3,0,24
2022-07-02T22:15:05,21,3,0,24
2022-07-02T22:25:34,21,3,0,24
2022-07-02T22:36:05,21,3,0,24
2022-07-02T22:46:34,21,3,0,24
2022-07-02T22:57:03,21,3,0,24
2022-07-02T23:07:33,21,3,0,24
2022-07-02T23:18:03,21,3,0,24
2022-07-02T23:28:33,21,3,0,24
2022-07-02T23:39:03,21,3,0,24
2022-07-02T23:49:33,21,3,0,24
2022-07-03T00:00:02,21,3,0,24
2022-07-03T00:10:32,21,3,0,24
2022-07-03T00:21:04,21,3,0,24
2022-07-03T00:31:34,21,3,0,24
2022-07-03T00:42:05,21,3,0,24
2022-07-03T00:52:37,21,3,0,24
2022-07-03T01:03:07,21,3,0,24
2022-07-03T01:13:47,21,3,0,24
2022-07-03T01:24:17,21,3,0,24
2022-07-03T01:34:48,21,3,0,24
2022-07-03T01:45:18,21,3,0,24
2022-07-03T01:55:49,21,3,0,24
2022-07-03T02:06:21,21,3,0,24
2022-07-03T02:16:51,21,3,0,24
2022-07-03T02:27:22,21,3,0,24
2022-07-03T02:37:53,21,3,0,24
2022-07-03T02:48:25,21,3,0,24
2022-07-03T02:58:56,21,3,0,24
2022-07-03T03:09:37,21,3,0,24
2022-07-03T03:20:07,21,3,0,24
2022-07-03T03:30:38,21,3,0,24
2022-07-03T03:41:09,21,3,0,24
2022-07-03T03:51:39,21,3,0,24
2022-07-03T04:02:11,21,3,0,24
2022-07-03T04:12:43,21,3,0,24
2022-07-03T04:22:58,21,3,0,24
2022-07-03T04:33:52,21,3,0,24
2022-07-03T04:44:24,21,3,0,24
2022-07-03T04:54:57,21,3,0,24
2022-07-03T05:05:29,21,3,0,24
2022-07-03T05:16:01,21,3,0,24
2022-07-03T05:26:32,21,3,0,24
2022-07-03T05:37:02,21,3,0,24
2022-07-03T05:47:31,21,3,0,24
2022-07-03T05:58:01,21,3,0,24
2022-07-03T06:08:31,21,3,0,24
2022-07-03T06:19:02,21,3,0,24
2022-07-03T06:29:32,21,3,0,24
2022-07-03T06:40:02,21,3,0,24
2022-07-03T06:50:31,21,3,0,24
2022-07-03T07:01:00,21,3,0,24
2022-07-03T07:11:29,21,3,0,24
2022-07-03T07:21:59,21,3,0,24
2022-07-03T07:32:28,21,3,0,24
2022-07-03T07:43:00,21,3,0,24
2022-07-03T07:53:30,21,3,0,24
2022-07-03T08:03:59,21,3,0,24
2022-07-03T08:14:29,21,3,0,24
2022-07-03T08:24:59,21,3,0,24
2022-07-03T08:35:29,21,3,0,24
2022-07-03T08:45:58,21,3,0,24
2022-07-03T08:56:27,21,3,0,24
2022-07-03T09:06:56,21,3,0,24
2022-07-03T09:17:34,21,3,0,24
2022-07-03T09:28:03,21,3,0,24
2022-07-03T09:38:33,21,3,0,24
2022-07-03T09:49:02,21,3,0,24
2022-07-03T09:59:31,21,3,0,24
2022-07-03T10:10:00,21,3,0,24
2022-07-03T10:20:29,21,3,0,24
2022-07-03T10:30:59,21,3,0,24
2022-07-03T10:41:28,21,3,0,24
2022-07-03T10:51:57,21,3,0,24
2022-07-03T11:02:26,21,3,0,24
2022-07-03T11:12:54,21,3,0,24
2022-07-03T11:23:24,21,3,0,24
2022-07-03T11:33:53,21,3,0,24
2022-07-03T11:44:24,21,3,0,24
2022-07-03T11:54:53,21,3,0,24
2022-07-03T12:05:34,21,3,0,24
2022-07-03T12:16:04,21,3,0,24
2022-07-03T12:26:34,21,3,0,24
2022-07-03T12:37:03,21,3,0,24
2022-07-03T12:47:33,21,3,0,24
2022-07-03T12:58:03,21,3,0,24
2022-07-03T13:08:37,21,3,0,24
2022-07-03T13:19:07,21,3,0,24
2022-07-03T13:29:38,21,3,0,24
2022-07-03T13:40:07,21,3,0,24
2022-07-03T13:50:37,21,3,0,24
2022-07-03T14:01:07,21,3,0,24
2022-07-03T14:11:36,21,3,0,24
2022-07-03T14:22:15,21,3,0,24
2022-07-03T14:32:44,21,3,0,24
2022-07-03T14:43:13,21,3,0,24
2022-07-03T14:53:42,21,3,0,24
2022-07-03T15:04:12,21,3,0,24
2022-07-03T15:14:41,21,3,0,24
2022-07-03T15:25:10,21,3,0,24
2022-07-03T15:35:39,21,3,0,24
2022-07-03T15:46:08,21,3,0,24
2022-07-03T15:56:38,21,3,0,24
2022-07-03T16:07:07,21,3,0,24
2022-07-03T16:17:36,21,3,0,24
2022-07-03T16:28:05,21,3,0,24
2022-07-03T16:38:43,21,3,0,24
2022-07-03T16:49:12,21,3,0,24
2022-07-03T16:59:41,21,3,0,24
2022-07-03T17:10:12,21,3,0,24
2022-07-03T17:22:52,21,3,0,24
2022-07-03T17:33:21,21,3,0,24
2022-07-03T17:43:50,21,3,0,24
2022-07-03T17:54:19,21,3,0,24
2022-07-03T18:04:48,21,3,0,24
2022-07-03T18:15:17,21,3,0,24
2022-07-03T18:25:46,21,3,0,24
2022-07-03T18:36:15,21,3,0,24
2022-07-03T18:46:43,21,3,0,24
2022-07-03T18:57:22,21,3,0,24
2022-07-03T19:07:51,21,3,0,24
2022-07-03T19:18:22,21,3,0,24
2022-07-03T19:28:52,21,3,0,24
2022-07-03T19:39:23,21,3,0,24
2022-07-03T19:49:58,21,3,0,24
2022-07-03T20:00:32,21,3,0,24
2022-07-03T20:11:01,21,3,0,24
2022-07-03T20:21:30,21,3,0,24
2022-07-03T20:31:58,21,3,0,24
2022-07-03T20:42:27,21,3,0,24
2022-07-03T20:52:56,21,3,0,24
2022-07-03T21:03:24,21,3,0,24
2022-07-03T21:13:54,21,3,0,24
2022-07-03T21:24:22,21,3,0,24
2022-07-03T21:34:52,21,3,0,24
2022-07-03T21:45:21,21,3,0,24
2022-07-03T21:55:51,21,3,0,24
2022-07-03T22:06:30,21,3,0,24
2022-07-03T22:16:59,21,3,0,24
2022-07-03T22:27:28,21,3,0,24
2022-07-03T22:37:58,21,3,0,24
2022-07-03T22:48:27,21,3,0,24
2022-07-03T22:58:56,21,3,0,24
2022-07-03T23:09:26,21,3,0,24
2022-07-03T23:19:56,21,3,0,24
2022-07-03T23:30:27,21,3,0,24
2022-07-03T23:40:56,21,3,0,24
2022-07-03T23:51:26,21,3,0,24
2022-07-04T00:01:55,21,3,0,24
2022-07-04T00:12:28,21,3,0,24
2022-07-04T00:23:03,21,3,0,24
2022-07-04T00:33:45,21,3,0,24
2022-07-04T00:44:15,21,3,0,24
2022-07-04T00:54:45,21,3,0,24
2022-07-04T01:05:15,21,3,0,24
2022-07-04T01:15:50,21,3,0,24
2022-07-04T01:26:22,21,3,0,24
2022-07-04T01:36:54,21,3,0,24
2022-07-04T01:47:24,21,3,0,24
2022-07-04T01:57:55,21,3,0,24
2022-07-04T02:08:26,21,3,0,24
2022-07-04T02:18:57,21,3,0,24
2022-07-04T02:29:27,21,3,0,24
2022-07-04T02:39:59,21,3,0,24
2022-07-04T02:50:29,21,3,0,24
2022-07-04T03:01:07,21,3,0,24
2022-07-04T03:11:36,21,3,0,24
2022-07-04T03:22:06,21,3,0,24
2022-07-04T03:32:39,21,3,0,24
2022-07-04T03:43:11,21,3,0,24
2022-07-04T03:53:42,21,3,0,24
2022-07-04T04:04:13,21,3,0,24
2022-07-04T04:31:26,21,3,0,24
2022-07-04T04:41:59,21,3,0,24
2022-07-04T04:52:30,21,3,0,24
2022-07-04T05:03:02,21,3,0,24
2022-07-04T05:13:36,21,3,0,24
2022-07-04T05:24:09,21,3,0,24
2022-07-04T05:34:41,21,3,0,24
2022-07-04T05:45:12,21,3,0,24
2022-07-04T05:55:42,21,3,0,24
2022-07-04T06:06:14,21,3,0,24
2022-07-04T06:16:45,21,3,0,24
2022-07-04T06:27:15,21,3,0,24
2022-07-04T06:37:46,21,3,0,24
2022-07-04T06:48:17,21,3,0,24
2022-07-04T06:58:46,21,3,0,24
2022-07-04T07:09:25,21,3,0,24
2022-07-04T07:19:53,21,3,0,24
2022-07-04T07:30:22,21,3,0,24
2022-07-04T07:40:52,21,3,0,24
2022-07-04T07:51:20,21,3,0,24
2022-07-04T08:01:49,21,3,0,24
2022-07-04T08:12:18,21,3,0,24
2022-07-04T08:22:47,21,3,0,24
2022-07-04T08:33:17,21,3,0,24
2022-07-04T08:43:46,21,3,0,24
2022-07-04T08:54:15,21,3,0,24
2022-07-04T09:05:03,21,3,0,24
2022-07-04T09:15:32,21,3,0,24
2022-07-04T09:26:01,21,3,0,24
2022-07-04T09:36:30,21,3,0,24
2022-07-04T09:46:59,21,3,0,24
2022-07-04T09:57:28,21,3,0,24
2022-07-04T10:07:57,21,3,0,24
2022-07-04T10:18:26,21,3,0,24
2022-07-04T10:28:55,21,3,0,24
2022-07-04T10:39:36,21,3,0,24
2022-07-04T10:50:05,21,3,0,24
2022-07-04T11:00:34,21,3,0,24
2022-07-04T11:11:03,21,3,0,24
2022-07-04T11:21:31,21,3,0,24
2022-07-04T11:32:00,21,3,0,24
2022-07-04T11:42:29,21,3,0,24
2022-07-04T11:52:57,21,3,0,24
2022-07-04T12:03:26,21,3,0,24
2022-07-04T12:13:55,21,3,0,24
2022-07-04T12:24:25,21,3,0,24
2022-07-04T12:34:53,21,3,0,24
2022-07-04T12:45:22,21,3,0,24
2022-07-04T12:55:51,21,3,0,24
2022-07-04T13:06:20,21,3,0,24
2022-07-04T13:16:58,21,3,0,24
2022-07-04T13:27:27,21,3,0,24
2022-07-04T13:37:57,21,3,0,24
2022-07-04T13:48:26,21,3,0,24
2022-07-04T13:58:54,21,3,0,24
2022-07-04T14:09:23,21,3,0,24
2022-07-04T14:19:51,21,3,0,24
2022-07-04T14:30:21,21,3,0,24
2022-07-04T14:40:50,21,3,0,24
2022-07-04T14:51:19,21,3,0,24
2022-07-04T15:01:48,21,3,0,24
2022-07-04T15:12:28,21,3,0,24
2022-07-04T15:22:57,21,3,0,24
2022-07-04T15:33:26,21,3,0,24
2022-07-04T15:43:56,21,3,0,24
2022-07-04T15:54:25,21,3,0,24
2022-07-04T16:04:55,21,3,0,24
2022-07-04T16:15:24,21,3,0,24
2022-07-04T16:25:53,21,3,0,24
2022-07-04T16:36:22,21,3,0,24
2022-07-04T16:46:50,21,3,0,24
2022-07-04T16:57:21,21,3,0,24
2022-07-04T17:07:50,21,3,0,24
2022-07-04T17:18:19,21,3,0,24
2022-07-04T17:28:48,21,3,0,24
2022-07-04T17:39:17,21,3,0,24
2022-07-04T17:49:55,21,3,0,24
2022-07-04T18:00:23,21,3,0,24
2022-07-04T18:10:52,21,3,0,24
2022-07-04T18:21:20,21,3,0,24
2022-07-04T18:31:49,21,3,0,24
2022-07-04T18:42:17,21,3,0,24
2022-07-04T18:52:46,21,3,0,24
2022-07-04T19:03:15,21,3,0,24
2022-07-04T19:13:44,21,3,0,24
2022-07-04T19:24:13,21,3,0,24
2022-07-04T19:34:42,21,3,0,24
2022-07-04T19:45:11,21,3,0,24
2022-07-04T19:55:39,21,3,0,24
2022-07-04T20:06:08,21,3,0,24
2022-07-04T20:16:36,21,3,0,24
2022-07-04T20:27:05,21,3,0,24
2022-07-04T20:37:33,21,3,0,24
2022-07-04T20:48:12,21,3,0,24
2022-07-04T20:58:41,21,3,0,24
2022-07-04T21:09:10,21,3,0,24
2022-07-04T21:19:38,21,3,0,24
2022-07-04T21:30:07,21,3,0,24
2022-07-04T21:40:35,21,3,0,24
2022-07-04T21:51:04,21,3,0,24
2022-07-04T22:01:33,21,3,0,24
2022-07-04T22:12:02,21,3,0,24
2022-07-04T22:22:30,21,3,0,24
2022-07-04T22:33:00,21,3,0,24
2022-07-04T22:43:29,21,3,0,24
2022-07-04T22:53:57,21,3,0,24
2022-07-04T23:04:38,21,3,0,24
2022-07-04T23:15:07,22,2,0,24
2022-07-04T23:25:37,22,2,0,24
2022-07-04T23:36:06,22,2,0,24
2022-07-04T23:46:37,22,2,0,24
2022-07-04T23:57:06,22,2,0,24
2022-07-05T00:07:37,22,2,0,24
2022-07-05T00:18:08,22,2,0,24
2022-07-05T00:28:38,22,2,0,24
2022-07-05T00:39:08,22,2,0,24
2022-07-05T00:49:38,22,2,0,24
2022-07-05T01:00:08,22,2,0,24
2022-07-05T01:10:49,22,2,0,24
2022-07-05T01:21:19,22,2,0,24
2022-07-05T01:31:51,22,2,0,24
2022-07-05T01:42:20,22,2,0,24
2022-07-05T01:52:49,22,2,0,24
2022-07-05T02:03:31,22,2,0,24
2022-07-05T02:14:02,22,2,0,24
2022-07-05T02:24:32,22,2,0,24
2022-07-05T02:35:04,22,2,0,24
2022-07-05T02:45:34,22,2,0,24
2022-07-05T02:56:03,22,2,0,24
2022-07-05T03:06:34,22,2,0,24
2022-07-05T03:17:14,22,2,0,24
2022-07-05T03:27:44,22,2,0,24
2022-07-05T03:38:19,22,2,0,24
2022-07-05T03:49:00,22,2,0,24
2022-07-05T03:59:38,22,2,0,24
2022-07-05T04:12:20,22,2,0,24
2022-07-05T04:25:26,22,2,0,24
2022-07-05T04:36:28,22,2,0,24
2022-07-05T04:47:04,22,2,0,24
2022-07-05T04:57:41,22,2,0,24
2022-07-05T05:08:17,22,2,0,24
2022-07-05T05:18:50,22,2,0,24
2022-07-05T05:29:24,22,2,0,24
2022-07-05T05:39:59,22,2,0,24
2022-07-05T05:50:29,22,2,0,24
2022-07-05T06:01:00,22,2,0,24
2022-07-05T06:11:30,22,2,0,24
2022-07-05T06:22:01,22,2,0,24
2022-07-05T06:32:31,22,2,0,24
2022-07-05T06:43:00,22,2,0,24
2022-07-05T06:53:29,22,2,0,24
2022-07-05T07:03:59,22,2,0,24
2022-07-05T07:14:28,22,2,0,24
2022-07-05T07:24:57,22,2,0,24
2022-07-05T07:35:27,22,2,0,24
2022-07-05T07:45:57,22,2,0,24
2022-07-05T07:56:26,22,2,0,24
2022-07-05T08:06:56,22,2,0,24
2022-07-05T08:17:27,22,2,0,24
2022-07-05T08:27:57,22,2,0,24
2022-07-05T08:38:38,22,2,0,24
2022-07-05T08:49:09,22,2,0,24
2022-07-05T08:59:40,22,2,0,24
2022-07-05T09:10:11,22,2,0,24
2022-07-05T09:20:42,22,2,0,24
2022-07-05T09:31:13,22,2,0,24
2022-07-05T09:41:44,22,2,0,24
2022-07-05T09:52:15,22,2,0,24
2022-07-05T10:02:46,22,2,0,24
2022-07-05T10:13:17,22,2,0,24
2022-07-05T10:23:49,22,2,0,24
2022-07-05T10:34:20,22,2,0,24
2022-07-05T10:44:51,22,2,0,24
2022-07-05T10:55:22,22,2,0,24
2022-07-05T11:05:52,22,2,0,24
2022-07-05T11:16:23,22,2,0,24
2022-07-05T11:27:05,22,2,0,24
2022-07-05T11:37:36,22,2,0,24
2022-07-05T11:48:06,22,2,0,24
2022-07-05T11:58:37,22,2,0,24
2022-07-05T12:09:08,22,2,0,24
2022-07-05T12:19:39,22,2,0,24
2022-07-05T12:30:09,22,2,0,24
2022-07-05T12:40:40,22,2,0,24
2022-07-05T12:51:10,22,2,0,24
2022-07-05T13:01:41,22,2,0,24
2022-07-05T13:12:12,22,2,0,24
2022-07-05T13:22:43,22,2,0,24
2022-07-05T13:33:24,22,2,0,24
2022-07-05T13:43:56,22,2,0,24
2022-07-05T13:54:28,22,2,0,24
2022-07-05T14:04:59,22,2,0,24
2022-07-05T14:15:30,22,2,0,24
2022-07-05T14:26:01,22,2,0,24
2022-07-05T14:36:32,22,2,0,24
2022-07-05T14:47:03,22,2,0,24
2022-07-05T14:57:44,22,2,0,24
2022-07-05T15:08:15,22,2,0,24
2022-07-05T15:18:46,22,2,0,24
2022-07-05T15:29:17,22,2,0,24
2022-07-05T15:39:48,22,2,0,24
2022-07-05T15:50:19,22,2,0,24
2022-07-05T16:00:51,22,2,0,24
2022-07-05T16:11:22,22,2,0,24
2022-07-05T16:21:53,22,2,0,24
2022-07-05T16:32:24,22,2,0,24
2022-07-05T16:42:55,22,2,0,24
2022-07-05T16:53:35,22,2,0,24
2022-07-05T17:04:06,22,2,0,24
2022-07-05T17:14:37,22,2,0,24
2022-07-05T17:25:07,22,2,0,24
2022-07-05T17:35:37,22,2,0,24
2022-07-05T17:46:08,22,2,0,24
2022-07-05T17:56:39,22,2,0,24
2022-07-05T18:07:10,22,2,0,24
2022-07-05T18:17:40,22,2,0,24
2022-07-05T18:28:10,22,2,0,24
2022-07-05T18:38:40,22,2,0,24
2022-07-05T18:49:13,22,2,0,24
2022-07-05T18:59:52,22,2,0,24
2022-07-05T19:10:22,22,2,0,24
2022-07-05T19:20:53,22,2,0,24
2022-07-05T19:31:23,22,2,0,24
2022-07-05T19:41:54,22,2,0,24
2022-07-05T19:52:24,22,2,0,24
2022-07-05T20:02:54,22,2,0,24
2022-07-05T20:13:24,22,2,0,24
2022-07-05T20:23:54,22,2,0,24
2022-07-05T20:34:24,22,2,0,24
2022-07-05T20:44:54,22,2,0,24
2022-07-05T20:55:24,22,2,0,24
2022-07-05T21:05:54,22,2,0,24
2022-07-05T21:16:23,22,2,0,24
2022-07-05T21:26:52,22,2,0,24
2022-07-05T21:37:22,22,2,0,24
2022-07-05T21:47:52,22,2,0,24
2022-07-05T21:58:23,22,2,0,24
2022-07-05T22:09:03,22,2,0,24
2022-07-05T22:19:32,22,2,0,24
2022-07-05T22:30:02,22,2,0,24
2022-07-05T22:40:33,22,2,0,24
2022-07-05T22:51:02,22,2,0,24
2022-07-05T23:01:32,22,2,0,24
2022-07-05T23:12:02,22,2,0,24
2022-07-05T23:22:33,22,2,0,24
2022-07-05T23:33:03,22,2,0,24
2022-07-05T23:43:33,22,2,0,24
2022-07-05T23:54:03,22,2,0,24
2022-07-06T00:04:34,22,2,0,24
2022-07-06T00:15:05,22,2,0,24
2022-07-06T00:25:38,22,2,0,24
2022-07-06T00:36:09,22,2,0,24
2022-07-06T00:46:42,22,2,0,24
2022-07-06T00:57:15,22,2,0,24
2022-07-06T01:07:47,22,2,0,24
2022-07-06T01:18:29,22,2,0,24
2022-07-06T01:29:01,22,2,0,24
2022-07-06T01:39:33,22,2,0,24
2022-07-06T01:50:04,22,2,0,24
2022-07-06T02:00:36,22,2,0,24
2022-07-06T02:11:06,22,2,0,24
2022-07-06T02:21:36,22,2,0,24
2022-07-06T02:32:07,22,2,0,24
2022-07-06T02:42:40,22,2,0,24
2022-07-06T02:53:29,22,2,0,24
2022-07-06T03:04:01,22,2,0,24
2022-07-06T03:14:33,22,2,0,24
2022-07-06T03:25:04,22,2,0,24
2022-07-06T03:35:35,22,2,0,24
2022-07-06T03:46:07,22,2,0,24
2022-07-06T03:56:40,22,2,0,24
2022-07-06T04:07:12,22,2,0,24
2022-07-06T04:23:43,22,2,0,24
2022-07-06T04:34:17,22,2,0,24
2022-07-06T04:44:50,22,2,0,24
2022-07-06T04:56:34,22,2,0,24
2022-07-06T05:07:27,22,2,0,24
2022-07-06T05:18:00,22,2,0,24
2022-07-06T05:28:32,22,2,0,24
2022-07-06T05:39:05,22,2,0,24
2022-07-06T05:49:36,22,2,0,24
2022-07-06T06:00:08,22,2,0,24
2022-07-06T06:10:40,22,2,0,24
2022-07-06T06:21:13,22,2,0,24
2022-07-06T06:31:45,22,2,0,24
2022-07-06T06:42:16,22,2,0,24
2022-07-06T06:52:46,22,2,0,24
2022-07-06T07:03:16,22,2,0,24
2022-07-06T07:13:47,22,2,0,24
2022-07-06T07:24:17,22,2,0,24
2022-07-06T07:34:47,22,2,0,24
2022-07-06T07:45:17,22,2,0,24
2022-07-06T07:55:47,22,2,0,24
2022-07-06T08:06:17,22,2,0,24
2022-07-06T08:16:48,22,2,0,24
2022-07-06T08:27:19,22,2,0,24
2022-07-06T08:37:49,22,2,0,24
2022-07-06T08:48:21,22,2,0,24
2022-07-06T08:58:52,22,2,0,24
2022-07-06T09:09:22,22,2,0,24
2022-07-06T09:19:54,22,2,0,24
2022-07-06T09:30:29,22,2,0,24
2022-07-06T09:41:00,22,2,0,24
2022-07-06T09:51:33,22,2,0,24
2022-07-06T10:02:16,22,2,0,24
2022-07-06T10:12:48,22,2,0,24
2022-07-06T10:23:20,22,2,0,24
2022-07-06T10:33:51,22,2,0,24
2022-07-06T10:44:23,22,2,0,24
2022-07-06T10:54:54,22,2,0,24
2022-07-06T11:05:26,22,2,0,24
2022-07-06T11:15:58,22,2,0,24
2022-07-06T11:26:30,22,2,0,24
2022-07-06T11:37:02,22,2,0,24
2022-07-06T11:47:34,22,2,0,24
2022-07-06T11:58:05,22,2,0,24
2022-07-06T12:08:49,22,2,0,24
2022-07-06T12:19:20,22,2,0,24
2022-07-06T12:29:51,22,2,0,24
2022-07-06T12:40:22,22,2,0,24
2022-07-06T12:50:53,22,2,0,24
2022-07-06T13:01:24,22,2,0,24
2022-07-06T13:11:55,22,2,0,24
2022-07-06T13:22:26,22,2,0,24
2022-07-06T13:32:58,22,2,0,24
2022-07-06T13:43:30,22,2,0,24
2022-07-06T13:54:02,22,2,0,24
2022-07-06T14:04:35,22,2,0,24
2022-07-06T14:15:07,22,2,0,24
2022-07-06T14:25:52,22,2,0,24
2022-07-06T14:36:23,22,2,0,24
2022-07-06T14:46:55,22,2,0,24
2022-07-06T14:57:27,22,2,0,24
2022-07-06T15:07:59,22,2,0,24
2022-07-06T15:18:31,22,2,0,24
2022-07-06T15:29:02,22,2,0,24
2022-07-06T15:39:34,22,2,0,24
2022-07-06T15:50:05,22,2,0,24
2022-07-06T16:00:37,22,2,0,24
2022-07-06T16:11:07,22,2,0,24
2022-07-06T16:21:49,22,2,0,24
2022-07-06T16:32:20,22,2,0,24
2022-07-06T16:42:50,22,2,0,24
2022-07-06T16:53:20,22,2,0,24
2022-07-06T17:03:51,22,2,0,24
2022-07-06T17:14:22,22,2,0,24
2022-07-06T17:24:52,22,2,0,24
2022-07-06T17:35:23,22,2,0,24
2022-07-06T17:45:52,22,2,0,24
2022-07-06T17:56:23,22,2,0,24
2022-07-06T18:06:54,22,2,0,24
2022-07-06T18:17:25,22,2,0,24
2022-07-06T18:27:56,22,2,0,24
2022-07-06T18:38:25,22,2,0,24
2022-07-06T18:48:56,22,2,0,24
2022-07-06T18:59:37,22,2,0,24
2022-07-06T19:10:08,22,2,0,24
2022-07-06T19:20:38,22,2,0,24
2022-07-06T19:31:09,22,2,0,24
2022-07-06T19:41:38,22,2,0,24
2022-07-06T19:52:08,22,2,0,24
2022-07-06T20:02:38,22,2,0,24
2022-07-06T20:13:08,22,2,0,24
2022-07-06T20:23:37,22,2,0,24
2022-07-06T20:34:07,22,2,0,24
2022-07-06T20:44:37,22,2,0,24
2022-07-06T20:55:07,22,2,0,24
2022-07-06T21:05:38,22,2,0,24
2022-07-06T21:16:07,22,2,0,24
2022-07-06T21:26:37,22,2,0,24
2022-07-06T21:37:07,22,2,0,24
2022-07-06T21:47:36,22,2,0,24
2022-07-06T21:58:06,22,2,0,24
2022-07-06T22:08:36,22,2,0,24
2022-07-06T22:19:06,22,2,0,24
2022-07-06T22:29:35,22,2,0,24
2022-07-06T22:40:05,22,2,0,24
2022-07-06T22:50:35,22,2,0,24
2022-07-06T23:01:05,22,2,0,24
2022-07-06T23:11:49,22,2,0,24
2022-07-06T23:22:19,22,2,0,24
2022-07-06T23:32:49,22,2,0,24
2022-07-06T23:43:19,22,2,0,24
2022-07-06T23:53:49,22,2,0,24
2022-07-07T00:04:19,22,2,0,24
2022-07-07T00:14:51,22,2,0,24
2022-07-07T00:25:23,22,2,0,24
2022-07-07T00:35:54,22,2,0,24
2022-07-07T00:46:27,22,2,0,24
2022-07-07T00:56:59,22,2,0,24
2022-07-07T01:07:31,22,2,0,24
2022-07-07T01:18:02,22,2,0,24
2022-07-07T01:28:34,22,2,0,24
2022-07-07T01:39:06,22,2,0,24
2022-07-07T01:49:38,22,2,0,24
2022-07-07T02:00:09,22,2,0,24
2022-07-07T02:10:40,22,2,0,24
2022-07-07T02:21:10,22,2,0,24
2022-07-07T02:31:40,22,2,0,24
2022-07-07T02:42:10,22,2,0,24
2022-07-07T02:52:39,22,2,0,24
2022-07-07T03:03:08,22,2,0,24
2022-07-07T03:13:38,22,2,0,24
2022-07-07T03:24:07,22,2,0,24
2022-07-07T03:34:35,22,2,0,24
2022-07-07T03:45:04,22,2,0,24
2022-07-07T03:57:41,22,2,0,24
2022-07-07T04:08:22,22,2,0,24
2022-07-07T04:19:24,22,2,0,24
2022-07-07T04:30:17,22,2,0,24
2022-07-07T04:40:48,22,2,0,24
2022-07-07T04:51:18,22,2,0,24
2022-07-07T05:01:48,22,2,0,24
2022-07-07T05:12:18,22,2,0,24
2022-07-07T05:22:48,22,2,0,24
2022-07-07T05:33:18,22,2,0,24
2022-07-07T05:43:50,22,2,0,24
2022-07-07T05:54:23,22,2,0,24
2022-07-07T06:04:55,22,2,0,24
2022-07-07T06:15:30,22,2,0,24
2022-07-07T06:26:04,22,2,0,24
2022-07-07T06:36:37,22,2,0,24
2022-07-07T06:47:10,22,2,0,24
2022-07-07T06:57:44,22,2,0,24
2022-07-07T07:08:18,22,2,0,24
2022-07-07T07:18:52,22,2,0,24
2022-07-07T07:29:25,22,2,0,24
2022-07-07T07:39:58,22,2,0,24
2022-07-07T07:50:41,22,2,0,24
2022-07-07T08:01:23,22,2,0,24
2022-07-07T08:12:07,22,2,0,24
2022-07-07T08:22:50,22,2,0,24
2022-07-07T08:33:33,22,2,0,24
2022-07-07T08:44:24,22,2,0,24
2022-07-07T08:55:07,22,2,0,24
2022-07-07T09:05:52,22,2,0,24
2022-07-07T09:16:41,22,2,0,24
2022-07-07T09:27:19,22,2,0,24
2022-07-07T09:37:59,22,2,0,24
2022-07-07T09:48:39,22,2,0,24
2022-07-07T09:59:20,22,2,0,24
2022-07-07T10:10:01,22,2,0,24
2022-07-07T10:20:40,22,2,0,24
2022-07-07T10:31:19,22,2,0,24
2022-07-07T10:41:59,22,2,0,24
2022-07-07T10:52:39,22,2,0,24
2022-07-07T11:03:19,22,2,0,24
2022-07-07T11:14:09,22,2,0,24
2022-07-07T11:24:46,22,2,0,24
2022-07-07T11:35:22,22,2,0,24
2022-07-07T11:45:56,22,2,0,24
2022-07-07T11:56:29,22,2,0,24
2022-07-07T12:07:01,22,2,0,24
2022-07-07T12:17:32,22,2,0,24
2022-07-07T12:28:03,22,2,0,24
2022-07-07T12:38:35,22,2,0,24
2022-07-07T12:49:06,22,2,0,24
2022-07-07T12:59:47,22,2,0,24
2022-07-07T13:10:18,22,2,0,24
2022-07-07T13:20:49,22,2,0,24
2022-07-07T13:31:22,22,2,0,24
2022-07-07T13:41:54,22,2,0,24
2022-07-07T13:52:26,22,2,0,24
2022-07-07T14:02:59,22,2,0,24
2022-07-07T14:13:30,22,2,0,24
2022-07-07T14:24:03,22,2,0,24
2022-07-07T14:34:34,22,2,0,24
2022-07-07T14:45:08,22,2,0,24
2022-07-07T14:55:50,22,2,0,24
2022-07-07T15:06:22,22,2,0,24
2022-07-07T15:16:54,22,2,0,24
2022-07-07T15:27:26,22,2,0,24
2022-07-07T15:37:57,22,2,0,24
2022-07-07T15:48:28,22,2,0,24
2022-07-07T15:59:10,22,2,0,24
2022-07-07T16:09:42,22,2,0,24
2022-07-07T16:20:13,22,2,0,24
2022-07-07T16:30:43,22,2,0,24
2022-07-07T16:41:15,22,2,0,24
2022-07-07T16:51:45,22,2,0,24
2022-07-07T17:02:17,22,2,0,24
2022-07-07T17:12:49,22,2,0,24
2022-07-07T17:23:22,22,2,0,24
2022-07-07T17:33:53,22,2,0,24
2022-07-07T17:44:24,22,2,0,24
2022-07-07T17:55:06,22,2,0,24
2022-07-07T18:05:36,22,2,0,24
2022-07-07T18:16:08,22,2,0,24
2022-07-07T18:26:38,22,2,0,24
2022-07-07T18:37:08,22,2,0,24
2022-07-07T18:47:38,22,2,0,24
2022-07-07T18:58:08,22,2,0,24
2022-07-07T19:08:39,22,2,0,24
2022-07-07T19:19:09,22,2,0,24
2022-07-07T19:29:39,22,2,0,24
2022-07-07T19:40:10,22,2,0,24
2022-07-07T19:50:40,22,2,0,24
2022-07-07T20:01:11,22,2,0,24
2022-07-07T20:11:41,22,2,0,24
2022-07-07T20:22:11,22,2,0,24
2022-07-07T20:32:41,22,2,0,24
2022-07-07T20:43:11,22,2,0,24
2022-07-07T20:53:41,22,2,0,24
2022-07-07T21:04:22,22,2,0,24
2022-07-07T21:14:52,22,2,0,24
2022-07-07T21:25:22,22,2,0,24
2022-07-07T21:35:52,22,2,0,24
2022-07-07T21:46:22,22,2,0,24
2022-07-07T21:56:53,22,2,0,24
2022-07-07T22:07:34,22,2,0,24
2022-07-07T22:18:05,22,2,0,24
2022-07-07T22:28:37,22,2,0,24
2022-07-07T22:39:07,22,2,0,24
2022-07-07T22:49:37,22,2,0,24
2022-07-07T23:00:07,22,2,0,24
2022-07-07T23:10:38,22,2,0,24
2022-07-07T23:21:09,22,2,0,24
2022-07-07T23:31:40,22,2,0,24
2022-07-07T23:42:10,22,2,0,24
2022-07-07T23:52:40,22,2,0,24
2022-07-08T00:03:11,22,2,0,24
2022-07-08T00:13:43,22,2,0,24
2022-07-08T00:24:16,22,2,0,24
2022-07-08T00:34:48,22,2,0,24
2022-07-08T00:45:21,22,2,0,24
2022-07-08T00:56:04,22,2,0,24
2022-07-08T01:06:38,22,2,0,24
2022-07-08T01:17:11,22,2,0,24
2022-07-08T01:27:45,22,2,0,24
2022-07-08T01:38:17,22,2,0,24
2022-07-08T01:48:49,22,2,0,24
2022-07-08T01:59:20,22,2,0,24
2022-07-08T02:09:52,22,2,0,24
2022-07-08T02:20:26,22,2,0,24
2022-07-08T02:31:08,22,2,0,24
2022-07-08T02:41:41,22,2,0,24
2022-07-08T02:52:13,22,2,0,24
2022-07-08T03:02:46,22,2,0,24
2022-07-08T03:13:18,22,2,0,24
2022-07-08T03:23:49,22,2,0,24
2022-07-08T03:34:20,22,2,0,24
2022-07-08T03:45:06,22,2,0,24
2022-07-08T03:57:50,22,2,0,24
2022-07-08T04:08:23,22,2,0,24
2022-07-08T04:24:03,22,2,0,24
2022-07-08T04:35:00,22,2,0,24
2022-07-08T04:45:33,22,2,0,24
2022-07-08T04:56:07,22,2,0,24
2022-07-08T05:06:41,22,2,0,24
2022-07-08T05:17:17,22,2,0,24
2022-07-08T05:27:50,22,2,0,24
2022-07-08T05:38:24,22,2,0,24
2022-07-08T05:48:56,22,2,0,24
2022-07-08T05:59:30,22,2,0,24
2022-07-08T06:10:04,22,2,0,24
2022-07-08T06:20:36,22,2,0,24
2022-07-08T06:31:08,22,2,0,24
2022-07-08T06:41:39,22,2,0,24
2022-07-08T06:52:09,22,2,0,24
2022-07-08T07:02:40,22,2,0,24
2022-07-08T07:13:11,22,2,0,24
2022-07-08T07:23:42,22,2,0,24
2022-07-08T07:34:13,22,2,0,24
2022-07-08T07:44:44,22,2,0,24
2022-07-08T07:55:18,22,2,0,24
2022-07-08T08:05:48,22,2,0,24
2022-07-08T08:16:19,22,2,0,24
2022-07-08T08:26:50,22,2,0,24
2022-07-08T08:37:21,22,2,0,24
2022-07-08T08:47:52,22,2,0,24
2022-07-08T08:58:23,22,2,0,24
2022-07-08T09:08:54,22,2,0,24
2022-07-08T09:19:35,22,2,0,24
2022-07-08T09:30:06,22,2,0,24
2022-07-08T09:40:37,22,2,0,24
2022-07-08T09:51:11,22,2,0,24
2022-07-08T10:01:43,22,2,0,24
2022-07-08T10:12:14,22,2,0,24
2022-07-08T10:22:45,22,2,0,24
2022-07-08T10:33:16,22,2,0,24
2022-07-08T10:43:47,22,2,0,24
2022-07-08T10:54:19,22,2,0,24
2022-07-08T11:04:50,22,2,0,24
2022-07-08T11:15:21,22,2,0,24
2022-07-08T11:25:53,22,2,0,24
2022-07-08T11:36:24,22,2,0,24
2022-07-08T11:46:55,22,2,0,24
2022-07-08T11:57:39,22,2,0,24
2022-07-08T12:08:11,22,2,0,24
2022-07-08T12:18:42,22,2,0,24
2022-07-08T12:29:13,22,2,0,24
2022-07-08T12:39:44,22,2,0,24
2022-07-08T12:50:15,22,2,0,24
2022-07-08T13:00:48,22,2,0,24
2022-07-08T13:11:22,22,2,0,24
2022-07-08T13:21:55,22,2,0,24
2022-07-08T13:32:28,22,2,0,24
2022-07-08T13:43:10,22,2,0,24
2022-07-08T13:53:42,22,2,0,24
2022-07-08T14:04:14,22,2,0,24
2022-07-08T14:14:46,22,2,0,24
2022-07-08T14:25:17,22,2,0,24
2022-07-08T14:35:48,22,2,0,24
2022-07-08T14:46:20,22,2,0,24
2022-07-08T14:56:51,22,2,0,24
2022-07-08T15:07:22,22,2,0,24
2022-07-08T15:17:53,22,2,0,24
2022-07-08T15:28:34,22,2,0,24
2022-07-08T15:39:06,22,2,0,24
2022-07-08T15:49:37,22,2,0,24
2022-07-08T16:00:09,22,2,0,24
2022-07-08T16:10:39,22,2,0,24
2022-07-08T16:21:09,22,2,0,24
2022-07-08T16:31:40,22,2,0,24
2022-07-08T16:42:11,22,2,0,24
2022-07-08T16:52:41,22,2,0,24
2022-07-08T17:03:11,22,2,0,24
2022-07-08T17:13:43,22,2,0,24
2022-07-08T17:24:13,22,2,0,24
2022-07-08T17:34:54,22,2,0,24
2022-07-08T17:45:24,22,2,0,24
2022-07-08T17:55:54,22,2,0,24
2022-07-08T18:06:26,22,2,0,24
2022-07-08T18:16:57,22,2,0,24
2022-07-08T18:27:26,22,2,0,24
2022-07-08T18:37:57,22,2,0,24
2022-07-08T18:48:27,22,2,0,24
2022-07-08T18:58:57,22,2,0,24
2022-07-08T19:09:28,22,2,0,24
2022-07-08T19:19:59,22,2,0,24
2022-07-08T19:30:30,22,2,0,24
2022-07-08T19:41:01,22,2,0,24
2022-07-08T19:51:30,22,2,0,24
2022-07-08T20:02:12,22,2,0,24
2022-07-08T20:12:42,22,2,0,24
2022-07-08T20:23:12,22,2,0,24
2022-07-08T20:33:42,22,2,0,24
2022-07-08T20:44:11,22,2,0,24
2022-07-08T20:54:42,22,2,0,24
2022-07-08T21:05:12,22,2,0,24
2022-07-08T21:15:42,22,2,0,24
2022-07-08T21:26:12,22,2,0,24
2022-07-08T21:36:42,22,2,0,24
2022-07-08T21:47:12,22,2,0,24
2022-07-08T21:57:44,22,2,0,24
2022-07-08T22:08:14,22,2,0,24
2022-07-08T22:18:44,22,2,0,24
2022-07-08T22:29:14,22,2,0,24
2022-07-08T22:39:45,22,2,0,24
2022-07-08T22:50:29,22,2,0,24
2022-07-08T23:01:09,22,2,0,24
2022-07-08T23:11:40,22,2,0,24
2022-07-08T23:22:11,22,2,0,24
2022-07-08T23:32:41,22,2,0,24
2022-07-08T23:43:11,22,2,0,24
2022-07-08T23:53:41,22,2,0,24
2022-07-09T00:04:12,22,2,0,24
2022-07-09T00:14:44,22,2,0,24
2022-07-09T00:25:16,22,2,0,24
2022-07-09T00:35:48,22,2,0,24
2022-07-09T00:46:20,22,2,0,24
2022-07-09T00:56:54,22,2,0,24
2022-07-09T01:07:26,22,2,0,24
2022-07-09T01:18:00,22,2,0,24
2022-07-09T01:28:32,22,2,0,24
2022-07-09T01:39:05,22,2,0,24
2022-07-09T01:49:37,22,2,0,24
2022-07-09T02:00:10,22,2,0,24
2022-07-09T02:10:42,22,2,0,24
2022-07-09T02:21:21,22,2,0,24
2022-07-09T02:31:51,22,2,0,24
2022-07-09T02:42:20,22,2,0,24
2022-07-09T02:52:50,22,2,0,24
2022-07-09T03:03:20,22,2,0,24
2022-07-09T03:13:50,22,2,0,24
2022-07-09T03:24:19,22,2,0,24
2022-07-09T03:34:49,22,2,0,24
2022-07-09T03:45:20,22,2,0,24
2022-07-09T03:55:52,22,2,0,24
2022-07-09T04:06:25,22,2,0,24
2022-07-09T04:25:12,22,2,0,24
2022-07-09T04:35:47,22,2,0,24
2022-07-09T04:46:21,22,2,0,24
2022-07-09T04:56:54,22,2,0,24
2022-07-09T05:07:27,22,2,0,24
2022-07-09T05:18:12,22,2,0,24
2022-07-09T05:28:46,22,2,0,24
2022-07-09T05:39:19,22,2,0,24
2022-07-09T05:49:54,22,2,0,24
2022-07-09T06:00:27,22,2,0,24
2022-07-09T06:10:59,22,2,0,24
2022-07-09T06:21:32,22,2,0,24
2022-07-09T06:32:04,22,2,0,24
2022-07-09T06:42:37,22,2,0,24
2022-07-09T06:53:09,22,2,0,24
2022-07-09T07:03:41,22,2,0,24
2022-07-09T07:14:14,22,2,0,24
2022-07-09T07:24:47,22,2,0,24
2022-07-09T07:35:19,22,2,0,24
2022-07-09T07:45:53,22,2,0,24
2022-07-09T07:56:27,22,2,0,24
2022-07-09T08:07:01,22,2,0,24
2022-07-09T08:17:34,22,2,0,24
2022-07-09T08:28:06,22,2,0,24
2022-07-09T08:38:38,22,2,0,24
2022-07-09T08:56:40,22,2,0,24
2022-07-09T09:17:28,22,2,0,24
2022-07-09T09:38:48,22,2,0,24
2022-07-09T10:00:29,22,2,0,24
2022-07-09T10:21:18,22,2,0,24
2022-07-09T10:37:50,22,2,0,24
2022-07-09T10:48:22,22,2,0,24
2022-07-09T10:58:52,22,2,0,24
2022-07-09T11:09:23,22,2,0,24
2022-07-09T11:19:53,22,2,0,24
2022-07-09T11:30:23,22,2,0,24
2022-07-09T11:41:02,22,2,0,24
2022-07-09T11:51:32,22,2,0,24
2022-07-09T12:02:04,22,2,0,24
2022-07-09T12:12:34,22,2,0,24
2022-07-09T12:23:04,22,2,0,24
2022-07-09T12:33:34,22,2,0,24
2022-07-09T12:44:04,22,2,0,24
2022-07-09T12:54:34,22,2,0,24
2022-07-09T13:05:06,22,2,0,24
2022-07-09T13:15:36,22,2,0,24
2022-07-09T13:26:08,22,2,0,24
2022-07-09T13:36:39,22,2,0,24
2022-07-09T13:47:09,22,2,0,24
2022-07-09T13:57:45,22,2,0,24
2022-07-09T14:08:31,22,2,0,24
2022-07-09T14:19:08,22,2,0,24
2022-07-09T14:29:45,22,2,0,24
2022-07-09T14:40:21,22,2,0,24
2022-07-09T14:50:58,22,2,0,24
2022-07-09T15:01:35,22,2,0,24
2022-07-09T15:12:11,22,2,0,24
2022-07-09T15:22:47,22,2,0,24
2022-07-09T15:33:20,22,2,0,24
2022-07-09T15:43:54,22,2,0,24
2022-07-09T15:54:27,22,2,0,24
2022-07-09T16:05:05,22,2,0,24
2022-07-09T16:15:35,22,2,0,24
2022-07-09T16:26:05,22,2,0,24
2022-07-09T16:36:36,22,2,0,24
2022-07-09T16:47:06,22,2,0,24
2022-07-09T16:57:35,22,2,0,24
2022-07-09T17:08:17,22,2,0,24
2022-07-09T17:18:47,22,2,0,24
2022-07-09T17:29:17,22,2,0,24
2022-07-09T17:39:49,22,2,0,24
2022-07-09T17:50:19,22,2,0,24
2022-07-09T18:00:49,22,2,0,24
2022-07-09T18:11:18,22,2,0,24
2022-07-09T18:21:48,22,2,0,24
2022-07-09T18:32:18,22,2,0,24
2022-07-09T18:42:47,22,2,0,24
2022-07-09T18:53:17,22,2,0,24
2022-07-09T19:03:47,22,2,0,24
2022-07-09T19:14:17,22,2,0,24
2022-07-09T19:24:46,22,2,0,24
2022-07-09T19:35:16,22,2,0,24
2022-07-09T19:45:55,22,2,0,24
2022-07-09T19:56:25,22,2,0,24
2022-07-09T20:06:54,22,2,0,24
2022-07-09T20:17:24,22,2,0,24
2022-07-09T20:27:54,22,2,0,24
2022-07-09T20:38:24,22,2,0,24
2022-07-09T20:48:54,22,2,0,24
2022-07-09T20:59:23,22,2,0,24
2022-07-09T21:09:53,22,2,0,24
2022-07-09T21:20:23,22,2,0,24
2022-07-09T21:30:53,22,2,0,24
2022-07-09T21:41:23,22,2,0,24
2022-07-09T21:51:54,22,2,0,24
2022-07-09T22:02:25,22,2,0,24
2022-07-09T22:12:54,22,2,0,24
2022-07-09T22:23:24,22,2,0,24
2022-07-09T22:34:03,22,2,0,24
2022-07-09T22:44:33,22,2,0,24
2022-07-09T22:55:02,22,2,0,24
2022-07-09T23:05:33,22,2,0,24
2022-07-09T23:16:04,22,2,0,24
2022-07-09T23:26:34,22,2,0,24
2022-07-09T23:37:04,22,2,0,24
2022-07-09T23:47:34,22,2,0,24
2022-07-09T23:58:06,22,2,0,24
2022-07-10T00:08:37,22,2,0,24
2022-07-10T00:19:10,22,2,0,24
2022-07-10T00:29:40,22,2,0,24
2022-07-10T00:40:11,22,2,0,24
2022-07-10T00:50:41,22,2,0,24
2022-07-10T01:01:11,22,2,0,24
2022-07-10T01:11:41,22,2,0,24
2022-07-10T01:22:12,22,2,0,24
2022-07-10T01:32:41,22,2,0,24
2022-07-10T01:43:11,22,2,0,24
2022-07-10T01:53:41,22,2,0,24
2022-07-10T02:04:10,22,2,0,24
2022-07-10T02:14:40,22,2,0,24
2022-07-10T02:25:20,22,2,0,24
2022-07-10T02:35:53,22,2,0,24
2022-07-10T02:46:26,22,2,0,24
2022-07-10T02:56:59,22,2,0,24
2022-07-10T03:07:39,22,2,0,24
2022-07-10T03:18:11,22,2,0,24
2022-07-10T03:28:46,22,2,0,24
2022-07-10T03:39:19,22,2,0,24
2022-07-10T03:49:52,22,2,0,24
2022-07-10T04:00:25,22,2,0,24
2022-07-10T04:10:58,22,2,0,24
2022-07-10T04:26:36,22,2,0,24
2022-07-10T04:37:32,22,2,0,24
2022-07-10T04:48:05,22,2,0,24
2022-07-10T04:58:37,22,2,0,24
2022-07-10T05:09:15,22,2,0,24
2022-07-10T05:19:48,22,2,0,24
2022-07-10T05:30:21,22,2,0,24
2022-07-10T05:40:53,22,2,0,24
2022-07-10T05:51:27,22,2,0,24
2022-07-10T06:02:00,22,2,0,24
2022-07-10T06:12:33,22,2,0,24
2022-07-10T06:23:06,22,2,0,24
2022-07-10T06:33:38,22,2,0,24
2022-07-10T06:44:10,22,2,0,24
2022-07-10T06:54:42,22,2,0,24
2022-07-10T07:05:12,22,2,0,24
2022-07-10T07:15:43,22,2,0,24
2022-07-10T07:26:13,22,2,0,24
2022-07-10T07:36:44,22,2,0,24
2022-07-10T07:47:14,22,2,0,24
2022-07-10T07:57:45,22,2,0,24
2022-07-10T08:08:16,22,2,0,24
2022-07-10T08:18:46,22,2,0,24
2022-07-10T08:29:17,22,2,0,24
2022-07-10T08:39:59,22,2,0,24
2022-07-10T08:50:29,22,2,0,24
2022-07-10T09:00:59,22,2,0,24
2022-07-10T09:11:29,22,2,0,24
2022-07-10T09:21:59,22,2,0,24
2022-07-10T09:32:29,22,2,0,24
2022-07-10T09:42:58,22,2,0,24
2022-07-10T09:53:29,22,2,0,24
2022-07-10T10:04:00,22,2,0,24
2022-07-10T10:14:30,22,2,0,24
2022-07-10T10:25:02,22,2,0,24
2022-07-10T10:35:32,22,2,0,24
2022-07-10T10:46:03,22,2,0,24
2022-07-10T10:56:44,22,2,0,24
2022-07-10T11:07:15,22,2,0,24
2022-07-10T11:17:51,22,2,0,24
2022-07-10T11:28:21,22,2,0,24
2022-07-10T11:38:52,22,2,0,24
2022-07-10T11:49:24,22,2,0,24
2022-07-10T11:59:55,22,2,0,24
2022-07-10T12:10:25,22,2,0,24
2022-07-10T12:20:55,22,2,0,24
2022-07-10T12:31:25,22,2,0,24
2022-07-10T12:41:55,22,2,0,24
2022-07-10T12:52:25,22,2,0,24
2022-07-10T13:02:55,22,2,0,24
2022-07-10T13:13:26,22,2,0,24
2022-07-10T13:23:56,22,2,0,24
2022-07-10T13:34:26,22,2,0,24
2022-07-10T13:45:06,22,2,0,24
2022-07-10T13:55:36,22,2,0,24
2022-07-10T14:06:06,22,2,0,24
2022-07-10T14:16:36,22,2,0,24
2022-07-10T14:27:06,22,2,0,24
2022-07-10T14:37:36,22,2,0,24
2022-07-10T14:48:06,22,2,0,24
2022-07-10T14:58:36,22,2,0,24
2022-07-10T15:09:06,22,2,0,24
2022-07-10T15:19:36,22,2,0,24
2022-07-10T15:30:06,22,2,0,24
2022-07-10T15:40:36,22,2,0,24
2022-07-10T15:51:06,22,2,0,24
2022-07-10T16:01:37,22,2,0,24
2022-07-10T16:12:07,22,2,0,24
2022-07-10T16:22:37,22,2,0,24
2022-07-10T16:33:17,22,2,0,24
2022-07-10T16:43:48,22,2,0,24
2022-07-10T16:54:19,22,2,0,24
2022-07-10T17:04:49,22,2,0,24
2022-07-10T17:15:20,22,2,0,24
2022-07-10T17:25:50,22,2,0,24
2022-07-10T17:36:21,22,2,0,24
2022-07-10T17:46:51,22,2,0,24
2022-07-10T17:57:22,22,2,0,24
2022-07-10T18:07:52,22,2,0,24
2022-07-10T18:18:23,22,2,0,24
2022-07-10T18:28:53,22,2,0,24
2022-07-10T18:39:22,22,2,0,24
2022-07-10T18:49:53,22,2,0,24
2022-07-10T19:00:23,22,2,0,24
2022-07-10T19:10:55,22,2,0,24
2022-07-10T19:21:25,22,2,0,24
2022-07-10T19:31:56,22,2,0,24
2022-07-10T19:42:27,22,2,0,24
2022-07-10T19:53:07,22,2,0,24
2022-07-10T20:03:38,22,2,0,24
2022-07-10T20:14:09,22,2,0,24
2022-07-10T20:24:39,22,2,0,24
2022-07-10T20:35:09,22,2,0,24
2022-07-10T20:45:39,22,2,0,24
2022-07-10T20:56:09,22,2,0,24
2022-07-10T21:06:39,22,2,0,24
2022-07-10T21:17:10,22,2,0,24
2022-07-10T21:27:41,22,2,0,24
2022-07-10T21:38:12,22,2,0,24
2022-07-10T21:48:43,22,2,0,24
2022-07-10T21:59:13,22,2,0,24
2022-07-10T22:09:43,22,2,0,24
2022-07-10T22:20:13,22,2,0,24
2022-07-10T22:30:55,22,2,0,24
2022-07-10T22:41:25,22,2,0,24
2022-07-10T22:51:54,22,2,0,24
2022-07-10T23:02:25,22,2,0,24
2022-07-10T23:12:56,22,2,0,24
2022-07-10T23:23:27,22,2,0,24
2022-07-10T23:33:58,22,2,0,24
2022-07-10T23:44:28,22,2,0,24
2022-07-10T23:54:58,22,2,0,24
2022-07-11T00:05:29,22,2,0,24
2022-07-11T00:16:05,22,2,0,24
2022-07-11T00:26:39,22,2,0,24
2022-07-11T00:37:12,22,2,0,24
2022-07-11T00:47:43,22,2,0,24
2022-07-11T00:58:14,22,2,0,24
2022-07-11T01:09:01,22,2,0,24
2022-07-11T01:19:34,22,2,0,24
2022-07-11T01:30:07,22,2,0,24
2022-07-11T01:40:40,22,2,0,24
2022-07-11T01:51:11,22,2,0,24
2022-07-11T02:01:44,22,2,0,24
2022-07-11T02:12:27,22,2,0,24
2022-07-11T02:22:58,22,2,0,24
2022-07-11T02:33:30,22,2,0,24
2022-07-11T02:44:02,22,2,0,24
2022-07-11T02:54:32,22,2,0,24
2022-07-11T03:05:02,22,2,0,24
2022-07-11T03:15:33,22,2,0,24
2022-07-11T03:26:04,22,2,0,24
2022-07-11T03:36:35,22,2,0,24
2022-07-11T03:49:45,22,2,0,24
2022-07-11T04:00:23,22,2,0,24
2022-07-11T04:10:55,22,2,0,24
2022-07-11T04:26:51,22,2,0,24
2022-07-11T04:37:56,22,2,0,24
2022-07-11T04:48:29,22,2,0,24
2022-07-11T04:59:02,22,2,0,24
2022-07-11T05:09:37,22,2,0,24
2022-07-11T05:20:10,22,2,0,24
2022-07-11T05:30:44,22,2,0,24
2022-07-11T05:41:16,22,2,0,24
2022-07-11T05:51:47,22,2,0,24
2022-07-11T06:02:21,22,2,0,24
2022-07-11T06:12:53,22,2,0,24
2022-07-11T06:23:25,22,2,0,24
2022-07-11T06:33:56,22,2,0,24
2022-07-11T06:44:27,22,2,0,24
2022-07-11T06:54:58,22,2,0,24
2022-07-11T07:05:29,22,2,0,24
2022-07-11T07:16:01,22,2,0,24
2022-07-11T07:26:32,22,2,0,24
2022-07-11T07:37:11,22,2,0,24
2022-07-11T07:47:42,22,2,0,24
2022-07-11T07:58:12,22,2,0,24
2022-07-11T08:08:44,22,2,0,24
2022-07-11T08:19:15,22,2,0,24
2022-07-11T08:29:48,22,2,0,24
2022-07-11T08:40:19,22,2,0,24
2022-07-11T08:50:51,22,2,0,24
2022-07-11T09:01:22,22,2,0,24
2022-07-11T09:11:53,22,2,0,24
2022-07-11T09:22:25,22,2,0,24
2022-07-11T09:32:56,22,2,0,24
2022-07-11T09:43:28,22,2,0,24
2022-07-11T09:54:00,22,2,0,24
2022-07-11T10:04:34,22,2,0,24
2022-07-11T10:15:05,22,2,0,24
2022-07-11T10:25:37,22,2,0,24
2022-07-11T10:36:09,22,2,0,24
2022-07-11T10:46:40,22,2,0,24
2022-07-11T10:57:25,22,2,0,24
2022-07-11T11:07:58,22,2,0,24
2022-07-11T11:18:33,22,2,0,24
2022-07-11T11:29:10,22,2,0,24
2022-07-11T11:39:43,22,2,0,24
2022-07-11T11:50:15,22,2,0,24
2022-07-11T12:00:46,22,2,0,24
2022-07-11T12:11:18,22,2,0,24
2022-07-11T12:21:49,22,2,0,24
2022-07-11T12:32:20,22,2,0,24
2022-07-11T12:43:01,22,2,0,24
2022-07-11T12:53:32,22,2,0,24
2022-07-11T13:04:04,22,2,0,24
2022-07-11T13:14:36,22,2,0,24
2022-07-11T13:25:07,22,2,0,24
2022-07-11T13:35:39,22,2,0,24
2022-07-11T13:46:11,22,2,0,24
2022-07-11T13:56:43,22,2,0,24
2022-07-11T14:07:15,22,2,0,24
2022-07-11T14:17:47,22,2,0,24
2022-07-11T14:28:31,22,2,0,24
2022-07-11T14:39:03,22,2,0,24
2022-07-11T14:49:34,22,2,0,24
2022-07-11T15:00:06,22,2,0,24
2022-07-11T15:10:40,22,2,0,24
2022-07-11T15:21:12,22,2,0,24
2022-07-11T15:31:44,22,2,0,24
2022-07-11T15:42:16,22,2,0,24
2022-07-11T15:52:49,22,2,0,24
2022-07-11T16:03:21,22,2,0,24
2022-07-11T16:13:52,22,2,0,24
2022-07-11T16:24:23,22,2,0,24
2022-07-11T16:34:54,22,2,0,24
2022-07-11T16:45:25,22,2,0,24
2022-07-11T16:55:56,22,2,0,24
2022-07-11T17:06:37,22,2,0,24
2022-07-11T17:17:09,22,2,0,24
2022-07-11T17:27:41,22,2,0,24
2022-07-11T17:38:12,22,2,0,24
2022-07-11T17:48:43,22,2,0,24
2022-07-11T17:59:14,22,2,0,24
2022-07-11T18:09:44,22,2,0,24
2022-07-11T18:20:15,22,2,0,24
2022-07-11T18:30:45,22,2,0,24
2022-07-11T18:41:17,22,2,0,24
2022-07-11T18:51:48,22,2,0,24
2022-07-11T19:02:19,22,2,0,24
2022-07-11T19:12:50,22,2,0,24
2022-07-11T19:23:21,22,2,0,24
2022-07-11T19:34:01,22,2,0,24
2022-07-11T19:44:31,22,2,0,24
2022-07-11T19:55:01,22,2,0,24
2022-07-11T20:05:31,22,2,0,24
2022-07-11T20:16:01,22,2,0,24
2022-07-11T20:26:32,22,2,0,24
2022-07-11T20:37:03,22,2,0,24
2022-07-11T20:47:33,22,2,0,24
2022-07-11T20:58:03,22,2,0,24
2022-07-11T21:08:33,22,2,0,24
2022-07-11T21:19:06,22,2,0,24
2022-07-11T21:29:47,22,2,0,24
2022-07-11T21:40:17,22,2,0,24
2022-07-11T21:50:50,22,2,0,24
2022-07-11T22:01:20,22,2,0,24
2022-07-11T22:11:51,22,2,0,24
2022-07-11T22:22:21,22,2,0,24
2022-07-11T22:32:51,22,2,0,24
2022-07-11T22:43:22,22,2,0,24
2022-07-11T22:53:51,22,2,0,24
2022-07-11T23:04:22,22,2,0,24
2022-07-11T23:14:53,22,2,0,24
2022-07-11T23:25:34,22,2,0,24
2022-07-11T23:36:05,22,2,0,24
2022-07-11T23:46:35,22,2,0,24
2022-07-11T23:57:05,22,2,0,24
2022-07-12T00:07:36,22,2,0,24
2022-07-12T00:18:12,22,2,0,24
2022-07-12T00:28:45,22,2,0,24
2022-07-12T00:39:19,22,2,0,24
2022-07-12T00:49:51,22,2,0,24
2022-07-12T01:00:25,22,2,0,24
2022-07-12T01:10:57,22,2,0,24
2022-07-12T01:21:40,22,2,0,24
2022-07-12T01:32:13,22,2,0,24
2022-07-12T01:42:45,22,2,0,24
2022-07-12T01:53:16,22,2,0,24
2022-07-12T02:03:48,22,2,0,24
2022-07-12T02:14:19,22,2,0,24
2022-07-12T02:24:51,22,2,0,24
2022-07-12T02:35:22,22,2,0,24
2022-07-12T02:45:52,22,2,0,24
2022-07-12T02:56:22,22,2,0,24
2022-07-12T03:06:52,22,2,0,24
2022-07-12T03:17:23,22,2,0,24
2022-07-12T03:19:41,22,2,0,24
2022-07-12T03:28:36,22,2,0,24
2022-07-12T03:37:31,22,2,0,24
2022-07-12T03:46:27,22,2,0,24
2022-07-12T03:55:23,22,2,0,24
2022-07-12T04:04:22,22,2,0,24
2022-07-12T04:21:05,22,2,0,24
2022-07-12T04:30:30,22,2,0,24
2022-07-12T04:39:28,22,2,0,24
2022-07-12T04:48:25,22,2,0,24
2022-07-12T04:57:21,22,2,0,24
2022-07-12T05:06:17,22,2,0,24
2022-07-12T05:15:12,22,2,0,24
2022-07-12T05:24:07,22,2,0,24
2022-07-12T05:33:03,22,2,0,24
2022-07-12T05:41:59,22,2,0,24
2022-07-12T05:50:57,22,2,0,24
2022-07-12T06:00:03,22,2,0,24
2022-07-12T06:09:01,22,2,0,24
2022-07-12T06:17:59,22,2,0,24
2022-07-12T06:26:55,22,2,0,24
2022-07-12T06:35:52,22,2,0,24
2022-07-12T06:44:52,22,2,0,24
2022-07-12T06:53:50,22,2,0,24
2022-07-12T07:02:49,22,2,0,24
2022-07-12T07:11:46,22,2,0,24
2022-07-12T07:20:43,22,2,0,24
2022-07-12T07:29:39,22,2,0,24
2022-07-12T07:38:34,22,2,0,24
2022-07-12T07:47:31,22,2,0,24
2022-07-12T07:56:28,22,2,0,24
2022-07-12T08:05:24,22,2,0,24
2022-07-12T08:14:21,22,2,0,24
2022-07-12T08:23:18,22,2,0,24
2022-07-12T08:32:16,22,2,0,24
2022-07-12T08:41:13,22,2,0,24
2022-07-12T08:50:11,22,2,0,24
2022-07-12T08:59:08,22,2,0,24
2022-07-12T09:08:06,22,2,0,24
2022-07-12T09:17:14,22,2,0,24
2022-07-12T09:26:11,22,2,0,24
2022-07-12T09:35:06,22,2,0,24
2022-07-12T09:44:02,22,2,0,24
2022-07-12T09:52:59,22,2,0,24
2022-07-12T10:01:55,22,2,0,24
2022-07-12T10:10:51,22,2,0,24
2022-07-12T10:19:48,22,2,0,24
2022-07-12T10:28:45,22,2,0,24
2022-07-12T10:37:42,22,2,0,24
2022-07-12T10:46:39,22,2,0,24
2022-07-12T10:55:36,22,2,0,24
2022-07-12T11:04:33,22,2,0,24
2022-07-12T11:13:30,22,2,0,24
2022-07-12T11:22:39,22,2,0,24
2022-07-12T11:31:35,22,2,0,24
2022-07-12T11:40:32,22,2,0,24
2022-07-12T11:49:28,22,2,0,24
2022-07-12T11:58:24,22,2,0,24
2022-07-12T12:07:21,22,2,0,24
2022-07-12T12:16:17,22,2,0,24
2022-07-12T12:25:12,22,2,0,24
2022-07-12T12:34:08,22,2,0,24
2022-07-12T12:43:04,22,2,0,24
2022-07-12T12:52:00,22,2,0,24
2022-07-12T13:00:57,22,2,0,24
2022-07-12T13:09:52,22,2,0,24
2022-07-12T13:18:59,22,2,0,24
2022-07-12T13:27:56,22,2,0,24
2022-07-12T13:36:52,22,2,0,24
2022-07-12T13:45:48,22,2,0,24
2022-07-12T13:54:45,22,2,0,24
2022-07-12T14:03:41,22,2,0,24
2022-07-12T14:12:38,22,2,0,24
2022-07-12T14:21:34,22,2,0,24
2022-07-12T14:30:30,22,2,0,24
2022-07-12T14:39:26,22,2,0,24
2022-07-12T14:48:22,22,2,0,24
2022-07-12T14:57:28,22,2,0,24
2022-07-12T15:06:25,22,2,0,24
2022-07-12T15:15:21,22,2,0,24
2022-07-12T15:24:18,22,2,0,24
2022-07-12T15:33:14,22,2,0,24
2022-07-12T15:42:11,22,2,0,24
2022-07-12T15:51:08,22,2,0,24
2022-07-12T16:00:06,22,2,0,24
2022-07-12T16:09:13,22,2,0,24
2022-07-12T16:18:08,22,2,0,24
2022-07-12T16:27:04,22,2,0,24
2022-07-12T16:35:59,22,2,0,24
2022-07-12T16:44:55,22,2,0,24
2022-07-12T16:53:51,22,2,0,24
2022-07-12T17:02:57,22,2,0,24
2022-07-12T17:11:53,22,2,0,24
2022-07-12T17:20:49,22,2,0,24
2022-07-12T17:29:44,22,2,0,24
2022-07-12T17:38:39,22,2,0,24
2022-07-12T17:47:34,22,2,0,24
2022-07-12T17:56:29,22,2,0,24
2022-07-12T18:05:24,22,2,0,24
2022-07-12T18:14:19,22,2,0,24
2022-07-12T18:23:16,22,2,0,24
2022-07-12T18:32:11,22,2,0,24
2022-07-12T18:41:06,22,2,0,24
2022-07-12T18:50:01,22,2,0,24
2022-07-12T18:59:07,22,2,0,24
2022-07-12T19:08:02,22,2,0,24
2022-07-12T19:16:57,22,2,0,24
2022-07-12T19:25:53,22,2,0,24
2022-07-12T19:34:49,22,2,0,24
2022-07-12T19:43:44,22,2,0,24
2022-07-12T19:52:39,22,2,0,24
2022-07-12T20:01:33,22,2,0,24
2022-07-12T20:10:28,22,2,0,24
2022-07-12T20:19:24,22,2,0,24
2022-07-12T20:28:18,22,2,0,24
2022-07-12T20:37:13,22,2,0,24
2022-07-12T20:46:07,22,2,0,24
2022-07-12T20:55:02,22,2,0,24
2022-07-12T21:03:58,22,2,0,24
2022-07-12T21:13:03,22,2,0,24
2022-07-12T21:21:57,22,2,0,24
2022-07-12T21:30:51,22,2,0,24
2022-07-12T21:39:45,22,2,0,24
2022-07-12T21:48:40,22,2,0,24
2022-07-12T21:57:44,22,2,0,24
2022-07-12T22:06:38,22,2,0,24
2022-07-12T22:15:32,22,2,0,24
2022-07-12T22:24:27,22,2,0,24
2022-07-12T22:33:22,22,2,0,24
2022-07-12T22:42:17,22,2,0,24
2022-07-12T22:51:11,22,2,0,24
2022-07-12T23:00:05,22,2,0,24
2022-07-12T23:09:10,22,2,0,24
2022-07-12T23:18:05,22,2,0,24
2022-07-12T23:27:00,22,2,0,24
2022-07-12T23:35:55,22,2,0,24
2022-07-12T23:44:49,22,2,0,24
2022-07-12T23:53:44,22,2,0,24
2022-07-13T00:02:39,22,2,0,24
2022-07-13T00:11:33,22,2,0,24
2022-07-13T00:20:30,22,2,0,24
2022-07-13T00:29:27,22,2,0,24
2022-07-13T00:38:23,22,2,0,24
2022-07-13T00:47:20,22,2,0,24
2022-07-13T00:56:27,22,2,0,24
2022-07-13T01:05:24,22,2,0,24
2022-07-13T01:14:23,22,2,0,24
2022-07-13T01:23:21,22,2,0,24
2022-07-13T01:32:19,22,2,0,24
2022-07-13T01:41:15,22,2,0,24
2022-07-13T01:50:13,22,2,0,24
2022-07-13T01:59:11,22,2,0,24
2022-07-13T02:08:08,22,2,0,24
2022-07-13T02:17:03,22,2,0,24
2022-07-13T02:25:59,22,2,0,24
2022-07-13T02:35:06,22,2,0,24
2022-07-13T02:44:02,22,2,0,24
2022-07-13T02:52:59,22,2,0,24
2022-07-13T03:01:55,22,2,0,24
2022-07-13T03:10:52,22,2,0,24
2022-07-13T03:19:47,22,2,0,24
2022-07-13T03:28:42,22,2,0,24
2022-07-13T03:37:38,22,2,0,24
2022-07-13T03:46:35,22,2,0,24
2022-07-13T03:55:31,22,2,0,24
2022-07-13T04:04:28,22,2,0,24
2022-07-13T04:13:25,22,2,0,24
2022-07-13T04:27:32,22,2,0,24
2022-07-13T04:36:53,22,2,0,24
2022-07-13T04:45:50,22,2,0,24
2022-07-13T04:54:48,22,2,0,24
2022-07-13T05:03:46,22,2,0,24
2022-07-13T05:12:44,22,2,0,24
2022-07-13T05:21:43,22,2,0,24
2022-07-13T05:30:39,22,2,0,24
2022-07-13T05:39:41,22,2,0,24
2022-07-13T05:48:38,22,2,0,24
2022-07-13T05:57:35,22,2,0,24
2022-07-13T06:06:33,22,2,0,24
2022-07-13T06:15:30,22,2,0,24
2022-07-13T06:24:28,22,2,0,24
2022-07-13T06:33:24,22,2,0,24
2022-07-13T06:42:20,22,2,0,24
2022-07-13T06:51:25,22,2,0,24
2022-07-13T07:00:20,22,2,0,24
2022-07-13T07:09:16,22,2,0,24
2022-07-13T07:18:12,22,2,0,24
2022-07-13T07:27:07,22,2,0,24
2022-07-13T07:36:02,22,2,0,24
2022-07-13T07:44:58,22,2,0,24
2022-07-13T07:53:52,22,2,0,24
2022-07-13T08:02:48,22,2,0,24
2022-07-13T08:11:43,22,2,0,24
2022-07-13T08:20:39,22,2,0,24
2022-07-13T08:29:35,22,2,0,24
2022-07-13T08:38:31,22,2,0,24
2022-07-13T08:47:26,22,2,0,24
2022-07-13T08:56:22,22,2,0,24
2022-07-13T09:05:19,22,2,0,24
2022-07-13T09:14:15,22,2,0,24
2022-07-13T09:23:11,22,2,0,24
2022-07-13T09:32:07,22,2,0,24
2022-07-13T09:41:03,22,2,0,24
2022-07-13T09:50:09,22,2,0,24
2022-07-13T09:59:06,22,2,0,24
2022-07-13T10:08:02,22,2,0,24
2022-07-13T10:17:00,22,2,0,24
2022-07-13T10:25:57,22,2,0,24
2022-07-13T10:34:53,22,2,0,24
2022-07-13T10:43:50,22,2,0,24
2022-07-13T10:52:46,22,2,0,24
2022-07-13T11:01:43,22,2,0,24
2022-07-13T11:10:48,22,2,0,24
2022-07-13T11:19:44,22,2,0,24
2022-07-13T11:28:40,22,2,0,24
2022-07-13T11:37:36,22,2,0,24
2022-07-13T11:46:31,22,2,0,24
2022-07-13T11:55:27,22,2,0,24
2022-07-13T12:04:23,22,2,0,24
2022-07-13T12:13:19,22,2,0,24
2022-07-13T12:22:14,22,2,0,24
2022-07-13T12:31:10,22,2,0,24
2022-07-13T12:40:06,22,2,0,24
2022-07-13T12:49:02,22,2,0,24
2022-07-13T12:57:58,22,2,0,24
2022-07-13T13:07:05,22,2,0,24
2022-07-13T13:16:01,22,2,0,24
2022-07-13T13:24:57,22,2,0,24
2022-07-13T13:33:54,22,2,0,24
2022-07-13T13:42:53,22,2,0,24
2022-07-13T13:51:49,22,2,0,24
2022-07-13T14:00:45,22,2,0,24
2022-07-13T14:09:41,22,2,0,24
2022-07-13T14:18:38,22,2,0,24
2022-07-13T14:27:45,22,2,0,24
2022-07-13T14:36:42,22,2,0,24
2022-07-13T14:45:38,22,2,0,24
2022-07-13T14:54:35,22,2,0,24
2022-07-13T15:03:31,22,2,0,24
2022-07-13T15:12:27,22,2,0,24
2022-07-13T15:21:23,22,2,0,24
2022-07-13T15:30:19,22,2,0,24
2022-07-13T15:39:15,22,2,0,24
2022-07-13T15:48:11,22,2,0,24
2022-07-13T15:57:19,22,2,0,24
2022-07-13T16:06:15,22,2,0,24
2022-07-13T16:15:10,22,2,0,24
2022-07-13T16:24:05,22,2,0,24
2022-07-13T16:33:01,22,2,0,24
2022-07-13T16:41:56,22,2,0,24
2022-07-13T16:50:51,22,2,0,24
2022-07-13T16:59:56,22,2,0,24
2022-07-13T17:08:52,22,2,0,24
2022-07-13T17:17:48,22,2,0,24
2022-07-13T17:26:43,22,2,0,24
2022-07-13T17:35:38,22,2,0,24
2022-07-13T17:44:34,22,2,0,24
2022-07-13T17:53:29,22,2,0,24
2022-07-13T18:02:24,22,2,0,24
2022-07-13T18:11:19,22,2,0,24
2022-07-13T18:20:14,22,2,0,24
2022-07-13T18:29:09,22,2,0,24
2022-07-13T18:38:04,22,2,0,24
2022-07-13T18:46:59,22,2,0,24
2022-07-13T18:56:04,22,2,0,24
2022-07-13T19:05:00,22,2,0,24
2022-07-13T19:13:55,22,2,0,24
2022-07-13T19:22:50,22,2,0,24
2022-07-13T19:31:45,22,2,0,24
2022-07-13T19:40:41,22,2,0,24
2022-07-13T19:49:35,22,2,0,24
2022-07-13T19:58:30,22,2,0,24
2022-07-13T20:07:24,22,2,0,24
2022-07-13T20:16:19,22,2,0,24
2022-07-13T20:25:14,22,2,0,24
2022-07-13T20:34:08,22,2,0,24
2022-07-13T20:43:03,22,2,0,24
2022-07-13T20:51:58,22,2,0,24
2022-07-13T21:00:52,22,2,0,24
2022-07-13T21:09:47,22,2,0,24
2022-07-13T21:18:42,22,2,0,24
2022-07-13T21:27:48,22,2,0,24
2022-07-13T21:36:44,22,2,0,24
2022-07-13T21:45:39,22,2,0,24
2022-07-13T21:54:36,22,2,0,24
2022-07-13T22:03:31,22,2,0,24
2022-07-13T22:12:25,22,2,0,24
2022-07-13T22:21:20,22,2,0,24
2022-07-13T22:30:15,22,2,0,24
2022-07-13T22:39:09,22,2,0,24
2022-07-13T22:48:04,22,2,0,24
2022-07-13T22:56:59,22,2,0,24
2022-07-13T23:05:56,22,2,0,24
2022-07-13T23:14:51,22,2,0,24
2022-07-13T23:23:46,22,2,0,24
2022-07-13T23:32:42,22,2,0,24
2022-07-13T23:41:37,22,2,0,24
2022-07-13T23:50:31,22,2,0,24
2022-07-13T23:59:26,22,2,0,24
2022-07-14T00:08:21,22,2,0,24
2022-07-14T00:17:30,22,2,0,24
2022-07-14T00:26:27,22,2,0,24
2022-07-14T00:35:25,22,2,0,24
2022-07-14T00:44:23,22,2,0,24
2022-07-14T00:53:21,22,2,0,24
2022-07-14T01:02:19,22,2,0,24
2022-07-14T01:11:15,22,2,0,24
2022-07-14T01:20:12,22,2,0,24
2022-07-14T01:29:10,22,2,0,24
2022-07-14T01:38:07,22,2,0,24
2022-07-14T01:47:04,22,2,0,24
2022-07-14T01:56:01,22,2,0,24
2022-07-14T02:04:57,22,2,0,24
2022-07-14T02:13:53,22,2,0,24
2022-07-14T02:22:48,22,2,0,24
2022-07-14T02:31:42,22,2,0,24
2022-07-14T02:40:37,22,2,0,24
2022-07-14T02:49:32,22,2,0,24
2022-07-14T02:58:26,22,2,0,24
2022-07-14T03:07:34,22,2,0,24
2022-07-14T03:16:28,22,2,0,24
2022-07-14T03:25:22,22,2,0,24
2022-07-14T03:34:16,22,2,0,24
2022-07-14T03:43:11,22,2,0,24
2022-07-14T03:52:07,22,2,0,24
2022-07-14T04:03:14,22,2,0,24
2022-07-14T04:12:49,22,2,0,24
2022-07-14T04:25:33,22,2,0,24
2022-07-14T04:34:54,22,2,0,24
2022-07-14T04:43:52,22,2,0,24
2022-07-14T04:52:50,22,2,0,24
2022-07-14T05:01:48,22,2,0,24
2022-07-14T05:10:45,22,2,0,24
2022-07-14T05:19:43,22,2,0,24
2022-07-14T05:28:41,22,2,0,24
2022-07-14T05:37:38,22,2,0,24
2022-07-14T05:46:35,22,2,0,24
2022-07-14T05:55:31,22,2,0,24
2022-07-14T06:04:27,22,2,0,24
2022-07-14T06:13:24,22,2,0,24
2022-07-14T06:22:22,22,2,0,24
2022-07-14T06:31:19,22,2,0,24
2022-07-14T06:40:16,22,2,0,24
2022-07-14T06:49:12,22,2,0,24
2022-07-14T06:58:09,22,2,0,24
2022-07-14T07:07:07,22,2,0,24
2022-07-14T07:16:04,22,2,0,24
2022-07-14T07:25:01,22,2,0,24
2022-07-14T07:34:02,22,2,0,24
2022-07-14T07:43:00,22,2,0,24
2022-07-14T07:51:57,22,2,0,24
2022-07-14T08:00:53,22,2,0,24
2022-07-14T08:09:49,22,2,0,24
2022-07-14T08:18:45,22,2,0,24
2022-07-14T08:27:42,22,2,0,24
2022-07-14T08:36:38,22,2,0,24
2022-07-14T08:45:33,22,2,0,24
2022-07-14T08:54:40,22,2,0,24
2022-07-14T09:03:37,22,2,0,24
2022-07-14T09:12:33,22,2,0,24
2022-07-14T09:21:29,22,2,0,24
2022-07-14T09:30:25,22,2,0,24
2022-07-14T09:39:22,22,2,0,24
2022-07-14T09:48:18,22,2,0,24
2022-07-14T09:57:14,22,2,0,24
2022-07-14T10:06:11,22,2,0,24
2022-07-14T10:15:07,22,2,0,24
2022-07-14T10:24:04,22,2,0,24
2022-07-14T10:33:01,22,2,0,24
2022-07-14T10:41:58,22,2,0,24
2022-07-14T10:51:07,22,2,0,24
2022-07-14T11:00:03,22,2,0,24
2022-07-14T11:08:59,22,2,0,24
2022-07-14T11:17:55,22,2,0,24
2022-07-14T11:26:52,22,2,0,24
2022-07-14T11:35:48,22,2,0,24
2022-07-14T11:44:44,22,2,0,24
2022-07-14T11:53:41,22,2,0,24
2022-07-14T12:02:38,22,2,0,24
2022-07-14T12:11:34,22,2,0,24
2022-07-14T12:20:30,22,2,0,24
2022-07-14T12:29:27,22,2,0,24
2022-07-14T12:38:23,22,2,0,24
2022-07-14T12:47:19,22,2,0,24
2022-07-14T12:56:14,22,2,0,24
2022-07-14T13:05:22,22,2,0,24
2022-07-14T13:14:19,22,2,0,24
2022-07-14T13:23:22,22,2,0,24
2022-07-14T13:32:31,22,2,0,24
2022-07-14T13:41:42,22,2,0,24
2022-07-14T13:50:56,22,2,0,24
2022-07-14T14:00:07,22,2,0,24
2022-07-14T14:09:17,22,2,0,24
2022-07-14T14:18:26,22,2,0,24
2022-07-14T14:27:33,22,2,0,24
2022-07-14T14:36:39,22,2,0,24
2022-07-14T14:45:45,22,2,0,24
2022-07-14T14:54:52,22,2,0,24
2022-07-14T15:04:04,22,2,0,24
2022-07-14T15:13:12,22,2,0,24
2022-07-14T15:22:29,22,2,0,24
2022-07-14T15:31:35,22,2,0,24
2022-07-14T15:40:42,22,2,0,24
2022-07-14T15:49:47,22,2,0,24
2022-07-14T15:58:53,22,2,0,24
2022-07-14T16:07:59,22,2,0,24
2022-07-14T16:17:03,22,2,0,24
2022-07-14T16:26:06,22,2,0,24
2022-07-14T16:35:06,22,2,0,24
2022-07-14T16:44:04,22,2,0,24
2022-07-14T16:53:00,22,2,0,24
2022-07-14T17:01:55,22,2,0,24
2022-07-14T17:10:51,22,2,0,24
2022-07-14T17:19:46,22,2,0,24
2022-07-14T17:28:41,22,2,0,24
2022-07-14T17:37:48,22,2,0,24
2022-07-14T17:46:43,22,2,0,24
2022-07-14T17:55:39,22,2,0,24
2022-07-14T18:04:34,22,2,0,24
2022-07-14T18:13:29,22,2,0,24
2022-07-14T18:22:23,22,2,0,24
2022-07-14T18:31:18,22,2,0,24
2022-07-14T18:40:13,22,2,0,24
2022-07-14T18:49:08,22,2,0,24
2022-07-14T18:58:03,22,2,0,24
2022-07-14T19:07:11,22,2,0,24
2022-07-14T19:16:07,22,2,0,24
2022-07-14T19:25:02,22,2,0,24
2022-07-14T19:33:57,22,2,0,24
2022-07-14T19:42:52,22,2,0,24
2022-07-14T19:51:46,22,2,0,24
2022-07-14T20:00:41,22,2,0,24
2022-07-14T20:09:35,22,2,0,24
2022-07-14T20:18:29,22,2,0,24
2022-07-14T20:27:24,22,2,0,24
2022-07-14T20:36:18,22,2,0,24
2022-07-14T20:45:13,22,2,0,24
2022-07-14T20:54:18,22,2,0,24
2022-07-14T21:03:13,22,2,0,24
2022-07-14T21:12:08,22,2,0,24
2022-07-14T21:21:03,22,2,0,24
2022-07-14T21:29:57,22,2,0,24
2022-07-14T21:38:51,22,2,0,24
2022-07-14T21:47:49,22,2,0,24
2022-07-14T21:56:44,22,2,0,24
2022-07-14T22:05:38,22,2,0,24
2022-07-14T22:14:33,22,2,0,24
2022-07-14T22:23:28,22,2,0,24
2022-07-14T22:32:22,22,2,0,24
2022-07-14T22:41:17,22,2,0,24
2022-07-14T22:50:11,22,2,0,24
2022-07-14T22:59:06,22,2,0,24
2022-07-14T23:08:01,22,2,0,24
2022-07-14T23:16:57,22,2,0,24
2022-07-14T23:25:53,22,2,0,24
2022-07-14T23:34:48,22,2,0,24
2022-07-14T23:43:43,22,2,0,24
2022-07-14T23:52:37,22,2,0,24
2022-07-15T00:01:31,22,2,0,24
2022-07-15T00:10:38,22,2,0,24
2022-07-15T00:19:39,22,2,0,24
2022-07-15T00:28:35,22,2,0,24
2022-07-15T00:37:31,22,2,0,24
2022-07-15T00:46:28,22,2,0,24
2022-07-15T00:55:25,22,2,0,24
2022-07-15T01:04:22,22,2,0,24
2022-07-15T01:13:19,22,2,0,24
2022-07-15T01:22:16,22,2,0,24
2022-07-15T01:31:14,22,2,0,24
2022-07-15T01:40:10,22,2,0,24
2022-07-15T01:49:06,22,2,0,24
2022-07-15T01:58:02,22,2,0,24
2022-07-15T02:06:59,22,2,0,24
2022-07-15T02:15:56,22,2,0,24
2022-07-15T02:24:53,22,2,0,24
2022-07-15T02:33:50,22,2,0,24
2022-07-15T02:42:46,22,2,0,24
2022-07-15T02:51:42,22,2,0,24
2022-07-15T03:00:38,22,2,0,24
2022-07-15T03:09:33,22,2,0,24
2022-07-15T03:18:28,22,2,0,24
2022-07-15T03:27:23,22,2,0,24
2022-07-15T03:36:29,22,2,0,24
2022-07-15T03:45:26,22,2,0,24
2022-07-15T03:54:21,22,2,0,24
2022-07-15T04:05:52,22,2,0,24
2022-07-15T04:16:50,22,2,0,24
2022-07-15T04:26:12,22,2,0,24
2022-07-15T04:35:11,22,2,0,24
2022-07-15T04:44:07,22,2,0,24
2022-07-15T04:53:05,22,2,0,24
2022-07-15T05:02:03,22,2,0,24
2022-07-15T05:11:00,22,2,0,24
2022-07-15T05:19:57,22,2,0,24
2022-07-15T05:28:53,22,2,0,24
2022-07-15T05:37:50,22,2,0,24
2022-07-15T05:46:51,22,2,0,24
2022-07-15T05:55:49,22,2,0,24
2022-07-15T06:04:46,22,2,0,24
2022-07-15T06:13:42,22,2,0,24
2022-07-15T06:22:38,22,2,0,24
2022-07-15T06:31:34,22,2,0,24
2022-07-15T06:40:30,22,2,0,24
2022-07-15T06:49:25,22,2,0,24
2022-07-15T06:58:19,22,2,0,24
2022-07-15T07:07:24,22,2,0,24
2022-07-15T07:16:20,22,2,0,24
2022-07-15T07:25:15,22,2,0,24
2022-07-15T07:34:11,22,2,0,24
2022-07-15T07:43:07,22,2,0,24
2022-07-15T07:52:01,22,2,0,24
2022-07-15T08:00:56,22,2,0,24
2022-07-15T08:09:52,22,2,0,24
2022-07-15T08:18:47,22,2,0,24
2022-07-15T08:27:43,22,2,0,24
2022-07-15T08:36:39,22,2,0,24
2022-07-15T08:45:34,22,2,0,24
2022-07-15T08:54:30,22,2,0,24
2022-07-15T09:03:25,22,2,0,24
2022-07-15T09:12:21,22,2,0,24
2022-07-15T09:21:17,22,2,0,24
2022-07-15T09:30:13,22,2,0,24
2022-07-15T09:39:09,22,2,0,24
2022-07-15T09:48:06,22,2,0,24
2022-07-15T09:57:02,22,2,0,24
2022-07-15T10:05:58,22,2,0,24
2022-07-15T10:14:55,22,2,0,24
2022-07-15T10:24:03,22,2,0,24
2022-07-15T10:32:59,22,2,0,24
2022-07-15T10:41:57,22,2,0,24
2022-07-15T10:50:53,22,2,0,24
2022-07-15T10:59:50,22,2,0,24
2022-07-15T11:08:47,22,2,0,24
2022-07-15T11:17:44,22,2,0,24
2022-07-15T11:26:42,22,2,0,24
2022-07-15T11:35:39,22,2,0,24
2022-07-15T11:44:35,22,2,0,24
2022-07-15T11:53:30,22,2,0,24
2022-07-15T12:02:26,22,2,0,24
2022-07-15T12:11:22,22,2,0,24
2022-07-15T12:20:18,22,2,0,24
2022-07-15T12:29:31,22,2,0,24
2022-07-15T12:38:26,22,2,0,24
2022-07-15T12:47:21,22,2,0,24
2022-07-15T12:56:17,22,2,0,24
2022-07-15T13:05:13,22,2,0,24
2022-07-15T13:14:09,22,2,0,24
2022-07-15T13:23:04,22,2,0,24
2022-07-15T13:31:59,22,2,0,24
2022-07-15T13:40:55,22,2,0,24
2022-07-15T13:49:51,22,2,0,24
2022-07-15T13:58:47,22,2,0,24
2022-07-15T14:07:59,22,2,0,24
2022-07-15T14:16:55,22,2,0,24
2022-07-15T14:25:51,22,2,0,24
2022-07-15T14:34:47,22,2,0,24
2022-07-15T14:43:43,22,2,0,24
2022-07-15T14:52:40,22,2,0,24
2022-07-15T15:01:36,22,2,0,24
2022-07-15T15:10:33,22,2,0,24
2022-07-15T15:19:29,22,2,0,24
2022-07-15T15:28:27,22,2,0,24
2022-07-15T15:37:23,22,2,0,24
2022-07-15T15:46:19,22,2,0,24
2022-07-15T15:55:15,22,2,0,24
2022-07-15T16:04:11,22,2,0,24
2022-07-15T16:13:17,22,2,0,24
2022-07-15T16:22:13,22,2,0,24
2022-07-15T16:31:09,22,2,0,24
2022-07-15T16:40:04,22,2,0,24
2022-07-15T16:48:59,22,2,0,24
2022-07-15T16:57:54,22,2,0,24
2022-07-15T17:06:49,22,2,0,24
2022-07-15T17:15:45,22,2,0,24
2022-07-15T17:24:40,22,2,0,24
2022-07-15T17:33:35,22,2,0,24
2022-07-15T17:42:30,22,2,0,24
2022-07-15T17:51:24,22,2,0,24
2022-07-15T18:00:20,22,2,0,24
2022-07-15T18:09:14,22,2,0,24
2022-07-15T18:18:10,22,2,0,24
2022-07-15T18:27:21,22,2,0,24
2022-07-15T18:36:16,22,2,0,24
2022-07-15T18:45:10,22,2,0,24
2022-07-15T18:54:05,22,2,0,24
2022-07-15T19:02:59,22,2,0,24
2022-07-15T19:11:54,22,2,0,24
2022-07-15T19:20:49,22,2,0,24
2022-07-15T19:29:44,22,2,0,24
2022-07-15T19:38:38,22,2,0,24
2022-07-15T19:47:32,22,2,0,24
2022-07-15T19:56:27,22,2,0,24
2022-07-15T20:05:21,22,2,0,24
2022-07-15T20:14:16,22,2,0,24
2022-07-15T20:23:10,22,2,0,24
2022-07-15T20:32:04,22,2,0,24
2022-07-15T20:40:59,22,2,0,24
2022-07-15T20:49:53,22,2,0,24
2022-07-15T20:58:48,22,2,0,24
2022-07-15T21:07:43,22,2,0,24
2022-07-15T21:16:38,22,2,0,24
2022-07-15T21:25:32,22,2,0,24
2022-07-15T21:34:37,22,2,0,24
2022-07-15T21:43:32,22,2,0,24
2022-07-15T21:52:26,22,2,0,24
2022-07-15T22:01:21,22,2,0,24
2022-07-15T22:10:15,22,2,0,24
2022-07-15T22:19:09,22,2,0,24
2022-07-15T22:28:03,22,2,0,24
2022-07-15T22:36:58,22,2,0,24
2022-07-15T22:45:53,22,2,0,24
2022-07-15T22:54:47,22,2,0,24
2022-07-15T23:03:42,22,2,0,24
2022-07-15T23:12:39,22,2,0,24
2022-07-15T23:21:36,22,2,0,24
2022-07-15T23:30:32,22,2,0,24
2022-07-15T23:39:27,22,2,0,24
2022-07-15T23:48:21,22,2,0,24
2022-07-15T23:57:16,22,2,0,24
2022-07-16T00:06:11,22,2,0,24
2022-07-16T00:15:08,22,2,0,24
2022-07-16T00:24:41,22,2,0,24
2022-07-16T00:33:37,22,2,0,24
2022-07-16T00:42:35,22,2,0,24
2022-07-16T00:51:32,22,2,0,24
2022-07-16T01:00:30,22,2,0,24
2022-07-16T01:09:29,22,2,0,24
2022-07-16T01:18:27,22,2,0,24
2022-07-16T01:27:24,22,2,0,24
2022-07-16T01:36:22,22,2,0,24
2022-07-16T01:45:25,22,2,0,24
2022-07-16T01:54:29,22,2,0,24
2022-07-16T02:03:32,22,2,0,24
2022-07-16T02:12:35,22,2,0,24
2022-07-16T02:21:37,22,2,0,24
2022-07-16T02:30:40,22,2,0,24
2022-07-16T02:39:42,22,2,0,24
2022-07-16T02:48:46,22,2,0,24
2022-07-16T02:57:52,22,2,0,24
2022-07-16T03:06:54,22,2,0,24
2022-07-16T03:15:51,22,2,0,24
2022-07-16T03:24:47,22,2,0,24
2022-07-16T03:33:54,22,2,0,24
2022-07-16T03:42:50,22,2,0,24
2022-07-16T03:53:49,22,2,0,24
2022-07-16T04:03:03,22,2,0,24
2022-07-16T04:12:00,22,2,0,24
2022-07-16T04:25:30,22,2,0,24
2022-07-16T04:34:54,22,2,0,24
2022-07-16T04:43:53,22,2,0,24
2022-07-16T04:52:52,22,2,0,24
2022-07-16T05:01:50,22,2,0,24
2022-07-16T05:10:48,22,2,0,24
2022-07-16T05:19:44,22,2,0,24
2022-07-16T05:28:42,22,2,0,24
2022-07-16T05:37:40,22,2,0,24
2022-07-16T05:46:37,22,2,0,24
2022-07-16T05:55:35,22,2,0,24
2022-07-16T06:04:34,22,2,0,24
2022-07-16T06:13:31,22,2,0,24
2022-07-16T06:22:27,22,2,0,24
2022-07-16T06:31:24,22,2,0,24
2022-07-16T06:40:20,22,2,0,24
2022-07-16T06:49:28,22,2,0,24
2022-07-16T06:58:25,22,2,0,24
2022-07-16T07:07:21,22,2,0,24
2022-07-16T07:16:18,22,2,0,24
2022-07-16T07:25:15,22,2,0,24
2022-07-16T07:34:12,22,2,0,24
2022-07-16T07:43:09,22,2,0,24
2022-07-16T07:52:06,22,2,0,24
2022-07-16T08:01:03,22,2,0,24
2022-07-16T08:10:00,22,2,0,24
2022-07-16T08:18:57,22,2,0,24
2022-07-16T08:27:55,22,2,0,24
2022-07-16T08:36:53,22,2,0,24
2022-07-16T08:45:49,22,2,0,24
2022-07-16T08:54:46,22,2,0,24
2022-07-16T09:03:42,22,2,0,24
2022-07-16T09:12:40,22,2,0,24
2022-07-16T09:21:38,22,2,0,24
2022-07-16T09:30:34,22,2,0,24
2022-07-16T09:39:29,22,2,0,24
2022-07-16T09:48:26,22,2,0,24
2022-07-16T09:57:23,22,2,0,24
2022-07-16T10:06:19,22,2,0,24
2022-07-16T10:15:15,22,2,0,24
2022-07-16T10:24:09,22,2,0,24
2022-07-16T10:33:04,22,2,0,24
2022-07-16T10:41:58,22,2,0,24
2022-07-16T10:50:53,22,2,0,24
2022-07-16T10:59:47,22,2,0,24
2022-07-16T11:08:42,22,2,0,24
2022-07-16T11:17:37,22,2,0,24
2022-07-16T11:26:31,22,2,0,24
2022-07-16T11:35:26,22,2,0,24
2022-07-16T11:44:21,22,2,0,24
2022-07-16T11:53:16,22,2,0,24
2022-07-16T12:02:11,22,2,0,24
2022-07-16T12:11:05,22,2,0,24
2022-07-16T12:20:00,22,2,0,24
2022-07-16T12:28:54,22,2,0,24
2022-07-16T12:37:48,22,2,0,24
2022-07-16T12:46:43,22,2,0,24
2022-07-16T12:55:37,22,2,0,24
2022-07-16T13:04:32,22,2,0,24
2022-07-16T13:13:37,22,2,0,24
2022-07-16T13:22:31,22,2,0,24
2022-07-16T13:31:26,22,2,0,24
2022-07-16T13:40:20,22,2,0,24
2022-07-16T13:49:14,22,2,0,24
2022-07-16T13:58:09,22,2,0,24
2022-07-16T14:07:03,22,2,0,24
2022-07-16T14:15:58,22,2,0,24
2022-07-16T14:24:52,22,2,0,24
2022-07-16T14:33:47,22,2,0,24
2022-07-16T14:42:41,22,2,0,24
2022-07-16T14:51:35,22,2,0,24
2022-07-16T15:00:30,22,2,0,24
2022-07-16T15:09:24,22,2,0,24
2022-07-16T15:18:18,22,2,0,24
2022-07-16T15:27:12,22,2,0,24
2022-07-16T15:36:06,22,2,0,24
2022-07-16T15:45:01,22,2,0,24
2022-07-16T15:53:55,22,2,0,24
2022-07-16T16:02:49,22,2,0,24
2022-07-16T16:11:43,22,2,0,24
2022-07-16T16:20:38,22,2,0,24
2022-07-16T16:29:33,22,2,0,24
2022-07-16T16:38:27,22,2,0,24
2022-07-16T16:47:22,22,2,0,24
2022-07-16T16:56:17,22,2,0,24
2022-07-16T17:05:12,22,2,0,24
2022-07-16T17:14:07,22,2,0,24
2022-07-16T17:23:01,22,2,0,24
2022-07-16T17:31:56,22,2,0,24
2022-07-16T17:40:50,22,2,0,24
2022-07-16T17:49:45,22,2,0,24
2022-07-16T17:58:39,22,2,0,24
2022-07-16T18:07:34,22,2,0,24
2022-07-16T18:16:28,22,2,0,24
2022-07-16T18:25:23,22,2,0,24
2022-07-16T18:34:17,22,2,0,24
2022-07-16T18:43:12,22,2,0,24
2022-07-16T18:52:06,22,2,0,24
2022-07-16T19:01:00,22,2,0,24
2022-07-16T19:09:55,22,2,0,24
2022-07-16T19:18:50,22,2,0,24
2022-07-16T19:27:44,22,2,0,24
2022-07-16T19:36:38,22,2,0,24
2022-07-16T19:45:32,22,2,0,24
2022-07-16T19:54:26,22,2,0,24
2022-07-16T20:03:21,22,2,0,24
2022-07-16T20:12:15,22,2,0,24
2022-07-16T20:21:09,22,2,0,24
2022-07-16T20:30:04,22,2,0,24
2022-07-16T20:38:58,22,2,0,24
2022-07-16T20:47:53,22,2,0,24
2022-07-16T20:56:47,22,2,0,24
2022-07-16T21:05:42,22,2,0,24
2022-07-16T21:14:36,22,2,0,24
2022-07-16T21:23:30,22,2,0,24
2022-07-16T21:32:26,22,2,0,24
2022-07-16T21:41:21,22,2,0,24
2022-07-16T21:50:16,22,2,0,24
2022-07-16T21:59:10,22,2,0,24
2022-07-16T22:08:04,22,2,0,24
2022-07-16T22:16:59,22,2,0,24
2022-07-16T22:25:53,22,2,0,24
2022-07-16T22:34:48,22,2,0,24
2022-07-16T22:43:42,22,2,0,24
2022-07-16T22:52:36,22,2,0,24
2022-07-16T23:01:31,22,2,0,24
2022-07-16T23:10:37,22,2,0,24
2022-07-16T23:19:32,22,2,0,24
2022-07-16T23:28:27,22,2,0,24
2022-07-16T23:37:21,22,2,0,24
2022-07-16T23:46:15,22,2,0,24
2022-07-16T23:55:09,22,2,0,24
2022-07-17T00:04:04,22,2,0,24
2022-07-17T00:12:59,22,2,0,24
2022-07-17T00:21:54,22,2,0,24
2022-07-17T00:30:48,22,2,0,24
2022-07-17T00:39:43,22,2,0,24
2022-07-17T00:48:39,22,2,0,24
2022-07-17T00:57:33,22,2,0,24
2022-07-17T01:06:29,22,2,0,24
2022-07-17T01:15:24,22,2,0,24
2022-07-17T01:24:19,22,2,0,24
2022-07-17T01:33:14,22,2,0,24
2022-07-17T01:52:14,22,2,0,24
2022-07-17T02:01:10,22,2,0,24
2022-07-17T02:10:05,22,2,0,24
2022-07-17T02:19:03,22,2,0,24
2022-07-17T02:28:01,22,2,0,24
2022-07-17T02:36:59,22,2,0,24
2022-07-17T02:46:25,22,2,0,24
2022-07-17T02:55:22,22,2,0,24
2022-07-17T03:04:20,22,2,0,24
2022-07-17T03:13:17,22,2,0,24
2022-07-17T03:22:14,22,2,0,24
2022-07-17T03:31:10,22,2,0,24
2022-07-17T03:40:05,22,2,0,24
2022-07-17T03:49:01,22,2,0,24
2022-07-17T03:59:35,22,2,0,24
2022-07-17T04:09:26,22,2,0,24
2022-07-17T04:21:09,22,2,0,24
2022-07-17T04:30:28,22,2,0,24
2022-07-17T04:39:25,22,2,0,24
2022-07-17T04:48:24,22,2,0,24
2022-07-17T04:57:21,22,2,0,24
2022-07-17T05:06:19,22,2,0,24
2022-07-17T05:15:16,22,2,0,24
2022-07-17T05:24:13,22,2,0,24
2022-07-17T05:33:10,22,2,0,24
2022-07-17T05:42:07,22,2,0,24
2022-07-17T05:51:03,22,2,0,24
2022-07-17T06:00:00,22,2,0,24
2022-07-17T06:08:55,22,2,0,24
2022-07-17T06:17:52,22,2,0,24
2022-07-17T06:26:49,22,2,0,24
2022-07-17T06:35:45,22,2,0,24
2022-07-17T06:44:39,22,2,0,24
2022-07-17T06:53:34,22,2,0,24
2022-07-17T07:02:28,22,2,0,24
2022-07-17T07:11:22,22,2,0,24
2022-07-17T07:20:17,22,2,0,24
2022-07-17T07:29:11,22,2,0,24
2022-07-17T07:38:06,22,2,0,24
2022-07-17T07:47:00,22,2,0,24
2022-07-17T07:55:54,22,2,0,24
2022-07-17T08:04:49,22,2,0,24
2022-07-17T08:13:43,22,2,0,24
2022-07-17T08:22:37,22,2,0,24
2022-07-17T08:31:32,22,2,0,24
2022-07-17T08:40:26,22,2,0,24
2022-07-17T08:49:23,22,2,0,24
2022-07-17T08:58:17,22,2,0,24
2022-07-17T09:07:11,22,2,0,24
2022-07-17T09:16:05,22,2,0,24
2022-07-17T09:24:59,22,2,0,24
2022-07-17T09:33:53,22,2,0,24
2022-07-17T09:42:48,22,2,0,24
2022-07-17T09:51:42,22,2,0,24
2022-07-17T10:00:37,22,2,0,24
2022-07-17T10:09:31,22,2,0,24
2022-07-17T10:18:25,22,2,0,24
2022-07-17T10:27:19,22,2,0,24
2022-07-17T10:36:14,22,2,0,24
2022-07-17T10:45:18,22,2,0,24
2022-07-17T10:54:13,22,2,0,24
2022-07-17T11:03:07,22,2,0,24
2022-07-17T11:12:01,22,2,0,24
2022-07-17T11:20:56,22,2,0,24
2022-07-17T11:29:51,22,2,0,24
2022-07-17T11:38:46,22,2,0,24
2022-07-17T11:47:40,22,2,0,24
2022-07-17T11:56:35,22,2,0,24
2022-07-17T12:05:29,22,2,0,24
2022-07-17T12:14:24,22,2,0,24
2022-07-17T12:23:18,22,2,0,24
2022-07-17T12:32:13,22,2,0,24
2022-07-17T12:41:08,22,2,0,24
2022-07-17T12:50:03,22,2,0,24
2022-07-17T12:58:57,22,2,0,24
2022-07-17T13:07:52,22,2,0,24
2022-07-17T13:16:46,22,2,0,24
2022-07-17T13:25:41,22,2,0,24
2022-07-17T13:34:35,22,2,0,24
2022-07-17T13:43:29,22,2,0,24
2022-07-17T13:52:24,22,2,0,24
2022-07-17T14:01:19,22,2,0,24
2022-07-17T14:10:13,22,2,0,24
2022-07-17T14:19:18,22,2,0,24
2022-07-17T14:28:12,22,2,0,24
2022-07-17T14:37:06,22,2,0,24
2022-07-17T14:46:00,22,2,0,24
2022-07-17T14:54:54,22,2,0,24
2022-07-17T15:03:49,22,2,0,24
2022-07-17T15:12:43,22,2,0,24
2022-07-17T15:21:38,22,2,0,24
2022-07-17T15:30:32,22,2,0,24
2022-07-17T15:39:26,22,2,0,24
2022-07-17T15:48:21,22,2,0,24
2022-07-17T15:57:16,22,2,0,24
2022-07-17T16:06:10,22,2,0,24
2022-07-17T16:15:06,22,2,0,24
2022-07-17T16:24:01,22,2,0,24
2022-07-17T16:32:55,22,2,0,24
2022-07-17T16:41:50,22,2,0,24
2022-07-17T16:50:45,22,2,0,24
2022-07-17T16:59:39,22,2,0,24
2022-07-17T17:08:34,22,2,0,24
2022-07-17T17:17:29,22,2,0,24
2022-07-17T17:26:24,22,2,0,24
2022-07-17T17:35:19,22,2,0,24
2022-07-17T17:44:14,22,2,0,24
2022-07-17T17:53:08,22,2,0,24
2022-07-17T18:02:12,22,2,0,24
2022-07-17T18:11:07,22,2,0,24
2022-07-17T18:20:02,22,2,0,24
2022-07-17T18:28:56,22,2,0,24
2022-07-17T18:37:50,22,2,0,24
2022-07-17T18:46:45,22,2,0,24
2022-07-17T18:55:39,22,2,0,24
2022-07-17T19:04:34,22,2,0,24
2022-07-17T19:13:29,22,2,0,24
2022-07-17T19:22:24,22,2,0,24
2022-07-17T19:31:19,22,2,0,24
2022-07-17T19:40:15,22,2,0,24
2022-07-17T19:49:11,22,2,0,24
2022-07-17T19:58:08,22,2,0,24
2022-07-17T20:07:08,22,2,0,24
2022-07-17T20:16:09,22,2,0,24
2022-07-17T20:25:04,22,2,0,24
2022-07-17T20:34:08,22,2,0,24
2022-07-17T20:43:03,22,2,0,24
2022-07-17T20:51:58,22,2,0,24
2022-07-17T21:00:53,22,2,0,24
2022-07-17T21:09:48,22,2,0,24
2022-07-17T21:18:43,22,2,0,24
2022-07-17T21:27:38,22,2,0,24
2022-07-17T21:36:33,22,2,0,24
2022-07-17T21:45:30,22,2,0,24
2022-07-17T21:54:26,22,2,0,24
2022-07-17T22:03:21,22,2,0,24
2022-07-17T22:12:16,22,2,0,24
2022-07-17T22:21:10,22,2,0,24
2022-07-17T22:30:05,22,2,0,24
2022-07-17T22:38:59,22,2,0,24
2022-07-17T22:47:53,22,2,0,24
2022-07-17T22:56:48,22,2,0,24
2022-07-17T23:05:43,22,2,0,24
2022-07-17T23:14:39,22,2,0,24
2022-07-17T23:23:34,22,2,0,24
2022-07-17T23:32:29,22,2,0,24
2022-07-17T23:41:23,22,2,0,24
2022-07-17T23:50:17,22,2,0,24
2022-07-17T23:59:12,22,2,0,24
2022-07-18T00:08:17,22,2,0,24
2022-07-18T00:17:16,22,2,0,24
2022-07-18T00:26:12,22,2,0,24
2022-07-18T00:35:10,22,2,0,24
2022-07-18T00:44:06,22,2,0,24
2022-07-18T00:53:03,22,2,0,24
2022-07-18T01:01:59,22,2,0,24
2022-07-18T01:11:02,22,2,0,24
2022-07-18T01:19:59,22,2,0,24
2022-07-18T01:28:56,22,2,0,24
2022-07-18T01:37:53,22,2,0,24
2022-07-18T01:46:48,22,2,0,24
2022-07-18T01:55:45,22,2,0,24
2022-07-18T02:04:57,22,2,0,24
2022-07-18T02:13:54,22,2,0,24
2022-07-18T02:22:50,22,2,0,24
2022-07-18T02:31:46,22,2,0,24
2022-07-18T02:40:44,22,2,0,24
2022-07-18T02:49:40,22,2,0,24
2022-07-18T02:58:35,22,2,0,24
2022-07-18T03:07:30,22,2,0,24
2022-07-18T03:16:25,22,2,0,24
2022-07-18T03:25:19,22,2,0,24
2022-07-18T03:34:14,22,2,0,24
2022-07-18T03:43:11,22,2,0,24
2022-07-18T03:52:08,22,2,0,24
2022-07-18T04:03:31,22,2,0,24
2022-07-18T04:12:27,22,2,0,24
2022-07-18T04:23:49,22,2,0,24
2022-07-18T04:33:09,22,2,0,24
2022-07-18T04:42:06,22,2,0,24
2022-07-18T04:51:06,22,2,0,24
2022-07-18T05:00:03,22,2,0,24
2022-07-18T05:09:02,22,2,0,24
2022-07-18T05:18:00,22,2,0,24
2022-07-18T05:26:57,22,2,0,24
2022-07-18T05:35:55,22,2,0,24
2022-07-18T05:44:50,22,2,0,24
2022-07-18T05:53:46,22,2,0,24
2022-07-18T06:02:42,22,2,0,24
2022-07-18T06:11:38,22,2,0,24
2022-07-18T06:20:34,22,2,0,24
2022-07-18T06:29:30,22,2,0,24
2022-07-18T06:38:25,22,2,0,24
2022-07-18T06:47:23,22,2,0,24
2022-07-18T06:56:17,22,2,0,24
2022-07-18T07:05:13,22,2,0,24
2022-07-18T07:14:08,22,2,0,24
2022-07-18T07:23:05,22,2,0,24
2022-07-18T07:32:00,22,2,0,24
2022-07-18T07:40:56,22,2,0,24
2022-07-18T07:49:52,22,2,0,24
2022-07-18T07:58:47,22,2,0,24
2022-07-18T08:07:43,22,2,0,24
2022-07-18T08:16:39,22,2,0,24
2022-07-18T08:25:35,22,2,0,24
2022-07-18T08:34:40,22,2,0,24
2022-07-18T08:43:36,22,2,0,24
2022-07-18T08:52:35,22,2,0,24
2022-07-18T09:01:32,22,2,0,24
2022-07-18T09:10:28,22,2,0,24
2022-07-18T09:19:25,22,2,0,24
2022-07-18T09:28:27,22,2,0,24
2022-07-18T09:37:31,22,2,0,24
2022-07-18T09:46:36,22,2,0,24
2022-07-18T09:55:40,22,2,0,24
2022-07-18T10:04:43,22,2,0,24
2022-07-18T10:13:47,22,2,0,24
2022-07-18T10:22:50,22,2,0,24
2022-07-18T10:31:54,22,2,0,24
2022-07-18T10:40:58,22,2,0,24
2022-07-18T10:50:02,22,2,0,24
2022-07-18T10:59:14,22,2,0,24
2022-07-18T11:08:14,22,2,0,24
2022-07-18T11:17:14,22,2,0,24
2022-07-18T11:26:12,22,2,0,24
2022-07-18T11:35:09,22,2,0,24
2022-07-18T11:44:06,22,2,0,24
2022-07-18T11:53:02,22,2,0,24
2022-07-18T12:01:58,22,2,0,24
2022-07-18T12:10:55,22,2,0,24
2022-07-18T12:19:50,22,2,0,24
2022-07-18T12:28:46,22,2,0,24
2022-07-18T12:37:41,22,2,0,24
2022-07-18T12:46:38,22,2,0,24
2022-07-18T12:55:34,22,2,0,24
2022-07-18T13:04:30,22,2,0,24
2022-07-18T13:13:26,22,2,0,24
2022-07-18T13:22:34,22,2,0,24
2022-07-18T13:31:30,22,2,0,24
2022-07-18T13:40:26,22,2,0,24
2022-07-18T13:49:22,22,2,0,24
2022-07-18T13:58:19,22,2,0,24
2022-07-18T14:07:16,22,2,0,24
2022-07-18T14:16:13,22,2,0,24
2022-07-18T14:25:10,22,2,0,24
2022-07-18T14:34:06,22,2,0,24
2022-07-18T14:43:04,22,2,0,24
2022-07-18T14:52:00,22,2,0,24
2022-07-18T15:00:56,22,2,0,24
2022-07-18T15:09:51,22,2,0,24
2022-07-18T15:18:47,22,2,0,24
2022-07-18T15:27:43,22,2,0,24
2022-07-18T15:36:49,22,2,0,24
2022-07-18T15:45:46,22,2,0,24
2022-07-18T15:54:42,22,2,0,24
2022-07-18T16:03:39,22,2,0,24
2022-07-18T16:12:36,22,2,0,24
2022-07-18T16:21:31,22,2,0,24
2022-07-18T16:30:28,22,2,0,24
2022-07-18T16:39:25,22,2,0,24
2022-07-18T16:48:22,22,2,0,24
2022-07-18T16:57:17,22,2,0,24
2022-07-18T17:06:13,22,2,0,24
2022-07-18T17:15:10,22,2,0,24
2022-07-18T17:24:15,22,2,0,24
2022-07-18T17:33:10,22,2,0,24
2022-07-18T17:42:05,22,2,0,24
2022-07-18T17:51:00,22,2,0,24
2022-07-18T17:59:56,22,2,0,24
2022-07-18T18:08:51,22,2,0,24
2022-07-18T18:17:46,22,2,0,24
2022-07-18T18:26:42,22,2,0,24
2022-07-18T18:35:38,22,2,0,24
2022-07-18T18:44:33,22,2,0,24
2022-07-18T18:53:27,22,2,0,24
2022-07-18T19:02:23,22,2,0,24
2022-07-18T19:11:20,22,2,0,24
2022-07-18T19:20:16,22,2,0,24
2022-07-18T19:29:12,22,2,0,24
2022-07-18T19:38:06,22,2,0,24
2022-07-18T19:47:02,22,2,0,24
2022-07-18T19:55:57,22,2,0,24
2022-07-18T20:04:51,22,2,0,24
2022-07-18T20:13:46,22,2,0,24
2022-07-18T20:22:52,22,2,0,24
2022-07-18T20:31:47,22,2,0,24
2022-07-18T20:40:42,22,2,0,24
2022-07-18T20:49:36,22,2,0,24
2022-07-18T20:58:30,22,2,0,24
2022-07-18T21:07:25,22,2,0,24
2022-07-18T21:16:19,22,2,0,24
2022-07-18T21:25:13,22,2,0,24
2022-07-18T21:34:08,22,2,0,24
2022-07-18T21:43:03,22,2,0,24
2022-07-18T21:51:58,22,2,0,24
2022-07-18T22:00:53,22,2,0,24
2022-07-18T22:09:47,22,2,0,24
2022-07-18T22:18:42,22,2,0,24
2022-07-18T22:27:37,22,2,0,24
2022-07-18T22:36:32,22,2,0,24
2022-07-18T22:45:26,22,2,0,24
2022-07-18T22:54:21,22,2,0,24
2022-07-18T23:03:16,22,2,0,24
2022-07-18T23:12:21,22,2,0,24
2022-07-18T23:21:16,22,2,0,24
2022-07-18T23:30:11,22,2,0,24
2022-07-18T23:39:07,22,2,0,24
2022-07-18T23:48:01,22,2,0,24
2022-07-18T23:56:56,22,2,0,24
2022-07-19T00:05:51,22,2,0,24
2022-07-19T00:14:50,22,2,0,24
2022-07-19T00:23:48,22,2,0,24
2022-07-19T00:32:55,22,2,0,24
2022-07-19T00:41:52,22,2,0,24
2022-07-19T00:50:50,22,2,0,24
2022-07-19T00:59:48,22,2,0,24
2022-07-19T01:08:44,22,2,0,24
2022-07-19T01:17:41,22,2,0,24
2022-07-19T01:26:39,22,2,0,24
2022-07-19T01:35:37,22,2,0,24
2022-07-19T01:44:33,22,2,0,24
2022-07-19T01:53:31,22,2,0,24
2022-07-19T02:02:28,22,2,0,24
2022-07-19T02:11:24,22,2,0,24
2022-07-19T02:20:18,22,2,0,24
2022-07-19T02:29:12,22,2,0,24
2022-07-19T02:38:06,22,2,0,24
2022-07-19T02:47:00,22,2,0,24
2022-07-19T02:55:55,22,2,0,24
2022-07-19T03:04:49,22,2,0,24
2022-07-19T03:13:43,22,2,0,24
2022-07-19T03:22:37,22,2,0,24
2022-07-19T03:31:30,22,2,0,24
2022-07-19T03:40:25,22,2,0,24
2022-07-19T03:49:20,22,2,0,24
2022-07-19T03:58:18,22,2,0,24
2022-07-19T04:09:34,22,2,0,24
2022-07-19T04:19:18,22,2,0,24
2022-07-19T04:28:40,22,2,0,24
2022-07-19T04:37:38,22,2,0,24
2022-07-19T04:46:36,22,2,0,24
2022-07-19T04:55:33,22,2,0,24
2022-07-19T05:04:32,22,2,0,24
2022-07-19T05:13:29,22,2,0,24
2022-07-19T05:22:27,22,2,0,24
2022-07-19T05:31:24,22,2,0,24
2022-07-19T05:40:20,22,2,0,24
2022-07-19T05:49:16,22,2,0,24
2022-07-19T05:58:12,22,2,0,24
2022-07-19T06:07:09,22,2,0,24
2022-07-19T06:16:05,22,2,0,24
2022-07-19T06:25:03,22,2,0,24
2022-07-19T06:34:00,22,2,0,24
2022-07-19T06:42:57,22,2,0,24
2022-07-19T06:51:53,22,2,0,24
2022-07-19T07:00:49,22,2,0,24
2022-07-19T07:09:47,22,2,0,24
2022-07-19T07:18:44,22,2,0,24
2022-07-19T07:27:40,22,2,0,24
2022-07-19T07:36:37,22,2,0,24
2022-07-19T07:45:33,22,2,0,24
2022-07-19T07:54:28,22,2,0,24
2022-07-19T08:03:23,22,2,0,24
2022-07-19T08:12:21,22,2,0,24
2022-07-19T08:21:16,22,2,0,24
2022-07-19T08:30:12,22,2,0,24
2022-07-19T08:39:08,22,2,0,24
2022-07-19T08:48:06,22,2,0,24
2022-07-19T08:57:02,22,2,0,24
2022-07-19T09:06:07,22,2,0,24
2022-07-19T09:15:03,22,2,0,24
2022-07-19T09:23:59,22,2,0,24
2022-07-19T09:32:55,22,2,0,24
2022-07-19T09:41:52,22,2,0,24
2022-07-19T09:50:49,22,2,0,24
2022-07-19T09:59:46,22,2,0,24
2022-07-19T10:08:43,22,2,0,24
2022-07-19T10:17:40,22,2,0,24
2022-07-19T10:26:38,22,2,0,24
2022-07-19T10:35:34,22,2,0,24
2022-07-19T10:44:30,22,2,0,24
2022-07-19T10:53:27,22,2,0,24
2022-07-19T11:02:25,22,2,0,24
2022-07-19T11:11:21,22,2,0,24
2022-07-19T11:20:18,22,2,0,24
2022-07-19T11:29:14,22,2,0,24
2022-07-19T11:38:12,22,2,0,24
2022-07-19T11:47:19,22,2,0,24
2022-07-19T11:56:15,22,2,0,24
2022-07-19T12:05:11,22,2,0,24
2022-07-19T12:14:07,22,2,0,24
2022-07-19T12:23:05,22,2,0,24
2022-07-19T12:32:01,22,2,0,24
2022-07-19T12:40:57,22,2,0,24
2022-07-19T12:49:54,22,2,0,24
2022-07-19T12:58:50,22,2,0,24
2022-07-19T13:07:46,22,2,0,24
2022-07-19T13:16:42,22,2,0,24
2022-07-19T13:25:38,22,2,0,24
2022-07-19T13:34:36,22,2,0,24
2022-07-19T13:43:33,22,2,0,24
2022-07-19T13:52:01,22,2,0,24
2022-07-19T14:00:58,22,2,0,24
2022-07-19T14:09:55,22,2,0,24
2022-07-19T14:18:51,22,2,0,24
2022-07-19T14:27:47,22,2,0,24
2022-07-19T14:36:45,22,2,0,24
2022-07-19T14:45:42,22,2,0,24
2022-07-19T14:54:38,22,2,0,24
2022-07-19T15:03:35,22,2,0,24
2022-07-19T15:12:33,22,2,0,24
2022-07-19T15:21:30,22,2,0,24
2022-07-19T15:30:26,22,2,0,24
2022-07-19T15:39:34,22,2,0,24
2022-07-19T15:48:31,22,2,0,24
2022-07-19T15:57:27,22,2,0,24
2022-07-19T16:06:24,22,2,0,24
2022-07-19T16:15:20,22,2,0,24
2022-07-19T16:24:16,22,2,0,24
2022-07-19T16:33:12,22,2,0,24
2022-07-19T16:42:07,22,2,0,24
2022-07-19T16:51:14,22,2,0,24
2022-07-19T17:00:10,22,2,0,24
2022-07-19T17:09:06,22,2,0,24
2022-07-19T17:18:02,22,2,0,24
2022-07-19T17:26:58,22,2,0,24
2022-07-19T17:35:54,22,2,0,24
2022-07-19T17:44:49,22,2,0,24
2022-07-19T17:53:45,22,2,0,24
2022-07-19T18:02:41,22,2,0,24
2022-07-19T18:11:36,22,2,0,24
2022-07-19T18:20:32,22,2,0,24
2022-07-19T18:29:27,22,2,0,24
2022-07-19T18:38:22,22,2,0,24
2022-07-19T18:47:27,22,2,0,24
2022-07-19T18:56:22,22,2,0,24
2022-07-19T19:05:18,22,2,0,24
2022-07-19T19:14:13,22,2,0,24
2022-07-19T19:23:09,22,2,0,24
2022-07-19T19:32:04,22,2,0,24
2022-07-19T19:40:59,22,2,0,24
2022-07-19T19:49:54,22,2,0,24
2022-07-19T19:58:51,22,2,0,24
2022-07-19T20:07:46,22,2,0,24
2022-07-19T20:16:41,22,2,0,24
2022-07-19T20:25:38,22,2,0,24
2022-07-19T20:34:44,22,2,0,24
2022-07-19T20:43:39,22,2,0,24
2022-07-19T20:52:35,22,2,0,24
2022-07-19T21:01:30,22,2,0,24
2022-07-19T21:10:25,22,2,0,24
2022-07-19T21:19:20,22,2,0,24
2022-07-19T21:28:15,22,2,0,24
2022-07-19T21:37:11,22,2,0,24
2022-07-19T21:46:07,22,2,0,24
2022-07-19T21:55:03,22,2,0,24
2022-07-19T22:03:58,22,2,0,24
2022-07-19T22:12:53,22,2,0,24
2022-07-19T22:21:49,22,2,0,24
2022-07-19T22:30:44,22,2,0,24
2022-07-19T22:39:50,22,2,0,24
2022-07-19T22:48:45,22,2,0,24
2022-07-19T22:57:40,22,2,0,24
2022-07-19T23:06:36,22,2,0,24
2022-07-19T23:15:32,22,2,0,24
2022-07-19T23:24:27,22,2,0,24
2022-07-19T23:33:22,22,2,0,24
2022-07-19T23:42:18,22,2,0,24
2022-07-19T23:51:13,22,2,0,24
2022-07-20T00:00:08,22,2,0,24
2022-07-20T00:09:06,22,2,0,24
2022-07-20T00:18:08,22,2,0,24
2022-07-20T00:27:02,22,2,0,24
2022-07-20T00:35:56,22,2,0,24
2022-07-20T00:44:52,22,2,0,24
2022-07-20T00:53:47,22,2,0,24
2022-07-20T01:02:51,22,2,0,24
2022-07-20T01:11:46,22,2,0,24
2022-07-20T01:20:41,22,2,0,24
2022-07-20T01:29:37,22,2,0,24
2022-07-20T01:38:31,22,2,0,24
2022-07-20T01:47:25,22,2,0,24
2022-07-20T01:56:21,22,2,0,24
2022-07-20T02:05:16,22,2,0,24
2022-07-20T02:14:12,22,2,0,24
2022-07-20T02:23:21,22,2,0,24
2022-07-20T02:32:16,22,2,0,24
2022-07-20T02:41:11,22,2,0,24
2022-07-20T02:50:05,22,2,0,24
2022-07-20T02:59:00,22,2,0,24
2022-07-20T03:07:53,22,2,0,24
2022-07-20T03:16:46,22,2,0,24
2022-07-20T03:25:42,22,2,0,24
2022-07-20T03:34:38,22,2,0,24
2022-07-20T03:43:35,22,2,0,24
2022-07-20T03:52:32,22,2,0,24
2022-07-20T04:01:28,22,2,0,24
2022-07-20T04:25:22,22,2,0,24
2022-07-20T04:34:23,22,2,0,24
2022-07-20T04:43:22,22,2,0,24
2022-07-20T04:52:20,22,2,0,24
2022-07-20T05:01:18,22,2,0,24
2022-07-20T05:10:17,22,2,0,24
2022-07-20T05:19:15,22,2,0,24
2022-07-20T05:28:13,22,2,0,24
2022-07-20T05:37:12,22,2,0,24
2022-07-20T05:46:11,22,2,0,24
2022-07-20T05:55:11,22,2,0,24
2022-07-20T06:04:08,22,2,0,24
2022-07-20T06:13:05,22,2,0,24
2022-07-20T06:22:02,22,2,0,24
2022-07-20T06:30:59,22,2,0,24
2022-07-20T06:39:54,22,2,0,24
2022-07-20T06:48:50,22,2,0,24
2022-07-20T06:57:45,22,2,0,24
2022-07-20T07:06:41,22,2,0,24
2022-07-20T07:15:36,22,2,0,24
2022-07-20T07:24:31,22,2,0,24
2022-07-20T07:33:28,22,2,0,24
2022-07-20T07:42:24,22,2,0,24
2022-07-20T07:51:19,22,2,0,24
2022-07-20T08:00:15,22,2,0,24
2022-07-20T08:09:11,22,2,0,24
2022-07-20T08:18:10,22,2,0,24
2022-07-20T08:27:07,22,2,0,24
2022-07-20T08:36:03,22,2,0,24
2022-07-20T08:44:59,22,2,0,24
2022-07-20T08:53:55,22,2,0,24
2022-07-20T09:02:51,22,2,0,24
2022-07-20T09:11:48,22,2,0,24
2022-07-20T09:20:44,22,2,0,24
2022-07-20T09:29:41,22,2,0,24
2022-07-20T09:38:38,22,2,0,24
2022-07-20T09:47:45,22,2,0,24
2022-07-20T09:56:41,22,2,0,24
2022-07-20T10:05:39,22,2,0,24
2022-07-20T10:14:37,22,2,0,24
2022-07-20T10:23:35,22,2,0,24
2022-07-20T10:32:33,22,2,0,24
2022-07-20T10:41:31,22,2,0,24
2022-07-20T10:50:28,22,2,0,24
2022-07-20T10:59:26,22,2,0,24
2022-07-20T11:08:23,22,2,0,24
2022-07-20T11:17:19,22,2,0,24
2022-07-20T11:26:16,22,2,0,24
2022-07-20T11:35:13,22,2,0,24
2022-07-20T11:44:13,22,2,0,24
2022-07-20T11:53:21,22,2,0,24
2022-07-20T12:02:17,22,2,0,24
2022-07-20T12:11:14,22,2,0,24
2022-07-20T12:20:12,22,2,0,24
2022-07-20T12:29:09,22,2,0,24
2022-07-20T12:38:05,22,2,0,24
2022-07-20T12:47:01,22,2,0,24
2022-07-20T12:55:57,22,2,0,24
2022-07-20T13:04:54,22,2,0,24
2022-07-20T13:13:51,22,2,0,24
2022-07-20T13:23:00,22,2,0,24
2022-07-20T13:31:56,22,2,0,24
2022-07-20T13:40:54,22,2,0,24
2022-07-20T13:49:51,22,2,0,24
2022-07-20T13:58:48,22,2,0,24
2022-07-20T14:07:45,22,2,0,24
2022-07-20T14:16:42,22,2,0,24
2022-07-20T14:25:39,22,2,0,24
2022-07-20T14:34:36,22,2,0,24
2022-07-20T14:43:35,22,2,0,24
2022-07-20T14:52:32,22,2,0,24
2022-07-20T15:01:40,22,2,0,24
2022-07-20T15:10:37,22,2,0,24
2022-07-20T15:19:35,22,2,0,24
2022-07-20T15:28:32,22,2,0,24
2022-07-20T15:37:29,22,2,0,24
2022-07-20T15:46:26,22,2,0,24
2022-07-20T15:55:22,22,2,0,24
2022-07-20T16:04:17,22,2,0,24
2022-07-20T16:13:14,22,2,0,24
2022-07-20T16:22:20,22,2,0,24
2022-07-20T16:31:18,22,2,0,24
2022-07-20T16:40:14,22,2,0,24
2022-07-20T16:49:10,22,2,0,24
2022-07-20T16:58:06,22,2,0,24
2022-07-20T17:07:02,22,2,0,24
2022-07-20T17:15:59,22,2,0,24
2022-07-20T17:24:55,22,2,0,24
2022-07-20T17:33:50,22,2,0,24
2022-07-20T17:42:46,22,2,0,24
2022-07-20T17:51:41,22,2,0,24
2022-07-20T18:00:37,22,2,0,24
2022-07-20T18:09:43,22,2,0,24
2022-07-20T18:18:39,22,2,0,24
2022-07-20T18:27:35,22,2,0,24
2022-07-20T18:36:31,22,2,0,24
2022-07-20T18:45:26,22,2,0,24
2022-07-20T18:54:23,22,2,0,24
2022-07-20T19:03:22,22,2,0,24
2022-07-20T19:12:20,22,2,0,24
2022-07-20T19:21:16,22,2,0,24
2022-07-20T19:30:12,22,2,0,24
2022-07-20T19:39:08,22,2,0,24
2022-07-20T19:48:13,22,2,0,24
2022-07-20T19:57:08,22,2,0,24
2022-07-20T20:06:03,22,2,0,24
2022-07-20T20:14:59,22,2,0,24
2022-07-20T20:23:55,22,2,0,24
2022-07-20T20:32:51,22,2,0,24
2022-07-20T20:41:47,22,2,0,24
2022-07-20T20:50:42,22,2,0,24
2022-07-20T20:59:38,22,2,0,24
2022-07-20T21:08:33,22,2,0,24
2022-07-20T21:17:39,22,2,0,24
2022-07-20T21:26:35,22,2,0,24
2022-07-20T21:35:30,22,2,0,24
2022-07-20T21:44:25,22,2,0,24
2022-07-20T21:53:22,22,2,0,24
2022-07-20T22:02:17,22,2,0,24
2022-07-20T22:11:13,22,2,0,24
2022-07-20T22:20:08,22,2,0,24
2022-07-20T22:29:07,22,2,0,24
2022-07-20T22:38:04,22,2,0,24
2022-07-20T22:47:00,22,2,0,24
2022-07-20T22:56:04,22,2,0,24
2022-07-20T23:05:01,22,2,0,24
2022-07-20T23:13:57,22,2,0,24
2022-07-20T23:22:54,22,2,0,24
2022-07-20T23:31:53,22,2,0,24
2022-07-20T23:40:48,22,2,0,24
2022-07-20T23:49:44,22,2,0,24
2022-07-20T23:58:39,22,2,0,24
2022-07-21T00:07:36,22,2,0,24
2022-07-21T00:16:34,22,2,0,24
2022-07-21T00:25:32,22,2,0,24
2022-07-21T00:34:30,22,2,0,24
2022-07-21T00:43:29,22,2,0,24
2022-07-21T00:52:29,22,2,0,24
2022-07-21T01:01:27,22,2,0,24
2022-07-21T01:10:26,22,2,0,24
2022-07-21T01:19:33,22,2,0,24
2022-07-21T01:28:30,22,2,0,24
2022-07-21T01:37:27,22,2,0,24
2022-07-21T01:46:24,22,2,0,24
2022-07-21T01:55:22,22,2,0,24
2022-07-21T02:04:18,22,2,0,24
2022-07-21T02:13:14,22,2,0,24
2022-07-21T02:22:09,22,2,0,24
2022-07-21T02:31:04,22,2,0,24
2022-07-21T02:39:59,22,2,0,24
2022-07-21T02:48:54,22,2,0,24
2022-07-21T02:57:49,22,2,0,24
2022-07-21T03:06:43,22,2,0,24
2022-07-21T03:15:38,22,2,0,24
2022-07-21T03:24:33,22,2,0,24
2022-07-21T03:33:27,22,2,0,24
2022-07-21T03:42:23,22,2,0,24
2022-07-21T03:51:19,22,2,0,24
2022-07-21T04:00:17,22,2,0,24
2022-07-21T04:09:15,22,2,0,24
2022-07-21T04:20:44,22,2,0,24
2022-07-21T04:30:01,22,2,0,24
2022-07-21T04:39:01,22,2,0,24
2022-07-21T04:48:00,22,2,0,24
2022-07-21T04:56:58,22,2,0,24
2022-07-21T05:05:57,22,2,0,24
2022-07-21T05:14:55,22,2,0,24
2022-07-21T05:23:53,22,2,0,24
2022-07-21T05:32:50,22,2,0,24
2022-07-21T05:41:47,22,2,0,24
2022-07-21T05:50:44,22,2,0,24
2022-07-21T05:59:41,22,2,0,24
2022-07-21T06:08:39,22,2,0,24
2022-07-21T06:17:38,22,2,0,24
2022-07-21T06:26:45,22,2,0,24
2022-07-21T06:35:55,22,2,0,24
2022-07-21T06:45:06,22,2,0,24
2022-07-21T06:54:17,22,2,0,24
2022-07-21T07:03:25,22,2,0,24
2022-07-21T07:12:39,22,2,0,24
2022-07-21T07:21:56,22,2,0,24
2022-07-21T07:31:13,22,2,0,24
2022-07-21T07:40:30,22,2,0,24
2022-07-21T07:49:43,22,2,0,24
2022-07-21T07:58:49,22,2,0,24
2022-07-21T08:07:55,22,2,0,24
2022-07-21T08:17:00,22,2,0,24
2022-07-21T08:26:06,22,2,0,24
2022-07-21T08:35:14,22,2,0,24
2022-07-21T08:44:20,22,2,0,24
2022-07-21T08:53:24,22,2,0,24
2022-07-21T09:02:28,22,2,0,24
2022-07-21T09:11:27,22,2,0,24
2022-07-21T09:20:25,22,2,0,24
2022-07-21T09:29:24,22,2,0,24
2022-07-21T09:38:23,22,2,0,24
2022-07-21T09:47:21,22,2,0,24
2022-07-21T09:56:18,22,2,0,24
2022-07-21T10:05:15,22,2,0,24
2022-07-21T10:14:12,22,2,0,24
2022-07-21T10:23:19,22,2,0,24
2022-07-21T10:32:16,22,2,0,24
2022-07-21T10:41:12,22,2,0,24
2022-07-21T10:50:09,22,2,0,24
2022-07-21T10:59:07,22,2,0,24
2022-07-21T11:08:04,22,2,0,24
2022-07-21T11:17:01,22,2,0,24
2022-07-21T11:25:58,22,2,0,24
2022-07-21T11:34:54,22,2,0,24
2022-07-21T11:43:51,22,2,0,24
2022-07-21T11:52:49,22,2,0,24
2022-07-21T12:01:46,22,2,0,24
2022-07-21T12:10:53,22,2,0,24
2022-07-21T12:19:50,22,2,0,24
2022-07-21T12:28:47,22,2,0,24
2022-07-21T12:37:44,22,2,0,24
2022-07-21T12:46:41,22,2,0,24
2022-07-21T12:55:38,22,2,0,24
2022-07-21T13:04:34,22,2,0,24
2022-07-21T13:13:31,22,2,0,24
2022-07-21T13:22:30,22,2,0,24
2022-07-21T13:31:27,22,2,0,24
2022-07-21T13:40:23,22,2,0,24
2022-07-21T13:49:20,22,2,0,24
2022-07-21T13:58:16,22,2,0,24
2022-07-21T14:07:13,22,2,0,24
2022-07-21T14:16:10,22,2,0,24
2022-07-21T14:25:06,22,2,0,24
2022-07-21T14:34:02,22,2,0,24
2022-07-21T14:43:09,22,2,0,24
2022-07-21T14:52:06,22,2,0,24
2022-07-21T15:01:03,22,2,0,24
2022-07-21T15:10:00,22,2,0,24
2022-07-21T15:18:56,22,2,0,24
2022-07-21T15:27:54,22,2,0,24
2022-07-21T15:36:51,22,2,0,24
2022-07-21T15:45:47,22,2,0,24
2022-07-21T15:54:44,22,2,0,24
2022-07-21T16:03:41,22,2,0,24
2022-07-21T16:12:37,22,2,0,24
2022-07-21T16:21:33,22,2,0,24
2022-07-21T16:30:30,22,2,0,24
2022-07-21T16:39:26,22,2,0,24
2022-07-21T16:48:33,22,2,0,24
2022-07-21T16:57:29,22,2,0,24
2022-07-21T17:06:26,22,2,0,24
2022-07-21T17:15:22,22,2,0,24
2022-07-21T17:24:18,22,2,0,24
2022-07-21T17:33:14,22,2,0,24
2022-07-21T17:42:09,22,2,0,24
2022-07-21T17:51:06,22,2,0,24
2022-07-21T18:00:01,22,2,0,24
2022-07-21T18:08:58,22,2,0,24
2022-07-21T18:17:53,22,2,0,24
2022-07-21T18:26:49,22,2,0,24
2022-07-21T18:35:46,22,2,0,24
2022-07-21T18:44:41,22,2,0,24
2022-07-21T18:53:37,22,2,0,24
2022-07-21T19:02:34,22,2,0,24
2022-07-21T19:11:31,22,2,0,24
2022-07-21T19:20:28,22,2,0,24
2022-07-21T19:29:25,22,2,0,24
2022-07-21T19:38:22,22,2,0,24
2022-07-21T19:47:29,22,2,0,24
2022-07-21T19:56:25,22,2,0,24
2022-07-21T20:05:21,22,2,0,24
2022-07-21T20:14:16,22,2,0,24
2022-07-21T20:23:11,22,2,0,24
2022-07-21T20:32:07,22,2,0,24
2022-07-21T20:41:02,22,2,0,24
2022-07-21T20:49:58,22,2,0,24
2022-07-21T20:58:53,22,2,0,24
2022-07-21T21:07:48,22,2,0,24
2022-07-21T21:16:44,22,2,0,24
2022-07-21T21:25:39,22,2,0,24
2022-07-21T21:34:35,22,2,0,24
2022-07-21T21:43:31,22,2,0,24
2022-07-21T21:52:28,22,2,0,24
2022-07-21T22:01:23,22,2,0,24
2022-07-21T22:10:19,22,2,0,24
2022-07-21T22:19:14,22,2,0,24
2022-07-21T22:28:09,22,2,0,24
2022-07-21T22:37:05,22,2,0,24
2022-07-21T22:46:01,22,2,0,24
2022-07-21T22:54:56,22,2,0,24
2022-07-21T23:03:52,22,2,0,24
2022-07-21T23:12:49,22,2,0,24
2022-07-21T23:21:44,22,2,0,24
2022-07-21T23:30:50,22,2,0,24
2022-07-21T23:39:46,22,2,0,24
2022-07-21T23:48:41,22,2,0,24
2022-07-21T23:57:36,22,2,0,24
2022-07-22T00:06:33,22,2,0,24
2022-07-22T00:15:33,22,2,0,24
2022-07-22T00:24:31,22,2,0,24
2022-07-22T00:33:28,22,2,0,24
2022-07-22T00:42:26,22,2,0,24
2022-07-22T00:51:24,22,2,0,24
2022-07-22T01:00:22,22,2,0,24
2022-07-22T01:09:20,22,2,0,24
2022-07-22T01:18:19,22,2,0,24
2022-07-22T01:27:17,22,2,0,24
2022-07-22T01:36:16,22,2,0,24
2022-07-22T01:45:12,22,2,0,24
2022-07-22T01:54:10,22,2,0,24
2022-07-22T02:03:06,22,2,0,24
2022-07-22T02:12:03,22,2,0,24
2022-07-22T02:21:02,22,2,0,24
2022-07-22T02:30:07,22,2,0,24
2022-07-22T02:39:05,22,2,0,24
2022-07-22T02:48:02,22,2,0,24
2022-07-22T02:56:58,22,2,0,24
2022-07-22T03:05:54,22,2,0,24
2022-07-22T03:14:50,22,2,0,24
2022-07-22T03:23:46,22,2,0,24
2022-07-22T03:32:42,22,2,0,24
2022-07-22T03:41:39,22,2,0,24
2022-07-22T03:50:36,22,2,0,24
2022-07-22T03:59:33,22,2,0,24
2022-07-22T04:08:30,22,2,0,24
2022-07-22T04:27:24,22,2,0,24
2022-07-22T04:36:25,22,2,0,24
2022-07-22T04:45:23,22,2,0,24
2022-07-22T04:54:23,22,2,0,24
2022-07-22T05:03:22,22,2,0,24
2022-07-22T05:12:21,22,2,0,24
2022-07-22T05:21:18,22,2,0,24
2022-07-22T05:30:19,22,2,0,24
2022-07-22T05:39:17,22,2,0,24
2022-07-22T05:48:16,22,2,0,24
2022-07-22T05:57:14,22,2,0,24
2022-07-22T06:06:12,22,2,0,24
2022-07-22T06:15:08,22,2,0,24
2022-07-22T06:24:03,22,2,0,24
2022-07-22T06:32:58,22,2,0,24
2022-07-22T06:41:53,22,2,0,24
2022-07-22T06:50:48,22,2,0,24
2022-07-22T06:59:43,22,2,0,24
2022-07-22T07:08:40,22,2,0,24
2022-07-22T07:17:36,22,2,0,24
2022-07-22T07:26:31,22,2,0,24
2022-07-22T07:35:27,22,2,0,24
2022-07-22T07:44:24,22,2,0,24
2022-07-22T07:53:21,22,2,0,24
2022-07-22T08:02:16,22,2,0,24
2022-07-22T08:11:12,22,2,0,24
2022-07-22T08:20:08,22,2,0,24
2022-07-22T08:29:05,22,2,0,24
2022-07-22T08:38:01,22,2,0,24
2022-07-22T08:46:57,22,2,0,24
2022-07-22T08:55:53,22,2,0,24
2022-07-22T09:04:49,22,2,0,24
2022-07-22T09:13:46,22,2,0,24
2022-07-22T09:22:42,22,2,0,24
2022-07-22T09:31:38,22,2,0,24
2022-07-22T09:40:37,22,2,0,24
2022-07-22T09:49:34,22,2,0,24
2022-07-22T09:58:31,22,2,0,24
2022-07-22T10:07:27,22,2,0,24
2022-07-22T10:16:25,22,2,0,24
2022-07-22T10:25:23,22,2,0,24
2022-07-22T10:34:20,22,2,0,24
2022-07-22T10:43:17,22,2,0,24
2022-07-22T10:52:23,22,2,0,24
2022-07-22T11:01:20,22,2,0,24
2022-07-22T11:10:17,22,2,0,24
2022-07-22T11:19:14,22,2,0,24
2022-07-22T11:28:12,22,2,0,24
2022-07-22T11:37:11,22,2,0,24
2022-07-22T11:46:08,22,2,0,24
2022-07-22T11:55:05,22,2,0,24
2022-07-22T12:04:03,22,2,0,24
2022-07-22T12:13:00,22,2,0,24
2022-07-22T12:21:57,22,2,0,24
2022-07-22T12:30:53,22,2,0,24
2022-07-22T12:39:50,22,2,0,24
2022-07-22T12:48:46,22,2,0,24
2022-07-22T12:57:44,22,2,0,24
2022-07-22T13:06:42,22,2,0,24
2022-07-22T13:15:39,22,2,0,24
2022-07-22T13:24:36,22,2,0,24
2022-07-22T13:33:34,22,2,0,24
2022-07-22T13:42:32,22,2,0,24
2022-07-22T13:51:30,22,2,0,24
2022-07-22T14:00:27,22,2,0,24
2022-07-22T14:09:38,22,2,0,24
2022-07-22T14:18:37,22,2,0,24
2022-07-22T14:27:35,22,2,0,24
2022-07-22T14:36:32,22,2,0,24
2022-07-22T14:45:30,22,2,0,24
2022-07-22T14:54:27,22,2,0,24
2022-07-22T15:03:26,22,2,0,24
2022-07-22T15:12:23,22,2,0,24
2022-07-22T15:21:21,22,2,0,24
2022-07-22T15:30:18,22,2,0,24
2022-07-22T15:39:16,22,2,0,24
2022-07-22T15:48:13,22,2,0,24
2022-07-22T15:57:10,22,2,0,24
2022-07-22T16:06:07,22,2,0,24
2022-07-22T16:15:06,22,2,0,24
2022-07-22T16:24:04,22,2,0,24
2022-07-22T16:33:02,22,2,0,24
2022-07-22T16:42:00,22,2,0,24
2022-07-22T16:51:05,22,2,0,24
2022-07-22T17:00:03,22,2,0,24
2022-07-22T17:09:00,22,2,0,24
2022-07-22T17:17:58,22,2,0,24
2022-07-22T17:26:56,22,2,0,24
2022-07-22T17:35:52,22,2,0,24
2022-07-22T17:44:49,22,2,0,24
2022-07-22T17:53:46,22,2,0,24
2022-07-22T18:02:42,22,2,0,24
2022-07-22T18:11:39,22,2,0,24
2022-07-22T18:20:36,22,2,0,24
2022-07-22T18:29:33,22,2,0,24
2022-07-22T18:38:30,22,2,0,24
2022-07-22T18:47:26,22,2,0,24
2022-07-22T18:56:22,22,2,0,24
2022-07-22T19:05:19,22,2,0,24
2022-07-22T19:14:16,22,2,0,24
2022-07-22T19:23:15,22,2,0,24
2022-07-22T19:32:12,22,2,0,24
2022-07-22T19:41:09,22,2,0,24
2022-07-22T19:50:19,22,2,0,24
2022-07-22T19:59:23,22,2,0,24
2022-07-22T20:08:26,22,2,0,24
2022-07-22T20:17:30,22,2,0,24
2022-07-22T20:26:34,22,2,0,24
2022-07-22T20:35:37,22,2,0,24
2022-07-22T20:44:41,22,2,0,24
2022-07-22T20:53:45,22,2,0,24
2022-07-22T21:02:48,22,2,0,24
2022-07-22T21:11:51,22,2,0,24
2022-07-22T21:20:53,22,2,0,24
2022-07-22T21:29:53,22,2,0,24
2022-07-22T21:38:53,22,2,0,24
2022-07-22T21:47:53,22,2,0,24
2022-07-22T21:56:49,22,2,0,24
2022-07-22T22:05:46,22,2,0,24
2022-07-22T22:14:52,22,2,0,24
2022-07-22T22:23:49,22,2,0,24
2022-07-22T22:32:45,22,2,0,24
2022-07-22T22:41:43,22,2,0,24
2022-07-22T22:50:41,22,2,0,24
2022-07-22T22:59:38,22,2,0,24
2022-07-22T23:08:37,22,2,0,24
2022-07-22T23:17:33,22,2,0,24
2022-07-22T23:26:30,22,2,0,24
2022-07-22T23:35:26,22,2,0,24
2022-07-22T23:44:23,22,2,0,24
2022-07-22T23:53:28,22,2,0,24
2022-07-23T00:02:25,22,2,0,24
2022-07-23T00:11:23,22,2,0,24
2022-07-23T00:20:23,22,2,0,24
2022-07-23T00:29:21,22,2,0,24
2022-07-23T00:38:21,22,2,0,24
2022-07-23T00:47:20,22,2,0,24
2022-07-23T00:56:19,22,2,0,24
2022-07-23T01:05:18,22,2,0,24
2022-07-23T01:14:19,22,2,0,24
2022-07-23T01:23:17,22,2,0,24
2022-07-23T01:32:16,22,2,0,24
2022-07-23T01:41:13,22,2,0,24
2022-07-23T01:50:11,22,2,0,24
2022-07-23T01:59:10,22,2,0,24
2022-07-23T02:08:08,22,2,0,24
2022-07-23T02:17:06,22,2,0,24
2022-07-23T02:26:03,22,2,0,24
2022-07-23T02:35:00,22,2,0,24
2022-07-23T02:43:56,22,2,0,24
2022-07-23T02:52:53,22,2,0,24
2022-07-23T03:02:01,22,2,0,24
2022-07-23T03:10:58,22,2,0,24
2022-07-23T03:19:53,22,2,0,24
2022-07-23T03:28:48,22,2,0,24
2022-07-23T03:37:45,22,2,0,24
2022-07-23T03:46:43,22,2,0,24
2022-07-23T03:57:04,22,2,0,24
2022-07-23T04:06:51,22,2,0,24
2022-07-23T04:16:35,22,2,0,24
2022-07-23T04:25:59,22,2,0,24
2022-07-23T04:34:58,22,2,0,24
2022-07-23T04:43:57,22,2,0,24
2022-07-23T04:52:57,22,2,0,24
2022-07-23T05:01:59,22,2,0,24
2022-07-23T05:11:09,22,2,0,24
2022-07-23T05:20:09,22,2,0,24
2022-07-23T05:29:08,22,2,0,24
2022-07-23T05:38:08,22,2,0,24
2022-07-23T05:47:09,22,2,0,24
2022-07-23T05:56:08,22,2,0,24
2022-07-23T06:05:07,22,2,0,24
2022-07-23T06:14:05,22,2,0,24
2022-07-23T06:23:04,22,2,0,24
2022-07-23T06:32:03,22,2,0,24
2022-07-23T06:41:04,22,2,0,24
2022-07-23T06:50:02,22,2,0,24
2022-07-23T06:59:01,22,2,0,24
2022-07-23T07:08:03,22,2,0,24
2022-07-23T07:17:02,22,2,0,24
2022-07-23T07:26:00,22,2,0,24
2022-07-23T07:34:59,22,2,0,24
2022-07-23T07:43:57,22,2,0,24
2022-07-23T07:52:55,22,2,0,24
2022-07-23T08:01:53,22,2,0,24
2022-07-23T08:10:52,22,2,0,24
2022-07-23T08:19:50,22,2,0,24
2022-07-23T08:28:50,22,2,0,24
2022-07-23T08:37:49,22,2,0,24
2022-07-23T08:46:49,22,2,0,24
2022-07-23T08:55:48,22,2,0,24
2022-07-23T09:04:47,22,2,0,24
2022-07-23T09:13:44,22,2,0,24
2022-07-23T09:22:42,22,2,0,24
2022-07-23T09:31:39,22,2,0,24
2022-07-23T09:40:37,22,2,0,24
2022-07-23T09:49:44,22,2,0,24
2022-07-23T09:58:41,22,2,0,24
2022-07-23T10:07:38,22,2,0,24
2022-07-23T10:16:36,22,2,0,24
2022-07-23T10:25:34,22,2,0,24
2022-07-23T10:34:31,22,2,0,24
2022-07-23T10:43:28,22,2,0,24
2022-07-23T10:52:24,22,2,0,24
2022-07-23T11:01:21,22,2,0,24
2022-07-23T11:10:17,22,2,0,24
2022-07-23T11:19:13,22,2,0,24
2022-07-23T11:28:09,22,2,0,24
2022-07-23T11:37:06,22,2,0,24
2022-07-23T11:46:02,22,2,0,24
2022-07-23T11:54:58,22,2,0,24
2022-07-23T12:03:54,22,2,0,24
2022-07-23T12:12:51,22,2,0,24
2022-07-23T12:21:47,22,2,0,24
2022-07-23T12:30:43,22,2,0,24
2022-07-23T12:39:40,22,2,0,24
2022-07-23T12:48:36,22,2,0,24
2022-07-23T12:57:32,22,2,0,24
2022-07-23T13:06:28,22,2,0,24
2022-07-23T13:15:25,22,2,0,24
2022-07-23T13:24:22,22,2,0,24
2022-07-23T13:33:19,22,2,0,24
2022-07-23T13:42:15,22,2,0,24
2022-07-23T13:51:11,22,2,0,24
2022-07-23T14:00:21,22,2,0,24
2022-07-23T14:09:17,22,2,0,24
2022-07-23T14:18:13,22,2,0,24
2022-07-23T14:27:10,22,2,0,24
2022-07-23T14:36:06,22,2,0,24
2022-07-23T14:45:02,22,2,0,24
2022-07-23T14:54:00,22,2,0,24
2022-07-23T15:02:56,22,2,0,24
2022-07-23T15:11:52,22,2,0,24
2022-07-23T15:20:48,22,2,0,24
2022-07-23T15:29:45,22,2,0,24
2022-07-23T15:38:41,22,2,0,24
2022-07-23T15:47:37,22,2,0,24
2022-07-23T15:56:33,22,2,0,24
2022-07-23T16:05:29,22,2,0,24
2022-07-23T16:14:25,22,2,0,24
2022-07-23T16:23:23,22,2,0,24
2022-07-23T16:32:19,22,2,0,24
2022-07-23T16:41:15,22,2,0,24
2022-07-23T16:50:11,22,2,0,24
2022-07-23T16:59:07,22,2,0,24
2022-07-23T17:08:04,22,2,0,24
2022-07-23T17:17:01,22,2,0,24
2022-07-23T17:25:58,22,2,0,24
2022-07-23T17:34:54,22,2,0,24
2022-07-23T17:43:49,22,2,0,24
2022-07-23T17:52:45,22,2,0,24
2022-07-23T18:01:42,22,2,0,24
2022-07-23T18:10:38,22,2,0,24
2022-07-23T18:19:34,22,2,0,24
2022-07-23T18:28:31,22,2,0,24
2022-07-23T18:37:38,22,2,0,24
2022-07-23T18:46:34,22,2,0,24
2022-07-23T18:55:29,22,2,0,24
2022-07-23T19:04:25,22,2,0,24
2022-07-23T19:13:21,22,2,0,24
2022-07-23T19:22:17,22,2,0,24
2022-07-23T19:31:13,22,2,0,24
2022-07-23T19:40:09,22,2,0,24
2022-07-23T19:49:05,22,2,0,24
2022-07-23T19:58:02,22,2,0,24
2022-07-23T20:06:59,22,2,0,24
2022-07-23T20:15:56,22,2,0,24
2022-07-23T20:24:53,22,2,0,24
2022-07-23T20:33:49,22,2,0,24
2022-07-23T20:42:45,22,2,0,24
2022-07-23T20:51:41,22,2,0,24
2022-07-23T21:00:37,22,2,0,24
2022-07-23T21:09:34,22,2,0,24
2022-07-23T21:18:30,22,2,0,24
2022-07-23T21:27:27,22,2,0,24
2022-07-23T21:36:23,22,2,0,24
2022-07-23T21:45:19,22,2,0,24
2022-07-23T21:54:18,22,2,0,24
2022-07-23T22:03:24,22,2,0,24
2022-07-23T22:12:21,22,2,0,24
2022-07-23T22:21:18,22,2,0,24
2022-07-23T22:30:14,22,2,0,24
2022-07-23T22:39:10,22,2,0,24
2022-07-23T22:48:07,22,2,0,24
2022-07-23T22:57:03,22,2,0,24
2022-07-23T23:06:00,22,2,0,24
2022-07-23T23:14:57,22,2,0,24
2022-07-23T23:23:54,22,2,0,24
2022-07-23T23:32:50,22,2,0,24
2022-07-23T23:41:46,22,2,0,24
2022-07-23T23:50:42,22,2,0,24
2022-07-23T23:59:39,22,2,0,24
2022-07-24T00:08:37,22,2,0,24
2022-07-24T00:17:37,22,2,0,24
2022-07-24T00:26:35,22,2,0,24
2022-07-24T00:35:33,22,2,0,24
2022-07-24T00:44:30,22,2,0,24
2022-07-24T00:53:29,22,2,0,24
2022-07-24T01:02:26,22,2,0,24
2022-07-24T01:11:22,22,2,0,24
2022-07-24T01:20:18,22,2,0,24
2022-07-24T01:29:14,22,2,0,24
2022-07-24T01:38:10,22,2,0,24
2022-07-24T01:47:06,22,2,0,24
2022-07-24T01:56:13,22,2,0,24
2022-07-24T02:05:11,22,2,0,24
2022-07-24T02:14:07,22,2,0,24
2022-07-24T02:23:07,22,2,0,24
2022-07-24T02:32:11,22,2,0,24
2022-07-24T02:41:11,22,2,0,24
2022-07-24T02:50:10,22,2,0,24
2022-07-24T02:59:28,22,2,0,24
2022-07-24T03:08:28,22,2,0,24
2022-07-24T03:17:28,22,2,0,24
2022-07-24T03:26:27,22,2,0,24
2022-07-24T03:35:28,22,2,0,24
2022-07-24T03:44:27,22,2,0,24
2022-07-24T03:53:25,22,2,0,24
2022-07-24T04:02:23,22,2,0,24
2022-07-24T04:17:49,22,2,0,24
2022-07-24T04:27:14,22,2,0,24
2022-07-24T04:36:14,22,2,0,24
2022-07-24T04:45:13,22,2,0,24
2022-07-24T04:54:14,22,2,0,24
2022-07-24T05:03:14,22,2,0,24
2022-07-24T05:12:15,22,2,0,24
2022-07-24T05:21:14,22,2,0,24
2022-07-24T05:30:14,22,2,0,24
2022-07-24T05:39:14,22,2,0,24
2022-07-24T05:48:13,22,2,0,24
2022-07-24T05:57:11,22,2,0,24
2022-07-24T06:06:10,22,2,0,24
2022-07-24T06:15:09,22,2,0,24
2022-07-24T06:24:08,22,2,0,24
2022-07-24T06:33:07,22,2,0,24
2022-07-24T06:42:08,22,2,0,24
2022-07-24T06:51:04,22,2,0,24
2022-07-24T07:00:00,22,2,0,24
2022-07-24T07:08:57,22,2,0,24
2022-07-24T07:17:53,22,2,0,24
2022-07-24T07:26:50,22,2,0,24
2022-07-24T07:35:46,22,2,0,24
2022-07-24T07:44:43,22,2,0,24
2022-07-24T07:53:39,22,2,0,24
2022-07-24T08:02:35,22,2,0,24
2022-07-24T08:11:32,22,2,0,24
2022-07-24T08:20:28,22,2,0,24
2022-07-24T08:29:27,22,2,0,24
2022-07-24T08:38:24,22,2,0,24
2022-07-24T08:47:22,22,2,0,24
2022-07-24T08:56:18,22,2,0,24
2022-07-24T09:05:16,22,2,0,24
2022-07-24T09:14:13,22,2,0,24
2022-07-24T09:23:09,22,2,0,24
2022-07-24T09:32:05,22,2,0,24
2022-07-24T09:41:05,22,2,0,24
2022-07-24T09:50:03,22,2,0,24
2022-07-24T09:59:00,22,2,0,24
2022-07-24T10:07:58,22,2,0,24
2022-07-24T10:16:55,22,2,0,24
2022-07-24T10:25:54,22,2,0,24
2022-07-24T10:34:51,22,2,0,24
2022-07-24T10:43:47,22,2,0,24
2022-07-24T10:52:44,22,2,0,24
2022-07-24T11:01:51,22,2,0,24
2022-07-24T11:10:47,22,2,0,24
2022-07-24T11:19:45,22,2,0,24
2022-07-24T11:28:42,22,2,0,24
2022-07-24T11:37:39,22,2,0,24
2022-07-24T11:46:37,22,2,0,24
2022-07-24T11:55:33,22,2,0,24
2022-07-24T12:04:31,22,2,0,24
2022-07-24T12:13:27,22,2,0,24
2022-07-24T12:22:24,22,2,0,24
2022-07-24T12:31:21,22,2,0,24
2022-07-24T12:40:18,22,2,0,24
2022-07-24T12:49:15,22,2,0,24
2022-07-24T12:58:12,22,2,0,24
2022-07-24T13:07:08,22,2,0,24
2022-07-24T13:16:05,22,2,0,24
2022-07-24T13:25:01,22,2,0,24
2022-07-24T13:33:58,22,2,0,24
2022-07-24T13:42:54,22,2,0,24
2022-07-24T13:51:51,22,2,0,24
2022-07-24T14:00:48,22,2,0,24
2022-07-24T14:09:57,22,2,0,24
2022-07-24T14:18:53,22,2,0,24
2022-07-24T14:27:49,22,2,0,24
2022-07-24T14:36:46,22,2,0,24
2022-07-24T14:45:42,22,2,0,24
2022-07-24T14:54:39,22,2,0,24
2022-07-24T15:03:35,22,2,0,24
2022-07-24T15:12:32,22,2,0,24
2022-07-24T15:21:29,22,2,0,24
2022-07-24T15:30:26,22,2,0,24
2022-07-24T15:39:22,22,2,0,24
2022-07-24T15:48:19,22,2,0,24
2022-07-24T15:57:15,22,2,0,24
2022-07-24T16:06:12,22,2,0,24
2022-07-24T16:15:09,22,2,0,24
2022-07-24T16:24:05,22,2,0,24
2022-07-24T16:33:03,22,2,0,24
2022-07-24T16:41:59,22,2,0,24
2022-07-24T16:50:55,22,2,0,24
2022-07-24T16:59:52,22,2,0,24
2022-07-24T17:08:48,22,2,0,24
2022-07-24T17:17:45,22,2,0,24
2022-07-24T17:26:52,22,2,0,24
2022-07-24T17:35:48,22,2,0,24
2022-07-24T17:44:45,22,2,0,24
2022-07-24T17:53:41,22,2,0,24
2022-07-24T18:02:37,22,2,0,24
2022-07-24T18:11:34,22,2,0,24
2022-07-24T18:20:31,22,2,0,24
2022-07-24T18:29:27,22,2,0,24
2022-07-24T18:38:24,22,2,0,24
2022-07-24T18:47:21,22,2,0,24
2022-07-24T18:56:18,22,2,0,24
2022-07-24T19:05:15,22,2,0,24
2022-07-24T19:14:12,22,2,0,24
2022-07-24T19:23:09,22,2,0,24
2022-07-24T19:32:06,22,2,0,24
2022-07-24T19:41:02,22,2,0,24
2022-07-24T19:49:59,22,2,0,24
2022-07-24T19:58:56,22,2,0,24
2022-07-24T20:07:53,22,2,0,24
2022-07-24T20:16:50,22,2,0,24
2022-07-24T20:25:57,22,2,0,24
2022-07-24T20:34:54,22,2,0,24
2022-07-24T20:43:50,22,2,0,24
2022-07-24T20:52:48,22,2,0,24
2022-07-24T21:01:45,22,2,0,24
2022-07-24T21:10:42,22,2,0,24
2022-07-24T21:19:39,22,2,0,24
2022-07-24T21:28:35,22,2,0,24
2022-07-24T21:37:33,22,2,0,24
2022-07-24T21:46:30,22,2,0,24
2022-07-24T21:55:27,22,2,0,24
2022-07-24T22:04:24,22,2,0,24
2022-07-24T22:13:21,22,2,0,24
2022-07-24T22:22:18,22,2,0,24
2022-07-24T22:31:16,22,2,0,24
2022-07-24T22:40:14,22,2,0,24
2022-07-24T22:49:10,22,2,0,24
2022-07-24T22:58:07,22,2,0,24
2022-07-24T23:07:17,22,2,0,24
2022-07-24T23:16:15,22,2,0,24
2022-07-24T23:25:13,22,2,0,24
2022-07-24T23:34:10,22,2,0,24
2022-07-24T23:43:07,22,2,0,24
2022-07-24T23:52:03,22,2,0,24
2022-07-25T00:01:00,22,2,0,24
2022-07-25T00:09:57,22,2,0,24
2022-07-25T00:19:02,22,2,0,24
2022-07-25T00:28:05,22,2,0,24
2022-07-25T00:37:11,22,2,0,24
2022-07-25T00:46:14,22,2,0,24
2022-07-25T00:55:13,22,2,0,24
2022-07-25T01:04:08,22,2,0,24
2022-07-25T01:13:05,22,2,0,24
2022-07-25T01:22:02,22,2,0,24
2022-07-25T01:30:58,22,2,0,24
2022-07-25T01:39:54,22,2,0,24
2022-07-25T01:48:49,22,2,0,24
2022-07-25T01:57:46,22,2,0,24
2022-07-25T02:06:42,22,2,0,24
2022-07-25T02:15:39,22,2,0,24
2022-07-25T02:24:34,22,2,0,24
2022-07-25T02:33:30,22,2,0,24
2022-07-25T02:42:26,22,2,0,24
2022-07-25T02:51:20,22,2,0,24
2022-07-25T03:00:14,22,2,0,24
2022-07-25T03:09:09,22,2,0,24
2022-07-25T03:18:03,22,2,0,24
2022-07-25T03:26:58,22,2,0,24
2022-07-25T03:35:52,22,2,0,24
2022-07-25T03:44:50,22,2,0,24
2022-07-25T03:53:46,22,2,0,24
2022-07-25T04:02:42,22,2,0,24
2022-07-25T04:14:15,22,2,0,24
2022-07-25T04:24:31,22,2,0,24
2022-07-25T04:33:48,22,2,0,24
2022-07-25T04:42:48,22,2,0,24
2022-07-25T04:51:48,22,2,0,24
2022-07-25T05:00:47,22,2,0,24
2022-07-25T05:09:51,22,2,0,24
2022-07-25T05:18:51,22,2,0,24
2022-07-25T05:27:50,22,2,0,24
2022-07-25T05:36:51,22,2,0,24
2022-07-25T05:45:48,22,2,0,24
2022-07-25T05:54:46,22,2,0,24
2022-07-25T06:03:45,22,2,0,24
2022-07-25T06:12:43,22,2,0,24
2022-07-25T06:21:41,22,2,0,24
2022-07-25T06:30:41,22,2,0,24
2022-07-25T06:39:38,22,2,0,24
2022-07-25T06:48:34,22,2,0,24
2022-07-25T06:57:32,22,2,0,24
2022-07-25T07:06:29,22,2,0,24
2022-07-25T07:15:26,22,2,0,24
2022-07-25T07:24:24,22,2,0,24
2022-07-25T07:33:22,22,2,0,24
2022-07-25T07:42:20,22,2,0,24
2022-07-25T07:51:18,22,2,0,24
2022-07-25T08:00:17,22,2,0,24
2022-07-25T08:09:15,22,2,0,24
2022-07-25T08:18:18,22,2,0,24
2022-07-25T08:27:22,22,2,0,24
2022-07-25T08:36:21,22,2,0,24
2022-07-25T08:45:19,22,2,0,24
2022-07-25T08:54:16,22,2,0,24
2022-07-25T09:03:15,22,2,0,24
2022-07-25T09:12:13,22,2,0,24
2022-07-25T09:21:11,22,2,0,24
2022-07-25T09:30:10,22,2,0,24
2022-07-25T09:39:33,22,2,0,24
2022-07-25T09:48:31,22,2,0,24
2022-07-25T09:57:30,22,2,0,24
2022-07-25T10:06:28,22,2,0,24
2022-07-25T10:15:27,22,2,0,24
2022-07-25T10:24:25,22,2,0,24
2022-07-25T10:33:23,22,2,0,24
2022-07-25T10:42:21,22,2,0,24
2022-07-25T10:51:21,22,2,0,24
2022-07-25T11:00:20,22,2,0,24
2022-07-25T11:09:19,22,2,0,24
2022-07-25T11:18:18,22,2,0,24
2022-07-25T11:27:16,22,2,0,24
2022-07-25T11:36:14,22,2,0,24
2022-07-25T11:45:25,22,2,0,24
2022-07-25T11:54:23,22,2,0,24
2022-07-25T12:03:22,22,2,0,24
2022-07-25T12:12:21,22,2,0,24
2022-07-25T12:21:19,22,2,0,24
2022-07-25T12:30:16,22,2,0,24
2022-07-25T12:39:14,22,2,0,24
2022-07-25T12:48:12,22,2,0,24
2022-07-25T12:57:10,22,2,0,24
2022-07-25T13:06:09,22,2,0,24
2022-07-25T13:15:07,22,2,0,24
2022-07-25T13:24:06,22,2,0,24
2022-07-25T13:33:05,22,2,0,24
2022-07-25T13:42:04,22,2,0,24
2022-07-25T13:51:14,22,2,0,24
2022-07-25T14:00:13,22,2,0,24
2022-07-25T14:09:14,22,2,0,24
2022-07-25T14:18:13,22,2,0,24
2022-07-25T14:27:12,22,2,0,24
2022-07-25T14:36:11,22,2,0,24
2022-07-25T14:45:11,22,2,0,24
2022-07-25T14:54:10,22,2,0,24
2022-07-25T15:03:09,22,2,0,24
2022-07-25T15:12:08,22,2,0,24
2022-07-25T15:21:06,22,2,0,24
2022-07-25T15:30:04,22,2,0,24
2022-07-25T15:39:03,22,2,0,24
2022-07-25T15:48:02,22,2,0,24
2022-07-25T15:57:11,22,2,0,24
2022-07-25T16:06:10,22,2,0,24
2022-07-25T16:15:09,22,2,0,24
2022-07-25T16:24:09,22,2,0,24
2022-07-25T16:33:07,22,2,0,24
2022-07-25T16:42:05,22,2,0,24
2022-07-25T16:51:03,22,2,0,24
2022-07-25T17:00:00,22,2,0,24
2022-07-25T17:08:59,22,2,0,24
2022-07-25T17:17:58,22,2,0,24
2022-07-25T17:26:55,22,2,0,24
2022-07-25T17:35:52,22,2,0,24
2022-07-25T17:44:50,22,2,0,24
2022-07-25T17:53:47,22,2,0,24
2022-07-25T18:03:04,22,2,0,24
2022-07-25T18:12:01,22,2,0,24
2022-07-25T18:20:58,22,2,0,24
2022-07-25T18:29:55,22,2,0,24
2022-07-25T18:38:52,22,2,0,24
2022-07-25T18:47:50,22,2,0,24
2022-07-25T18:56:47,22,2,0,24
2022-07-25T19:05:46,22,2,0,24
2022-07-25T19:14:44,22,2,0,24
2022-07-25T19:23:41,22,2,0,24
2022-07-25T19:32:40,22,2,0,24
2022-07-25T19:41:37,22,2,0,24
2022-07-25T19:50:34,22,2,0,24
2022-07-25T19:59:41,22,2,0,24
2022-07-25T20:08:38,22,2,0,24
2022-07-25T20:17:36,22,2,0,24
2022-07-25T20:26:32,22,2,0,24
2022-07-25T20:35:29,22,2,0,24
2022-07-25T20:44:27,22,2,0,24
2022-07-25T20:53:24,22,2,0,24
2022-07-25T21:02:20,22,2,0,24
2022-07-25T21:11:18,22,2,0,24
2022-07-25T21:20:15,22,2,0,24
2022-07-25T21:29:12,22,2,0,24
2022-07-25T21:38:09,22,2,0,24
2022-07-25T21:47:07,22,2,0,24
2022-07-25T21:56:04,22,2,0,24
2022-07-25T22:05:01,22,2,0,24
2022-07-25T22:13:59,22,2,0,24
2022-07-25T22:22:56,22,2,0,24
2022-07-25T22:31:53,22,2,0,24
2022-07-25T22:41:01,22,2,0,24
2022-07-25T22:49:58,22,2,0,24
2022-07-25T22:58:58,22,2,0,24
2022-07-25T23:07:56,22,2,0,24
2022-07-25T23:16:54,22,2,0,24
2022-07-25T23:25:51,22,2,0,24
2022-07-25T23:34:49,22,2,0,24
2022-07-25T23:43:46,22,2,0,24
2022-07-25T23:52:42,22,2,0,24
2022-07-26T00:01:40,22,2,0,24
2022-07-26T00:10:38,22,2,0,24
2022-07-26T00:19:37,22,2,0,24
2022-07-26T00:28:37,22,2,0,24
2022-07-26T00:37:35,22,2,0,24
2022-07-26T00:46:34,22,2,0,24
2022-07-26T00:55:35,22,2,0,24
2022-07-26T01:04:34,22,2,0,24
2022-07-26T01:14:00,22,2,0,24
2022-07-26T01:22:59,22,2,0,24
2022-07-26T01:31:58,22,2,0,24
2022-07-26T01:40:56,22,2,0,24
2022-07-26T01:49:55,22,2,0,24
2022-07-26T01:58:54,22,2,0,24
2022-07-26T02:07:53,22,2,0,24
2022-07-26T02:16:50,22,2,0,24
2022-07-26T02:25:49,22,2,0,24
2022-07-26T02:34:46,22,2,0,24
2022-07-26T02:43:42,22,2,0,24
2022-07-26T02:52:39,22,2,0,24
2022-07-26T03:01:35,22,2,0,24
2022-07-26T03:10:31,22,2,0,24
2022-07-26T03:19:27,22,2,0,24
2022-07-26T03:28:23,22,2,0,24
2022-07-26T03:37:19,22,2,0,24
2022-07-26T03:46:17,22,2,0,24
2022-07-26T03:57:28,22,2,0,24
2022-07-26T04:06:41,22,2,0,24
2022-07-26T04:15:40,22,2,0,24
2022-07-26T04:25:44,22,2,0,24
2022-07-26T04:35:11,22,2,0,24
2022-07-26T04:44:12,22,2,0,24
2022-07-26T04:53:14,22,2,0,24
2022-07-26T05:02:27,22,2,0,24
2022-07-26T05:11:28,22,2,0,24
2022-07-26T05:20:28,22,2,0,24
2022-07-26T05:29:26,22,2,0,24
2022-07-26T05:38:29,22,2,0,24
2022-07-26T05:47:28,22,2,0,24
2022-07-26T05:56:27,22,2,0,24
2022-07-26T06:05:30,22,2,0,24
2022-07-26T06:14:29,22,2,0,24
2022-07-26T06:23:28,22,2,0,24
2022-07-26T06:32:27,22,2,0,24
2022-07-26T06:41:27,22,2,0,24
2022-07-26T06:50:27,22,2,0,24
2022-07-26T06:59:28,22,2,0,24
2022-07-26T07:08:29,22,2,0,24
2022-07-26T07:17:28,22,2,0,24
2022-07-26T07:26:28,22,2,0,24
2022-07-26T07:35:27,22,2,0,24
2022-07-26T07:44:26,22,2,0,24
2022-07-26T07:53:26,22,2,0,24
2022-07-26T08:02:25,22,2,0,24
2022-07-26T08:11:24,22,2,0,24
2022-07-26T08:20:25,22,2,0,24
2022-07-26T08:29:25,22,2,0,24
2022-07-26T08:38:24,22,2,0,24
2022-07-26T08:47:22,22,2,0,24
2022-07-26T08:56:20,22,2,0,24
2022-07-26T09:05:18,22,2,0,24
2022-07-26T09:14:17,22,2,0,24
2022-07-26T09:23:16,22,2,0,24
2022-07-26T09:32:14,22,2,0,24
2022-07-26T09:41:38,22,2,0,24
2022-07-26T09:50:37,22,2,0,24
2022-07-26T09:59:35,22,2,0,24
2022-07-26T10:08:33,22,2,0,24
2022-07-26T10:17:32,22,2,0,24
2022-07-26T10:26:30,22,2,0,24
2022-07-26T10:35:28,22,2,0,24
2022-07-26T10:44:27,22,2,0,24
2022-07-26T10:53:26,22,2,0,24
2022-07-26T11:02:25,22,2,0,24
2022-07-26T11:11:24,22,2,0,24
2022-07-26T11:20:22,22,2,0,24
2022-07-26T11:29:22,22,2,0,24
2022-07-26T11:38:20,22,2,0,24
2022-07-26T11:47:19,22,2,0,24
2022-07-26T11:56:17,22,2,0,24
2022-07-26T12:05:16,22,2,0,24
2022-07-26T12:14:14,22,2,0,24
2022-07-26T12:23:25,22,2,0,24
2022-07-26T12:32:23,22,2,0,24
2022-07-26T12:41:20,22,2,0,24
2022-07-26T12:50:18,22,2,0,24
2022-07-26T12:59:16,22,2,0,24
2022-07-26T13:08:15,22,2,0,24
2022-07-26T13:17:13,22,2,0,24
2022-07-26T13:26:12,22,2,0,24
2022-07-26T13:35:10,22,2,0,24
2022-07-26T13:44:09,22,2,0,24
2022-07-26T13:53:07,22,2,0,24
2022-07-26T14:02:33,22,2,0,24
2022-07-26T14:11:32,22,2,0,24
2022-07-26T14:20:31,22,2,0,24
2022-07-26T14:29:29,22,2,0,24
2022-07-26T14:38:27,22,2,0,24
2022-07-26T14:47:26,22,2,0,24
2022-07-26T14:56:24,22,2,0,24
2022-07-26T15:05:22,22,2,0,24
2022-07-26T15:14:20,22,2,0,24
2022-07-26T15:23:18,22,2,0,24
2022-07-26T15:32:17,22,2,0,24
2022-07-26T15:41:16,22,2,0,24
2022-07-26T15:50:26,22,2,0,24
2022-07-26T15:59:25,22,2,0,24
2022-07-26T16:08:23,22,2,0,24
2022-07-26T16:17:21,22,2,0,24
2022-07-26T16:26:19,22,2,0,24
2022-07-26T16:35:17,22,2,0,24
2022-07-26T16:44:14,22,2,0,24
2022-07-26T16:53:12,22,2,0,24
2022-07-26T17:02:10,22,2,0,24
2022-07-26T17:11:07,22,2,0,24
2022-07-26T17:20:06,22,2,0,24
2022-07-26T17:29:22,22,2,0,24
2022-07-26T17:38:19,22,2,0,24
2022-07-26T17:47:16,22,2,0,24
2022-07-26T17:56:14,22,2,0,24
2022-07-26T18:05:11,22,2,0,24
2022-07-26T18:14:08,22,2,0,24
2022-07-26T18:23:06,22,2,0,24
2022-07-26T18:32:03,22,2,0,24
2022-07-26T18:41:00,22,2,0,24
2022-07-26T18:49:58,22,2,0,24
2022-07-26T18:58:55,22,2,0,24
2022-07-26T19:07:53,22,2,0,24
2022-07-26T19:16:50,22,2,0,24
2022-07-26T19:25:48,22,2,0,24
2022-07-26T19:34:46,22,2,0,24
2022-07-26T19:43:53,22,2,0,24
2022-07-26T19:52:50,22,2,0,24
2022-07-26T20:01:47,22,2,0,24
2022-07-26T20:10:44,22,2,0,24
2022-07-26T20:19:41,22,2,0,24
2022-07-26T20:28:39,22,2,0,24
2022-07-26T20:37:36,22,2,0,24
2022-07-26T20:46:33,22,2,0,24
2022-07-26T20:55:29,22,2,0,24
2022-07-26T21:04:26,22,2,0,24
2022-07-26T21:13:24,22,2,0,24
2022-07-26T21:22:21,22,2,0,24
2022-07-26T21:31:18,22,2,0,24
2022-07-26T21:40:15,22,2,0,24
2022-07-26T21:49:12,22,2,0,24
2022-07-26T21:58:09,22,2,0,24
2022-07-26T22:07:27,22,2,0,24
2022-07-26T22:16:24,22,2,0,24
2022-07-26T22:25:21,22,2,0,24
2022-07-26T22:34:17,22,2,0,24
2022-07-26T22:43:17,22,2,0,24
2022-07-26T22:52:14,22,2,0,24
2022-07-26T23:01:11,22,2,0,24
2022-07-26T23:10:09,22,2,0,24
2022-07-26T23:19:06,22,2,0,24
2022-07-26T23:28:03,22,2,0,24
2022-07-26T23:37:01,22,2,0,24
2022-07-26T23:45:57,22,2,0,24
2022-07-26T23:54:54,22,2,0,24
2022-07-27T00:03:52,22,2,0,24
2022-07-27T00:12:50,22,2,0,24
2022-07-27T00:21:50,22,2,0,24
2022-07-27T00:30:47,22,2,0,24
2022-07-27T00:39:47,22,2,0,24
2022-07-27T00:48:47,22,2,0,24
2022-07-27T00:57:58,22,2,0,24
2022-07-27T01:06:58,22,2,0,24
2022-07-27T01:15:57,22,2,0,24
2022-07-27T01:24:57,22,2,0,24
2022-07-27T01:33:58,22,2,0,24
2022-07-27T01:42:56,22,2,0,24
2022-07-27T01:51:55,22,2,0,24
2022-07-27T02:00:54,22,2,0,24
2022-07-27T02:09:52,22,2,0,24
2022-07-27T02:18:52,22,2,0,24
2022-07-27T02:27:59,22,2,0,24
2022-07-27T02:36:58,22,2,0,24
2022-07-27T02:45:57,22,2,0,24
2022-07-27T02:54:55,22,2,0,24
2022-07-27T03:03:53,22,2,0,24
2022-07-27T03:12:50,22,2,0,24
2022-07-27T03:21:47,22,2,0,24
2022-07-27T03:30:44,22,2,0,24
2022-07-27T03:39:42,22,2,0,24
2022-07-27T03:48:41,22,2,0,24
2022-07-27T03:57:40,22,2,0,24
2022-07-27T04:06:39,22,2,0,24
2022-07-27T04:16:10,22,2,0,24
2022-07-27T04:25:34,22,2,0,24
2022-07-27T04:34:35,22,2,0,24
2022-07-27T04:43:35,22,2,0,24
2022-07-27T04:52:35,22,2,0,24
2022-07-27T05:01:35,22,2,0,24
2022-07-27T05:10:34,22,2,0,24
2022-07-27T05:19:33,22,2,0,24
2022-07-27T05:29:18,22,2,0,24
2022-07-27T05:39:11,22,2,0,24
2022-07-27T05:48:10,22,2,0,24
2022-07-27T05:57:10,22,2,0,24
2022-07-27T06:06:10,22,2,0,24
2022-07-27T06:15:09,22,2,0,24
2022-07-27T06:24:06,22,2,0,24
2022-07-27T06:33:03,22,2,0,24
2022-07-27T06:42:00,22,2,0,24
2022-07-27T08:19:09,22,2,0,24
2022-07-27T08:28:39,22,2,0,24
2022-07-27T08:37:37,22,2,0,24
2022-07-27T08:46:36,22,2,0,24
2022-07-27T08:55:34,22,2,0,24
2022-07-27T09:04:33,22,2,0,24
2022-07-27T09:13:32,22,2,0,24
2022-07-27T09:22:30,22,2,0,24
2022-07-27T09:31:28,22,2,0,24
2022-07-27T09:40:27,22,2,0,24
2022-07-27T09:49:25,22,2,0,24
2022-07-27T09:58:24,22,2,0,24
2022-07-27T10:07:23,22,2,0,24
2022-07-27T10:16:22,22,2,0,24
2022-07-27T10:25:20,22,2,0,24
2022-07-27T10:34:19,22,2,0,24
2022-07-27T10:43:17,22,2,0,24
2022-07-27T10:52:16,22,2,0,24
2022-07-27T11:01:14,22,2,0,24
2022-07-27T11:10:13,22,2,0,24
2022-07-27T11:19:14,22,2,0,24
2022-07-27T11:28:21,22,2,0,24
2022-07-27T11:37:19,22,2,0,24
2022-07-27T11:46:18,22,2,0,24
2022-07-27T11:55:16,22,2,0,24
2022-07-27T12:04:14,22,2,0,24
2022-07-27T12:13:12,22,2,0,24
2022-07-27T12:22:10,22,2,0,24
2022-07-27T12:31:08,22,2,0,24
2022-07-27T12:40:07,22,2,0,24
2022-07-27T12:49:05,22,2,0,24
2022-07-27T12:58:03,22,2,0,24
2022-07-27T13:07:01,22,2,0,24
2022-07-27T13:15:59,22,2,0,24
2022-07-27T13:24:58,22,2,0,24
2022-07-27T13:33:56,22,2,0,24
2022-07-27T13:42:55,22,2,0,24
2022-07-27T13:51:54,22,2,0,24
2022-07-27T14:01:04,22,2,0,24
2022-07-27T14:10:02,22,2,0,24
2022-07-27T14:19:01,22,2,0,24
2022-07-27T14:27:59,22,2,0,24
2022-07-27T14:36:58,22,2,0,24
2022-07-27T14:45:56,22,2,0,24
2022-07-27T14:54:54,22,2,0,24
2022-07-27T15:03:52,22,2,0,24
2022-07-27T15:12:50,22,2,0,24
2022-07-27T15:21:48,22,2,0,24
2022-07-27T15:30:46,22,2,0,24
2022-07-27T15:39:44,22,2,0,24
2022-07-27T15:48:42,22,2,0,24
2022-07-27T15:57:40,22,2,0,24
2022-07-27T16:06:51,22,2,0,24
2022-07-27T16:15:49,22,2,0,24
2022-07-27T16:24:47,22,2,0,24
2022-07-27T16:33:45,22,2,0,24
2022-07-27T16:42:42,22,2,0,24
2022-07-27T16:51:40,22,2,0,24
2022-07-27T17:00:38,22,2,0,24
2022-07-27T17:09:36,22,2,0,24
2022-07-27T17:18:33,22,2,0,24
2022-07-27T17:27:30,22,2,0,24
2022-07-27T17:36:27,22,2,0,24
2022-07-27T17:45:25,22,2,0,24
2022-07-27T17:54:22,22,2,0,24
2022-07-27T18:03:19,22,2,0,24
2022-07-27T18:12:28,22,2,0,24
2022-07-27T18:21:25,22,2,0,24
2022-07-27T18:30:23,22,2,0,24
2022-07-27T18:39:20,22,2,0,24
2022-07-27T18:48:17,22,2,0,24
2022-07-27T18:57:14,22,2,0,24
2022-07-27T19:06:11,22,2,0,24
2022-07-27T19:15:09,22,2,0,24
2022-07-27T19:24:06,22,2,0,24
2022-07-27T19:33:03,22,2,0,24
2022-07-27T19:42:00,22,2,0,24
2022-07-27T19:50:57,22,2,0,24
2022-07-27T19:59:54,22,2,0,24
2022-07-27T20:08:52,22,2,0,24
2022-07-27T20:17:49,22,2,0,24
2022-07-27T20:26:46,22,2,0,24
2022-07-27T20:35:43,22,2,0,24
2022-07-27T20:44:40,22,2,0,24
2022-07-27T20:53:48,22,2,0,24
2022-07-27T21:02:45,22,2,0,24
2022-07-27T21:11:42,22,2,0,24
2022-07-27T21:20:40,22,2,0,24
2022-07-27T21:29:37,22,2,0,24
2022-07-27T21:38:35,22,2,0,24
2022-07-27T21:47:33,22,2,0,24
2022-07-27T21:56:31,22,2,0,24
2022-07-27T22:05:28,22,2,0,24
2022-07-27T22:14:26,22,2,0,24
2022-07-27T22:23:22,22,2,0,24
2022-07-27T22:32:19,22,2,0,24
2022-07-27T22:41:17,22,2,0,24
2022-07-27T22:50:14,22,2,0,24
2022-07-27T22:59:12,22,2,0,24
2022-07-27T23:08:10,22,2,0,24
2022-07-27T23:17:07,22,2,0,24
2022-07-27T23:26:04,22,2,0,24
2022-07-27T23:35:02,22,2,0,24
2022-07-27T23:43:59,22,2,0,24
2022-07-27T23:52:56,22,2,0,24
2022-07-28T00:01:53,22,2,0,24
2022-07-28T00:10:52,22,2,0,24
2022-07-28T00:19:52,22,2,0,24
2022-07-28T00:28:49,22,2,0,24
2022-07-28T00:38:09,22,2,0,24
2022-07-28T00:47:19,22,2,0,24
2022-07-28T00:56:20,22,2,0,24
2022-07-28T01:05:19,22,2,0,24
2022-07-28T01:14:18,22,2,0,24
2022-07-28T01:23:16,22,2,0,24
2022-07-28T01:32:15,22,2,0,24
2022-07-28T01:41:14,22,2,0,24
2022-07-28T01:50:14,22,2,0,24
2022-07-28T01:59:13,22,2,0,24
2022-07-28T02:08:11,22,2,0,24
2022-07-28T02:17:09,22,2,0,24
2022-07-28T02:26:05,22,2,0,24
2022-07-28T02:35:03,22,2,0,24
2022-07-28T02:43:59,22,2,0,24
2022-07-28T02:52:56,22,2,0,24
2022-07-28T03:01:52,22,2,0,24
2022-07-28T03:10:48,22,2,0,24
2022-07-28T03:19:45,22,2,0,24
2022-07-28T03:28:41,22,2,0,24
2022-07-28T03:37:38,22,2,0,24
2022-07-28T03:46:37,22,2,0,24
2022-07-28T03:55:35,22,2,0,24
2022-07-28T04:04:34,22,2,0,24
2022-07-28T04:15:47,22,2,0,24
2022-07-28T04:24:52,22,2,0,24
2022-07-28T04:34:15,22,2,0,24
2022-07-28T04:43:16,22,2,0,24
2022-07-28T04:52:17,22,2,0,24
2022-07-28T05:01:17,22,2,0,24
2022-07-28T05:10:20,22,2,0,24
2022-07-28T05:19:19,22,2,0,24
2022-07-28T05:28:19,22,2,0,24
2022-07-28T05:37:18,22,2,0,24
2022-07-28T05:46:17,22,2,0,24
2022-07-28T05:55:19,22,2,0,24
2022-07-28T06:04:19,22,2,0,24
2022-07-28T06:13:19,22,2,0,24
2022-07-28T06:22:18,22,2,0,24
2022-07-28T06:31:16,22,2,0,24
2022-07-28T06:40:14,22,2,0,24
2022-07-28T06:49:12,22,2,0,24
2022-07-28T06:58:11,22,2,0,24
2022-07-28T07:07:15,22,2,0,24
2022-07-28T07:16:13,22,2,0,24
2022-07-28T07:25:12,22,2,0,24
2022-07-28T07:34:11,22,2,0,24
2022-07-28T07:43:10,22,2,0,24
2022-07-28T07:52:09,22,2,0,24
2022-07-28T08:01:07,22,2,0,24
2022-07-28T08:10:10,22,2,0,24
2022-07-28T08:19:08,22,2,0,24
2022-07-28T08:28:08,22,2,0,24
2022-07-28T08:37:07,22,2,0,24
2022-07-28T08:46:05,22,2,0,24
2022-07-28T08:55:03,22,2,0,24
2022-07-28T09:04:00,22,2,0,24
2022-07-28T09:12:58,22,2,0,24
2022-07-28T09:21:56,22,2,0,24
2022-07-28T09:30:58,22,2,0,24
2022-07-28T09:39:57,22,2,0,24
2022-07-28T09:49:06,22,2,0,24
2022-07-28T09:58:08,22,2,0,24
2022-07-28T10:07:13,22,2,0,24
2022-07-28T10:16:18,22,2,0,24
2022-07-28T10:25:22,22,2,0,24
2022-07-28T10:34:26,22,2,0,24
2022-07-28T10:43:33,22,2,0,24
2022-07-28T10:52:38,22,2,0,24
2022-07-28T11:01:43,22,2,0,24
2022-07-28T11:10:47,22,2,0,24
2022-07-28T11:19:52,22,2,0,24
2022-07-28T11:28:56,22,2,0,24
2022-07-28T11:38:10,22,2,0,24
2022-07-28T11:47:10,22,2,0,24
2022-07-28T11:56:11,22,2,0,24
2022-07-28T12:05:08,22,2,0,24
2022-07-28T12:14:06,22,2,0,24
2022-07-28T12:23:04,22,2,0,24
2022-07-28T12:32:02,22,2,0,24
2022-07-28T12:40:59,22,2,0,24
2022-07-28T12:49:57,22,2,0,24
2022-07-28T12:58:54,22,2,0,24
2022-07-28T13:07:52,22,2,0,24
2022-07-28T13:16:50,22,2,0,24
2022-07-28T13:25:48,22,2,0,24
2022-07-28T13:34:46,22,2,0,24
2022-07-28T13:43:45,22,2,0,24
2022-07-28T13:52:43,22,2,0,24
2022-07-28T14:01:42,22,2,0,24
2022-07-28T14:10:41,22,2,0,24
2022-07-28T14:19:39,22,2,0,24
2022-07-28T14:28:38,22,2,0,24
2022-07-28T14:37:36,22,2,0,24
2022-07-28T14:46:46,22,2,0,24
2022-07-28T14:55:45,22,2,0,24
2022-07-28T15:04:44,22,2,0,24
2022-07-28T15:13:42,22,2,0,24
2022-07-28T15:22:40,22,2,0,24
2022-07-28T15:31:38,22,2,0,24
2022-07-28T15:40:36,22,2,0,24
2022-07-28T15:49:34,22,2,0,24
2022-07-28T15:58:34,22,2,0,24
2022-07-28T16:07:32,22,2,0,24
2022-07-28T16:16:29,22,2,0,24
2022-07-28T16:25:27,22,2,0,24
2022-07-28T16:34:37,22,2,0,24
2022-07-28T16:43:35,22,2,0,24
2022-07-28T16:52:33,22,2,0,24
2022-07-28T17:01:30,22,2,0,24
2022-07-28T17:10:29,22,2,0,24
2022-07-28T17:19:27,22,2,0,24
2022-07-28T17:28:24,22,2,0,24
2022-07-28T17:37:21,22,2,0,24
2022-07-28T17:46:20,22,2,0,24
2022-07-28T17:55:17,22,2,0,24
2022-07-28T18:04:15,22,2,0,24
2022-07-28T18:13:13,22,2,0,24
2022-07-28T18:22:11,22,2,0,24
2022-07-28T18:31:08,22,2,0,24
2022-07-28T18:40:06,22,2,0,24
2022-07-28T18:49:03,22,2,0,24
2022-07-28T18:58:01,22,2,0,24
2022-07-28T19:07:00,22,2,0,24
2022-07-28T19:15:57,22,2,0,24
2022-07-28T19:25:07,22,2,0,24
2022-07-28T19:34:04,22,2,0,24
2022-07-28T19:43:01,22,2,0,24
2022-07-28T19:51:58,22,2,0,24
2022-07-28T20:00:55,22,2,0,24
2022-07-28T20:09:52,22,2,0,24
2022-07-28T20:18:49,22,2,0,24
2022-07-28T20:27:46,22,2,0,24
2022-07-28T20:36:43,22,2,0,24
2022-07-28T20:45:47,22,2,0,24
2022-07-28T20:54:55,22,2,0,24
2022-07-28T21:04:02,22,2,0,24
2022-07-28T21:13:08,22,2,0,24
2022-07-28T21:22:18,22,2,0,24
2022-07-28T21:31:29,22,2,0,24
2022-07-28T21:40:43,22,2,0,24
2022-07-28T21:49:57,22,2,0,24
2022-07-28T21:59:05,22,2,0,24
2022-07-28T22:08:28,22,2,0,24
2022-07-28T22:17:41,22,2,0,24
2022-07-28T22:26:51,22,2,0,24
2022-07-28T22:35:59,22,2,0,24
2022-07-28T22:45:07,22,2,0,24
2022-07-28T22:54:15,22,2,0,24
2022-07-28T23:03:24,22,2,0,24
2022-07-28T23:12:34,22,2,0,24
2022-07-28T23:21:43,22,2,0,24
2022-07-28T23:30:49,22,2,0,24
2022-07-28T23:39:50,22,2,0,24
2022-07-28T23:48:52,22,2,0,24
2022-07-28T23:57:53,22,2,0,24
2022-07-29T00:06:50,22,2,0,24
2022-07-29T00:15:51,22,2,0,24
2022-07-29T00:24:50,22,2,0,24
2022-07-29T00:33:49,22,2,0,24
2022-07-29T00:43:01,22,2,0,24
2022-07-29T00:52:01,22,2,0,24
2022-07-29T01:01:02,22,2,0,24
2022-07-29T01:10:01,22,2,0,24
2022-07-29T01:19:02,22,2,0,24
2022-07-29T01:28:03,22,2,0,24
2022-07-29T01:37:02,22,2,0,24
2022-07-29T01:46:00,22,2,0,24
2022-07-29T01:55:00,22,2,0,24
2022-07-29T02:03:58,22,2,0,24
2022-07-29T02:12:57,22,2,0,24
2022-07-29T02:21:55,22,2,0,24
2022-07-29T02:30:54,22,2,0,24
2022-07-29T02:39:52,22,2,0,24
2022-07-29T02:48:52,22,2,0,24
2022-07-29T02:57:52,22,2,0,24
2022-07-29T03:06:58,22,2,0,24
2022-07-29T03:15:57,22,2,0,24
2022-07-29T03:24:55,22,2,0,24
2022-07-29T03:33:54,22,2,0,24
2022-07-29T03:42:54,22,2,0,24
2022-07-29T03:51:54,22,2,0,24
2022-07-29T04:00:53,22,2,0,24
2022-07-29T04:17:55,22,2,0,24
2022-07-29T04:27:21,22,2,0,24
2022-07-29T04:36:22,22,2,0,24
2022-07-29T04:45:21,22,2,0,24
2022-07-29T04:54:21,22,2,0,24
2022-07-29T05:03:22,22,2,0,24
2022-07-29T05:12:23,22,2,0,24
2022-07-29T05:21:22,22,2,0,24
2022-07-29T05:30:23,22,2,0,24
2022-07-29T05:39:23,22,2,0,24
2022-07-29T05:48:22,22,2,0,24
2022-07-29T05:57:21,22,2,0,24
2022-07-29T06:06:20,22,2,0,24
2022-07-29T06:15:19,22,2,0,24
2022-07-29T06:24:17,22,2,0,24
2022-07-29T06:33:16,22,2,0,24
2022-07-29T06:42:15,22,2,0,24
2022-07-29T06:51:13,22,2,0,24
2022-07-29T07:00:10,22,2,0,24
2022-07-29T07:09:08,22,2,0,24
2022-07-29T07:18:06,22,2,0,24
2022-07-29T07:27:04,22,2,0,24
2022-07-29T07:36:02,22,2,0,24
2022-07-29T07:44:59,22,2,0,24
2022-07-29T07:53:57,22,2,0,24
2022-07-29T08:02:54,22,2,0,24
2022-07-29T08:11:52,22,2,0,24
2022-07-29T08:20:49,22,2,0,24
2022-07-29T08:29:47,22,2,0,24
2022-07-29T08:38:45,22,2,0,24
2022-07-29T08:47:42,22,2,0,24
2022-07-29T08:56:40,22,2,0,24
2022-07-29T09:05:47,22,2,0,24
2022-07-29T09:14:45,22,2,0,24
2022-07-29T09:23:42,22,2,0,24
2022-07-29T09:32:40,22,2,0,24
2022-07-29T09:41:38,22,2,0,24
2022-07-29T09:50:36,22,2,0,24
2022-07-29T09:59:34,22,2,0,24
2022-07-29T10:08:34,22,2,0,24
2022-07-29T10:17:33,22,2,0,24
2022-07-29T10:26:31,22,2,0,24
2022-07-29T10:35:30,22,2,0,24
2022-07-29T10:44:28,22,2,0,24
2022-07-29T10:53:26,22,2,0,24
2022-07-29T11:02:24,22,2,0,24
2022-07-29T11:11:23,22,2,0,24
2022-07-29T11:20:21,22,2,0,24
2022-07-29T11:29:32,22,2,0,24
2022-07-29T11:38:31,22,2,0,24
2022-07-29T11:47:29,22,2,0,24
2022-07-29T11:56:28,22,2,0,24
2022-07-29T12:05:26,22,2,0,24
2022-07-29T12:14:24,22,2,0,24
2022-07-29T12:23:22,22,2,0,24
2022-07-29T12:32:20,22,2,0,24
2022-07-29T12:41:18,22,2,0,24
2022-07-29T12:50:16,22,2,0,24
2022-07-29T12:59:14,22,2,0,24
2022-07-29T13:08:12,22,2,0,24
2022-07-29T13:17:11,22,2,0,24
2022-07-29T13:26:09,22,2,0,24
2022-07-29T13:35:18,22,2,0,24
2022-07-29T13:44:16,22,2,0,24
2022-07-29T13:53:15,22,2,0,24
2022-07-29T14:02:14,22,2,0,24
2022-07-29T14:11:13,22,2,0,24
2022-07-29T14:20:12,22,2,0,24
2022-07-29T14:29:12,22,2,0,24
2022-07-29T14:38:11,22,2,0,24
2022-07-29T14:47:11,22,2,0,24
2022-07-29T14:56:11,22,2,0,24
2022-07-29T15:05:10,22,2,0,24
2022-07-29T15:14:12,22,2,0,24
2022-07-29T15:23:12,22,2,0,24
2022-07-29T15:32:11,22,2,0,24
2022-07-29T15:41:22,22,2,0,24
2022-07-29T15:50:21,22,2,0,24
2022-07-29T15:59:22,22,2,0,24
2022-07-29T16:08:22,22,2,0,24
2022-07-29T16:17:22,22,2,0,24
2022-07-29T16:26:22,22,2,0,24
2022-07-29T16:35:23,22,2,0,24
2022-07-29T16:44:23,22,2,0,24
2022-07-29T16:53:23,22,2,0,24
2022-07-29T17:02:22,22,2,0,24
2022-07-29T17:11:23,22,2,0,24
2022-07-29T17:20:22,22,2,0,24
2022-07-29T17:29:33,22,2,0,24
2022-07-29T17:38:32,22,2,0,24
2022-07-29T17:47:32,22,2,0,24
2022-07-29T17:56:32,22,2,0,24
2022-07-29T18:05:32,22,2,0,24
2022-07-29T18:14:33,22,2,0,24
2022-07-29T18:23:32,22,2,0,24
2022-07-29T18:32:31,22,2,0,24
2022-07-29T18:41:30,22,2,0,24
2022-07-29T18:50:30,22,2,0,24
2022-07-29T18:59:30,22,2,0,24
2022-07-29T19:08:30,22,2,0,24
2022-07-29T19:17:29,22,2,0,24
2022-07-29T19:26:29,22,2,0,24
2022-07-29T19:35:29,22,2,0,24
2022-07-29T19:44:39,22,2,0,24
2022-07-29T19:53:38,22,2,0,24
2022-07-29T20:02:36,22,2,0,24
2022-07-29T20:11:38,22,2,0,24
2022-07-29T20:20:38,22,2,0,24
2022-07-29T20:29:37,22,2,0,24
2022-07-29T20:38:36,22,2,0,24
2022-07-29T20:47:35,22,2,0,24
2022-07-29T20:56:34,22,2,0,24
2022-07-29T21:05:33,22,2,0,24
2022-07-29T21:14:32,22,2,0,24
2022-07-29T21:23:32,22,2,0,24
