time,enrolled,available,waitlisted,total
2022-05-18T04:30:16,0,70,0,70
2022-05-18T04:40:50,0,70,0,70
2022-05-18T04:51:00,0,70,0,70
2022-05-18T05:01:10,0,70,0,70
2022-05-18T05:11:22,0,70,0,70
2022-05-18T05:21:31,0,70,0,70
2022-05-18T05:31:43,0,70,0,70
2022-05-18T05:41:53,0,70,0,70
2022-05-18T05:52:03,0,70,0,70
2022-05-18T06:02:14,0,70,0,70
2022-05-18T06:12:25,0,70,0,70
2022-05-18T06:22:33,0,70,0,70
2022-05-18T06:32:42,0,70,0,70
2022-05-18T06:42:49,0,70,0,70
2022-05-18T06:52:57,0,70,0,70
2022-05-18T07:03:05,0,70,0,70
2022-05-18T07:13:14,0,70,0,70
2022-05-18T07:23:21,0,70,0,70
2022-05-18T07:33:29,0,70,0,70
2022-05-18T07:43:37,0,70,0,70
2022-05-18T07:53:45,0,70,0,70
2022-05-18T08:03:53,0,70,0,70
2022-05-18T08:14:01,0,70,0,70
2022-05-18T08:24:10,0,70,0,70
2022-05-18T08:34:18,0,70,0,70
2022-05-18T08:44:28,0,70,0,70
2022-05-18T08:54:37,0,70,0,70
2022-05-18T09:04:46,0,70,0,70
2022-05-18T09:15:07,0,70,0,70
2022-05-18T09:25:16,0,70,0,70
2022-05-18T09:35:25,0,70,0,70
2022-05-18T09:45:34,0,70,0,70
2022-05-18T09:55:44,0,70,0,70
2022-05-18T10:05:56,0,70,0,70
2022-05-18T10:16:07,0,70,0,70
2022-05-18T10:26:18,0,70,0,70
2022-05-18T10:36:28,0,70,0,70
2022-05-18T10:46:50,0,70,0,70
2022-05-18T10:57:00,0,70,0,70
2022-05-18T11:07:11,0,70,0,70
2022-05-18T11:17:20,0,70,0,70
2022-05-18T11:27:29,0,70,0,70
2022-05-18T11:37:38,0,70,0,70
2022-05-18T11:47:47,0,70,0,70
2022-05-18T11:58:06,0,70,0,70
2022-05-18T12:08:15,0,70,0,70
2022-05-18T12:18:23,0,70,0,70
2022-05-18T12:28:33,0,70,0,70
2022-05-18T12:38:43,0,70,0,70
2022-05-18T12:48:54,0,70,0,70
2022-05-18T12:59:04,0,70,0,70
2022-05-18T13:09:14,0,70,0,70
2022-05-18T13:19:35,0,70,0,70
2022-05-18T13:29:45,0,70,0,70
2022-05-18T13:39:56,0,70,0,70
2022-05-18T13:50:07,0,70,0,70
2022-05-18T14:00:17,0,70,0,70
2022-05-18T14:10:28,0,70,0,70
2022-05-18T14:20:38,0,70,0,70
2022-05-18T14:31:00,0,70,0,70
2022-05-18T14:41:10,0,70,0,70
2022-05-18T14:51:20,0,70,0,70
2022-05-18T15:01:31,0,70,0,70
2022-05-18T15:11:43,0,70,0,70
2022-05-18T15:21:54,0,70,0,70
2022-05-18T15:32:04,0,70,0,70
2022-05-18T15:42:25,0,70,0,70
2022-05-18T15:52:36,0,70,0,70
2022-05-18T16:02:47,0,70,0,70
2022-05-18T16:12:58,0,70,0,70
2022-05-18T16:23:09,0,70,0,70
2022-05-18T16:33:19,0,70,0,70
2022-05-18T16:43:29,0,70,0,70
2022-05-18T16:53:39,0,70,0,70
2022-05-18T17:03:59,0,70,0,70
2022-05-18T17:14:09,0,70,0,70
2022-05-18T17:24:19,0,70,0,70
2022-05-18T17:34:28,0,70,0,70
2022-05-18T17:44:37,0,70,0,70
2022-05-18T17:54:46,0,70,0,70
2022-05-18T18:04:56,0,70,0,70
2022-05-18T18:15:05,0,70,0,70
2022-05-18T18:25:16,0,70,0,70
2022-05-18T18:35:36,0,70,0,70
2022-05-18T18:45:45,0,70,0,70
2022-05-18T18:55:54,0,70,0,70
2022-05-18T19:06:03,0,70,0,70
2022-05-18T19:16:11,0,70,0,70
2022-05-18T19:26:21,0,70,0,70
2022-05-18T19:36:30,0,70,0,70
2022-05-18T19:46:39,0,70,0,70
2022-05-18T19:56:48,0,70,0,70
2022-05-18T20:06:57,0,70,0,70
2022-05-18T20:17:17,0,70,0,70
2022-05-18T20:27:25,0,70,0,70
2022-05-18T20:37:34,0,70,0,70
2022-05-18T20:47:43,0,70,0,70
2022-05-18T20:57:52,0,70,0,70
2022-05-18T21:08:02,0,70,0,70
2022-05-18T21:18:11,0,70,0,70
2022-05-18T21:28:20,0,70,0,70
2022-05-18T21:38:29,0,70,0,70
2022-05-18T21:48:38,0,70,0,70
2022-05-18T21:58:57,0,70,0,70
2022-05-18T22:09:06,0,70,0,70
2022-05-18T22:19:14,0,70,0,70
2022-05-18T22:29:23,0,70,0,70
2022-05-18T22:39:33,0,70,0,70
2022-05-18T22:49:41,0,70,0,70
2022-05-18T22:59:50,0,70,0,70
2022-05-18T23:10:00,0,70,0,70
2022-05-18T23:20:10,0,70,0,70
2022-05-18T23:30:33,0,70,0,70
2022-05-18T23:40:43,0,70,0,70
2022-05-18T23:50:51,0,70,0,70
2022-05-19T00:01:00,0,70,0,70
2022-05-19T00:11:12,0,70,0,70
2022-05-19T00:21:25,0,70,0,70
2022-05-19T00:31:39,0,70,0,70
2022-05-19T00:41:54,0,70,0,70
2022-05-19T00:52:05,0,70,0,70
2022-05-19T01:02:16,0,70,0,70
2022-05-19T01:12:25,0,70,0,70
2022-05-19T01:22:35,0,70,0,70
2022-05-19T01:32:44,0,70,0,70
2022-05-19T01:42:54,0,70,0,70
2022-05-19T01:53:04,0,70,0,70
2022-05-19T02:03:24,0,70,0,70
2022-05-19T02:13:34,0,70,0,70
2022-05-19T02:23:43,0,70,0,70
2022-05-19T02:33:51,0,70,0,70
2022-05-19T02:43:59,0,70,0,70
2022-05-19T02:54:07,0,70,0,70
2022-05-19T03:04:15,0,70,0,70
2022-05-19T03:14:26,0,70,0,70
2022-05-19T03:24:46,0,70,0,70
2022-05-19T03:34:57,0,70,0,70
2022-05-19T03:45:08,0,70,0,70
2022-05-19T03:55:18,0,70,0,70
2022-05-19T04:05:29,0,70,0,70
2022-05-19T04:21:27,0,70,0,70
2022-05-19T04:32:48,0,70,0,70
2022-05-19T04:43:15,0,70,0,70
2022-05-19T04:53:27,0,70,0,70
2022-05-19T05:03:39,0,70,0,70
2022-05-19T05:13:50,0,70,0,70
2022-05-19T05:24:01,0,70,0,70
2022-05-19T05:34:13,0,70,0,70
2022-05-19T05:44:22,0,70,0,70
2022-05-19T05:54:33,0,70,0,70
2022-05-19T06:04:44,0,70,0,70
2022-05-19T06:14:55,0,70,0,70
2022-05-19T06:25:06,0,70,0,70
2022-05-19T06:35:18,0,70,0,70
2022-05-19T06:45:28,0,70,0,70
2022-05-19T06:55:38,0,70,0,70
2022-05-19T07:05:53,0,70,0,70
2022-05-19T07:16:03,0,70,0,70
2022-05-19T07:26:13,0,70,0,70
2022-05-19T07:36:22,0,70,0,70
2022-05-19T07:46:32,0,70,0,70
2022-05-19T07:56:41,0,70,0,70
2022-05-19T08:06:50,0,70,0,70
2022-05-19T08:16:59,0,70,0,70
2022-05-19T08:27:08,0,70,0,70
2022-05-19T08:37:19,0,70,0,70
2022-05-19T08:47:30,0,70,0,70
2022-05-19T08:57:40,0,70,0,70
2022-05-19T09:08:07,0,70,0,70
2022-05-19T09:18:17,0,70,0,70
2022-05-19T09:28:27,0,70,0,70
2022-05-19T09:38:38,0,70,0,70
2022-05-19T09:48:50,0,70,0,70
2022-05-19T09:59:01,0,70,0,70
2022-05-19T10:09:13,0,70,0,70
2022-05-19T10:19:24,0,70,0,70
2022-05-19T10:29:36,0,70,0,70
2022-05-19T10:39:53,0,70,0,70
2022-05-19T10:50:06,0,70,0,70
2022-05-19T11:00:19,0,70,0,70
2022-05-19T11:10:33,0,70,0,70
2022-05-19T11:20:59,0,70,0,70
2022-05-19T11:31:11,0,70,0,70
2022-05-19T11:41:23,0,70,0,70
2022-05-19T11:51:36,0,70,0,70
2022-05-19T12:01:47,0,70,0,70
2022-05-19T12:11:59,0,70,0,70
2022-05-19T12:22:11,0,70,0,70
2022-05-19T12:32:23,0,70,0,70
2022-05-19T12:42:56,0,70,0,70
2022-05-19T12:53:10,0,70,0,70
2022-05-19T13:03:25,0,70,0,70
2022-05-19T13:13:39,0,70,0,70
2022-05-19T13:23:53,0,70,0,70
2022-05-19T13:34:07,0,70,0,70
2022-05-19T13:44:22,0,70,0,70
2022-05-19T13:54:47,0,70,0,70
2022-05-19T14:05:02,0,70,0,70
2022-05-19T14:15:18,0,70,0,70
2022-05-19T14:25:33,0,70,0,70
2022-05-19T14:35:50,0,70,0,70
2022-05-19T14:46:07,0,70,0,70
2022-05-19T14:56:24,0,70,0,70
2022-05-19T15:07:00,0,70,0,70
2022-05-19T15:17:17,0,70,0,70
2022-05-19T15:27:35,0,70,0,70
2022-05-19T15:37:53,0,70,0,70
2022-05-19T15:48:12,0,70,0,70
2022-05-19T15:58:30,0,70,0,70
2022-05-19T16:08:48,0,70,0,70
2022-05-19T16:19:06,0,70,0,70
2022-05-19T16:29:25,0,70,0,70
2022-05-19T16:39:55,0,70,0,70
2022-05-19T16:50:12,0,70,0,70
2022-05-19T17:00:30,0,70,0,70
2022-05-19T17:10:47,0,70,0,70
2022-05-19T17:21:04,0,70,0,70
2022-05-19T17:31:20,0,70,0,70
2022-05-19T17:41:37,0,70,0,70
2022-05-19T17:51:52,0,70,0,70
2022-05-19T18:02:28,0,70,0,70
2022-05-19T18:12:43,0,70,0,70
2022-05-19T18:22:58,0,70,0,70
2022-05-19T18:33:14,0,70,0,70
2022-05-19T18:43:29,0,70,0,70
2022-05-19T18:53:47,0,70,0,70
2022-05-19T19:04:10,0,70,0,70
2022-05-19T19:14:36,0,70,0,70
2022-05-19T19:25:14,0,70,0,70
2022-05-19T19:35:42,0,70,0,70
2022-05-19T19:46:11,0,70,0,70
2022-05-19T19:56:35,0,70,0,70
2022-05-19T20:07:03,0,70,0,70
2022-05-19T20:17:27,0,70,0,70
2022-05-19T20:27:55,0,70,0,70
2022-05-19T20:38:11,0,70,0,70
2022-05-19T20:48:31,0,70,0,70
2022-05-19T20:58:53,0,70,0,70
2022-05-19T21:09:17,0,70,0,70
2022-05-19T21:19:39,0,70,0,70
2022-05-19T21:30:02,0,70,0,70
2022-05-19T21:40:24,0,70,0,70
2022-05-19T21:50:47,0,70,0,70
2022-05-19T22:01:19,0,70,0,70
2022-05-19T22:11:42,0,70,0,70
2022-05-19T22:22:00,0,70,0,70
2022-05-19T22:32:18,0,70,0,70
2022-05-19T22:42:36,0,70,0,70
2022-05-19T22:52:50,0,70,0,70
2022-05-19T23:03:05,0,70,0,70
2022-05-19T23:13:20,0,70,0,70
2022-05-19T23:23:36,0,70,0,70
2022-05-19T23:34:15,0,70,0,70
2022-05-19T23:44:29,0,70,0,70
2022-05-19T23:54:43,0,70,0,70
2022-05-20T00:05:00,0,70,0,70
2022-05-20T00:15:20,0,70,0,70
2022-05-20T00:25:35,0,70,0,70
2022-05-20T00:35:51,0,70,0,70
2022-05-20T00:46:06,0,70,0,70
2022-05-20T00:56:23,0,70,0,70
2022-05-20T01:06:39,0,70,0,70
2022-05-20T01:16:57,0,70,0,70
2022-05-20T01:27:21,0,70,0,70
2022-05-20T01:37:35,0,70,0,70
2022-05-20T01:47:49,0,70,0,70
2022-05-20T01:58:05,0,70,0,70
2022-05-20T02:08:19,0,70,0,70
2022-05-20T02:18:35,0,70,0,70
2022-05-20T02:28:58,0,70,0,70
2022-05-20T02:39:14,0,70,0,70
2022-05-20T02:49:28,0,70,0,70
2022-05-20T02:59:43,0,70,0,70
2022-05-20T03:09:57,0,70,0,70
2022-05-20T03:20:11,0,70,0,70
2022-05-20T03:30:25,0,70,0,70
2022-05-20T03:40:40,0,70,0,70
2022-05-20T03:50:56,0,70,0,70
2022-05-20T04:01:11,0,70,0,70
2022-05-20T04:26:51,0,70,0,70
2022-05-20T04:37:31,0,70,0,70
2022-05-20T04:47:48,0,70,0,70
2022-05-20T04:58:04,0,70,0,70
2022-05-20T05:08:20,0,70,0,70
2022-05-20T05:18:35,0,70,0,70
2022-05-20T05:28:50,0,70,0,70
2022-05-20T05:39:06,0,70,0,70
2022-05-20T05:49:22,0,70,0,70
2022-05-20T05:59:38,0,70,0,70
2022-05-20T06:09:53,0,70,0,70
2022-05-20T06:20:07,0,70,0,70
2022-05-20T06:30:24,0,70,0,70
2022-05-20T06:40:38,0,70,0,70
2022-05-20T06:50:51,0,70,0,70
2022-05-20T07:01:08,0,70,0,70
2022-05-20T07:11:22,0,70,0,70
2022-05-20T07:21:35,0,70,0,70
2022-05-20T07:31:49,0,70,0,70
2022-05-20T07:42:03,0,70,0,70
2022-05-20T07:52:17,0,70,0,70
2022-05-20T08:02:31,0,70,0,70
2022-05-20T08:12:45,0,0,0,0
2022-05-20T08:23:00,0,0,0,0
2022-05-20T08:33:16,0,0,0,0
2022-05-20T08:43:30,0,0,0,0
2022-05-20T08:53:44,0,0,0,0
2022-05-20T09:04:00,0,0,0,0
2022-05-20T09:14:28,0,0,0,0
2022-05-20T09:24:44,0,0,0,0
2022-05-20T09:34:59,0,0,0,0
2022-05-20T09:45:15,0,0,0,0
2022-05-20T09:55:31,0,0,0,0
2022-05-20T10:05:48,0,0,0,0
2022-05-20T10:16:04,0,0,0,0
2022-05-20T10:26:19,0,0,0,0
2022-05-20T10:36:36,0,0,0,0
2022-05-20T10:46:51,0,0,0,0
2022-05-20T10:57:20,0,0,0,0
2022-05-20T11:07:37,0,0,0,0
2022-05-20T11:17:53,0,0,0,0
2022-05-20T11:28:09,0,0,0,0
2022-05-20T11:38:24,0,0,0,0
2022-05-20T11:48:41,0,0,0,0
2022-05-20T11:59:10,0,0,0,0
2022-05-20T12:09:26,0,0,0,0
2022-05-20T12:19:41,0,0,0,0
2022-05-20T12:29:56,0,0,0,0
2022-05-20T12:40:12,0,0,0,0
2022-05-20T12:50:27,0,0,0,0
2022-05-20T13:00:54,0,0,0,0
2022-05-20T13:11:11,0,0,0,0
2022-05-20T13:21:27,0,0,0,0
2022-05-20T13:31:43,0,0,0,0
2022-05-20T13:42:00,0,0,0,0
2022-05-20T13:52:15,0,0,0,0
2022-05-20T14:02:32,0,0,0,0
2022-05-20T14:12:58,0,0,0,0
2022-05-20T14:23:13,0,0,0,0
2022-05-20T14:33:29,0,0,0,0
2022-05-20T14:43:44,0,0,0,0
2022-05-20T14:54:00,0,0,0,0
2022-05-20T15:04:15,0,0,0,0
2022-05-20T15:14:41,0,0,0,0
2022-05-20T15:24:56,0,0,0,0
2022-05-20T15:35:12,0,0,0,0
2022-05-20T15:45:27,0,0,0,0
2022-05-20T15:55:41,0,0,0,0
2022-05-20T16:05:57,0,0,0,0
2022-05-20T16:16:11,0,0,0,0
2022-05-20T16:26:37,0,0,0,0
2022-05-20T16:36:51,0,0,0,0
2022-05-20T16:47:05,0,0,0,0
2022-05-20T16:57:20,0,0,0,0
2022-05-20T17:07:34,0,0,0,0
2022-05-20T17:17:48,0,0,0,0
2022-05-20T17:28:02,0,0,0,0
2022-05-20T17:38:16,0,0,0,0
2022-05-20T17:48:31,0,0,0,0
2022-05-20T17:58:44,0,0,0,0
2022-05-20T18:08:58,0,0,0,0
2022-05-20T18:19:21,0,0,0,0
2022-05-20T18:29:35,0,0,0,0
2022-05-20T18:39:48,0,0,0,0
2022-05-20T18:50:01,0,0,0,0
2022-05-20T19:00:15,0,0,0,0
2022-05-20T19:10:29,0,0,0,0
2022-05-20T19:20:43,0,0,0,0
2022-05-20T19:30:57,0,0,0,0
2022-05-20T19:41:11,0,0,0,0
2022-05-20T19:51:25,0,0,0,0
2022-05-20T20:01:48,0,0,0,0
2022-05-20T20:12:02,0,0,0,0
2022-05-20T20:22:16,0,0,0,0
2022-05-20T20:32:29,0,0,0,0
2022-05-20T20:42:42,0,0,0,0
2022-05-20T20:52:56,0,0,0,0
2022-05-20T21:03:10,0,0,0,0
2022-05-20T21:13:24,0,0,0,0
2022-05-20T21:23:37,0,0,0,0
2022-05-20T21:34:01,0,0,0,0
2022-05-20T21:44:15,0,0,0,0
2022-05-20T21:54:28,0,0,0,0
2022-05-20T22:04:43,0,0,0,0
2022-05-20T22:14:57,0,0,0,0
2022-05-20T22:25:12,0,0,0,0
2022-05-20T22:35:25,0,0,0,0
2022-05-20T22:45:38,0,0,0,0
2022-05-20T22:55:52,0,0,0,0
2022-05-20T23:06:06,0,0,0,0
2022-05-20T23:16:31,0,0,0,0
2022-05-20T23:26:44,0,0,0,0
2022-05-20T23:36:58,0,0,0,0
2022-05-20T23:47:11,0,0,0,0
2022-05-20T23:57:25,0,0,0,0
2022-05-21T00:07:40,0,0,0,0
2022-05-21T00:17:56,0,0,0,0
2022-05-21T00:28:12,0,0,0,0
2022-05-21T00:38:28,0,0,0,0
2022-05-21T00:48:44,0,0,0,0
2022-05-21T00:58:59,0,0,0,0
2022-05-21T01:09:14,0,0,0,0
2022-05-21T01:19:30,0,0,0,0
2022-05-21T01:29:44,0,0,0,0
2022-05-21T01:40:00,0,0,0,0
2022-05-21T01:50:15,0,0,0,0
2022-05-21T02:00:39,0,0,0,0
2022-05-21T02:10:53,0,0,0,0
2022-05-21T02:21:07,0,0,0,0
2022-05-21T02:31:20,0,0,0,0
2022-05-21T02:41:33,0,0,0,0
2022-05-21T02:51:46,0,0,0,0
2022-05-21T03:01:58,0,0,0,0
2022-05-21T03:12:13,0,0,0,0
2022-05-21T03:22:32,0,0,0,0
2022-05-21T03:32:47,0,0,0,0
2022-05-21T03:43:03,0,0,0,0
2022-05-21T03:53:18,0,0,0,0
2022-05-21T04:03:33,0,0,0,0
2022-05-21T04:18:52,0,0,0,0
2022-05-21T04:29:10,0,0,0,0
2022-05-21T04:40:50,0,0,0,0
2022-05-21T04:51:06,0,0,0,0
2022-05-21T05:01:22,0,0,0,0
2022-05-21T05:11:37,0,0,0,0
2022-05-21T05:21:53,0,0,0,0
2022-05-21T05:32:09,0,0,0,0
2022-05-21T05:42:25,0,0,0,0
2022-05-21T05:52:41,0,0,0,0
2022-05-21T06:02:57,0,0,0,0
2022-05-21T06:13:11,0,0,0,0
2022-05-21T06:23:28,0,0,0,0
2022-05-21T06:33:43,0,0,0,0
2022-05-21T06:43:59,0,0,0,0
2022-05-21T06:54:14,0,0,0,0
2022-05-21T07:04:30,0,0,0,0
2022-05-21T07:14:45,0,0,0,0
2022-05-21T07:25:00,0,0,0,0
2022-05-21T07:35:15,0,0,0,0
2022-05-21T07:45:30,0,0,0,0
2022-05-21T07:55:45,0,0,0,0
2022-05-21T08:06:00,0,0,0,0
2022-05-21T08:16:16,0,0,0,0
2022-05-21T08:26:30,0,0,0,0
2022-05-21T08:36:45,0,0,0,0
2022-05-21T08:47:22,0,0,0,0
2022-05-21T08:57:36,0,0,0,0
2022-05-21T09:07:49,0,0,0,0
2022-05-21T09:18:02,0,0,0,0
2022-05-21T09:28:15,0,0,0,0
2022-05-21T09:38:28,0,0,0,0
2022-05-21T09:48:41,0,0,0,0
2022-05-21T09:58:55,0,0,0,0
2022-05-21T10:09:08,0,0,0,0
2022-05-21T10:19:22,0,0,0,0
2022-05-21T10:29:35,0,0,0,0
2022-05-21T10:39:48,0,0,0,0
2022-05-21T10:50:01,0,0,0,0
2022-05-21T11:00:14,0,0,0,0
2022-05-21T11:10:28,0,0,0,0
2022-05-21T11:20:53,0,0,0,0
2022-05-21T11:31:07,0,0,0,0
2022-05-21T11:41:20,0,0,0,0
2022-05-21T11:51:34,0,0,0,0
2022-05-21T12:01:47,0,0,0,0
2022-05-21T12:12:02,0,0,0,0
2022-05-21T12:22:16,0,0,0,0
2022-05-21T12:32:28,0,0,0,0
2022-05-21T12:43:02,0,0,0,0
2022-05-21T12:53:15,0,0,0,0
2022-05-21T13:03:29,0,0,0,0
2022-05-21T13:13:43,0,0,0,0
2022-05-21T13:23:56,0,0,0,0
2022-05-21T13:34:09,0,0,0,0
2022-05-21T13:44:23,0,0,0,0
2022-05-21T13:54:36,0,0,0,0
2022-05-21T14:04:49,0,0,0,0
2022-05-21T14:15:13,0,0,0,0
2022-05-21T14:25:26,0,0,0,0
2022-05-21T14:35:40,0,0,0,0
2022-05-21T14:45:53,0,0,0,0
2022-05-21T14:56:09,0,0,0,0
2022-05-21T15:06:23,0,0,0,0
2022-05-21T15:16:36,0,0,0,0
2022-05-21T15:26:59,0,0,0,0
2022-05-21T15:37:14,0,0,0,0
2022-05-21T15:47:27,0,0,0,0
2022-05-21T15:57:40,0,0,0,0
2022-05-21T16:07:54,0,0,0,0
2022-05-21T16:18:07,0,0,0,0
2022-05-21T16:28:21,0,0,0,0
2022-05-21T16:38:34,0,0,0,0
2022-05-21T16:48:48,0,0,0,0
2022-05-21T16:59:01,0,0,0,0
2022-05-21T17:09:33,0,0,0,0
2022-05-21T17:19:47,0,0,0,0
2022-05-21T17:30:01,0,0,0,0
2022-05-21T17:40:14,0,0,0,0
2022-05-21T17:50:27,0,0,0,0
2022-05-21T18:00:41,0,0,0,0
2022-05-21T18:10:54,0,0,0,0
2022-05-21T18:21:07,0,0,0,0
2022-05-21T18:31:21,0,0,0,0
2022-05-21T18:41:35,0,0,0,0
2022-05-21T18:52:16,0,0,0,0
2022-05-21T19:02:30,0,0,0,0
2022-05-21T19:12:43,0,0,0,0
2022-05-21T19:22:56,0,0,0,0
2022-05-21T19:33:10,0,0,0,0
2022-05-21T19:43:24,0,0,0,0
2022-05-21T19:53:39,0,0,0,0
2022-05-21T20:03:53,0,0,0,0
2022-05-21T20:14:07,0,0,0,0
2022-05-21T20:24:20,0,0,0,0
2022-05-21T20:34:45,0,0,0,0
2022-05-21T20:44:59,0,0,0,0
2022-05-21T20:55:12,0,0,0,0
2022-05-21T21:05:26,0,0,0,0
2022-05-21T21:15:39,0,0,0,0
2022-05-21T21:25:53,0,0,0,0
2022-05-21T21:36:06,0,0,0,0
2022-05-21T21:46:19,0,0,0,0
2022-05-21T21:56:32,0,0,0,0
2022-05-21T22:06:46,0,0,0,0
2022-05-21T22:17:22,0,0,0,0
2022-05-21T22:27:36,0,0,0,0
2022-05-21T22:37:49,0,0,0,0
2022-05-21T22:48:02,0,0,0,0
2022-05-21T22:58:15,0,0,0,0
2022-05-21T23:08:29,0,0,0,0
2022-05-21T23:18:42,0,0,0,0
2022-05-21T23:28:55,0,0,0,0
2022-05-21T23:39:08,0,0,0,0
2022-05-21T23:49:21,0,0,0,0
2022-05-21T23:59:34,0,0,0,0
2022-05-22T00:09:48,0,0,0,0
2022-05-22T00:20:04,0,0,0,0
2022-05-22T00:30:29,0,0,0,0
2022-05-22T00:40:44,0,0,0,0
2022-05-22T00:50:57,0,0,0,0
2022-05-22T01:01:09,0,0,0,0
2022-05-22T01:11:22,0,0,0,0
2022-05-22T01:21:35,0,0,0,0
2022-05-22T01:31:48,0,0,0,0
2022-05-22T01:42:00,0,0,0,0
2022-05-22T01:52:13,0,0,0,0
2022-05-22T02:02:26,0,0,0,0
2022-05-22T02:12:39,0,0,0,0
2022-05-22T02:22:52,0,0,0,0
2022-05-22T02:33:09,0,0,0,0
2022-05-22T02:43:24,0,0,0,0
2022-05-22T02:53:40,0,0,0,0
2022-05-22T03:04:33,0,0,0,0
2022-05-22T03:15:06,0,0,0,0
2022-05-22T03:25:22,0,0,0,0
2022-05-22T03:35:37,0,0,0,0
2022-05-22T03:46:02,0,0,0,0
2022-05-22T03:56:17,0,0,0,0
2022-05-22T04:06:32,0,0,0,0
2022-05-22T04:16:58,0,0,0,0
2022-05-22T04:27:43,0,0,0,0
2022-05-22T04:37:59,0,0,0,0
2022-05-22T04:48:15,0,0,0,0
2022-05-22T04:58:30,0,0,0,0
2022-05-22T05:08:47,0,0,0,0
2022-05-22T05:19:03,0,0,0,0
2022-05-22T05:29:17,0,0,0,0
2022-05-22T05:39:32,0,0,0,0
2022-05-22T05:49:48,0,0,0,0
2022-05-22T06:00:04,0,0,0,0
2022-05-22T06:10:19,0,0,0,0
2022-05-22T06:20:34,0,0,0,0
2022-05-22T06:30:49,0,0,0,0
2022-05-22T06:41:04,0,0,0,0
2022-05-22T06:51:18,0,0,0,0
2022-05-22T07:01:32,0,0,0,0
2022-05-22T07:11:46,0,0,0,0
2022-05-22T07:21:59,0,0,0,0
2022-05-22T07:32:12,0,0,0,0
2022-05-22T07:42:25,0,0,0,0
2022-05-22T07:52:38,0,0,0,0
2022-05-22T08:02:51,0,0,0,0
2022-05-22T08:13:04,0,0,0,0
2022-05-22T08:23:17,0,0,0,0
2022-05-22T08:33:31,0,0,0,0
2022-05-22T08:43:43,0,0,0,0
2022-05-22T08:53:56,0,0,0,0
2022-05-22T09:04:09,0,0,0,0
2022-05-22T09:14:23,0,0,0,0
2022-05-22T09:24:36,0,0,0,0
2022-05-22T09:34:50,0,0,0,0
2022-05-22T09:45:03,0,0,0,0
2022-05-22T09:55:16,0,0,0,0
2022-05-22T10:05:29,0,0,0,0
2022-05-22T10:15:42,0,0,0,0
2022-05-22T10:25:56,0,0,0,0
2022-05-22T10:36:10,0,0,0,0
2022-05-22T10:46:24,0,0,0,0
2022-05-22T10:56:38,0,0,0,0
2022-05-22T11:06:51,0,0,0,0
2022-05-22T11:17:11,0,0,0,0
2022-05-22T11:27:25,0,0,0,0
2022-05-22T11:37:38,0,0,0,0
2022-05-22T11:47:52,0,0,0,0
2022-05-22T11:58:05,0,0,0,0
2022-05-22T12:08:19,0,0,0,0
2022-05-22T12:18:32,0,0,0,0
2022-05-22T12:28:45,0,0,0,0
2022-05-22T12:38:58,0,0,0,0
2022-05-22T12:49:11,0,0,0,0
2022-05-22T12:59:24,0,0,0,0
2022-05-22T13:09:37,0,0,0,0
2022-05-22T13:19:50,0,0,0,0
2022-05-22T13:30:12,0,0,0,0
2022-05-22T13:40:26,0,0,0,0
2022-05-22T13:50:39,0,0,0,0
2022-05-22T14:00:52,0,0,0,0
2022-05-22T14:11:08,0,0,0,0
2022-05-22T14:21:21,0,0,0,0
2022-05-22T14:31:34,0,0,0,0
2022-05-22T14:41:47,0,0,0,0
2022-05-22T14:52:00,0,0,0,0
2022-05-22T15:02:13,0,0,0,0
2022-05-22T15:12:27,0,0,0,0
2022-05-22T15:22:40,0,0,0,0
2022-05-22T15:32:54,0,0,0,0
2022-05-22T15:43:07,0,0,0,0
2022-05-22T15:53:32,0,0,0,0
2022-05-22T16:03:45,0,0,0,0
2022-05-22T16:13:59,0,0,0,0
2022-05-22T16:24:12,0,0,0,0
2022-05-22T16:34:26,0,0,0,0
2022-05-22T16:44:40,0,0,0,0
2022-05-22T16:54:53,0,0,0,0
2022-05-22T17:05:06,0,0,0,0
2022-05-22T17:15:20,0,0,0,0
2022-05-22T17:25:33,0,0,0,0
2022-05-22T17:35:46,0,0,0,0
2022-05-22T17:46:10,0,0,0,0
2022-05-22T17:56:23,0,0,0,0
2022-05-22T18:06:36,0,0,0,0
2022-05-22T18:16:49,0,0,0,0
2022-05-22T18:27:03,0,0,0,0
2022-05-22T18:37:16,0,0,0,0
2022-05-22T18:47:30,0,0,0,0
2022-05-22T18:57:43,0,0,0,0
2022-05-22T19:07:57,0,0,0,0
2022-05-22T19:18:12,0,0,0,0
2022-05-22T19:28:26,0,0,0,0
2022-05-22T19:38:39,0,0,0,0
2022-05-22T19:48:52,0,0,0,0
2022-05-22T19:59:05,0,0,0,0
2022-05-22T20:09:29,0,0,0,0
2022-05-22T20:19:44,0,0,0,0
2022-05-22T20:29:58,0,0,0,0
2022-05-22T20:40:12,0,0,0,0
2022-05-22T20:50:25,0,0,0,0
2022-05-22T21:00:38,0,0,0,0
2022-05-22T21:10:51,0,0,0,0
2022-05-22T21:21:05,0,0,0,0
2022-05-22T21:31:28,0,0,0,0
2022-05-22T21:41:42,0,0,0,0
2022-05-22T21:51:55,0,0,0,0
2022-05-22T22:02:09,0,0,0,0
2022-05-22T22:12:23,0,0,0,0
2022-05-22T22:22:39,0,0,0,0
2022-05-22T22:32:52,0,0,0,0
2022-05-22T22:43:06,0,0,0,0
2022-05-22T22:53:20,0,0,0,0
2022-05-22T23:03:44,0,0,0,0
2022-05-22T23:13:58,0,0,0,0
2022-05-22T23:24:12,0,0,0,0
2022-05-22T23:34:26,0,0,0,0
2022-05-22T23:44:40,0,0,0,0
2022-05-22T23:54:55,0,0,0,0
2022-05-23T00:05:10,0,0,0,0
2022-05-23T00:15:28,0,0,0,0
2022-05-23T00:25:44,0,0,0,0
2022-05-23T00:35:58,0,0,0,0
2022-05-23T00:46:13,0,0,0,0
2022-05-23T00:56:27,0,0,0,0
2022-05-23T01:06:53,0,0,0,0
2022-05-23T01:17:09,0,0,0,0
2022-05-23T01:27:25,0,0,0,0
2022-05-23T01:37:40,0,0,0,0
2022-05-23T01:47:53,0,0,0,0
2022-05-23T01:58:08,0,0,0,0
2022-05-23T02:10:36,0,0,0,0
2022-05-23T02:20:59,0,0,0,0
2022-05-23T02:31:13,0,0,0,0
2022-05-23T02:41:28,0,0,0,0
2022-05-23T02:51:43,0,0,0,0
2022-05-23T03:01:59,0,0,0,0
2022-05-23T03:12:14,0,0,0,0
2022-05-23T03:22:33,0,0,0,0
2022-05-23T03:32:52,0,0,0,0
2022-05-23T03:43:06,0,0,0,0
2022-05-23T03:53:21,0,0,0,0
2022-05-23T04:03:35,0,0,0,0
2022-05-23T04:15:46,0,0,0,0
2022-05-23T04:26:05,0,0,0,0
2022-05-23T04:37:47,0,0,0,0
2022-05-23T04:48:04,0,0,0,0
2022-05-23T04:58:20,0,0,0,0
2022-05-23T05:08:37,0,0,0,0
2022-05-23T05:18:53,0,0,0,0
2022-05-23T05:29:08,0,0,0,0
2022-05-23T05:39:25,0,0,0,0
2022-05-23T05:49:40,0,0,0,0
2022-05-23T05:59:56,0,0,0,0
2022-05-23T06:10:10,0,0,0,0
2022-05-23T06:20:25,0,0,0,0
2022-05-23T06:30:39,0,0,0,0
2022-05-23T06:40:53,0,0,0,0
2022-05-23T06:51:07,0,0,0,0
2022-05-23T07:01:21,0,0,0,0
2022-05-23T07:11:35,0,0,0,0
2022-05-23T07:21:49,0,0,0,0
2022-05-23T07:32:04,0,0,0,0
2022-05-23T07:42:19,0,0,0,0
2022-05-23T07:52:33,0,0,0,0
2022-05-23T08:02:47,0,0,0,0
2022-05-23T08:13:02,0,0,0,0
2022-05-23T08:23:28,0,0,0,0
2022-05-23T08:33:44,0,0,0,0
2022-05-23T08:44:00,0,0,0,0
2022-05-23T08:54:15,0,0,0,0
2022-05-23T09:04:32,0,0,0,0
2022-05-23T09:14:49,0,0,0,0
2022-05-23T09:25:06,0,0,0,0
2022-05-23T09:35:24,0,0,0,0
2022-05-23T09:45:59,0,0,0,0
2022-05-23T09:56:15,0,0,0,0
2022-05-23T10:06:34,0,0,0,0
2022-05-23T10:16:51,0,0,0,0
2022-05-23T10:27:09,0,0,0,0
2022-05-23T10:37:26,0,0,0,0
2022-05-23T10:47:55,0,0,0,0
2022-05-23T10:58:15,0,0,0,0
2022-05-23T11:08:32,0,0,0,0
2022-05-23T11:18:50,0,0,0,0
2022-05-23T11:29:30,0,0,0,0
2022-05-23T11:39:47,0,0,0,0
2022-05-23T11:50:05,0,0,0,0
2022-05-23T12:00:24,0,0,0,0
2022-05-23T12:10:56,0,0,0,0
2022-05-23T12:21:14,0,0,0,0
2022-05-23T12:31:33,0,0,0,0
2022-05-23T12:42:00,0,0,0,0
2022-05-23T12:52:18,0,0,0,0
2022-05-23T13:02:38,0,0,0,0
2022-05-23T13:12:58,0,0,0,0
2022-05-23T13:23:37,0,0,0,0
2022-05-23T13:33:55,0,0,0,0
2022-05-23T13:44:15,0,0,0,0
2022-05-23T13:54:35,0,0,0,0
2022-05-23T14:05:07,0,0,0,0
2022-05-23T14:15:26,0,0,0,0
2022-05-23T14:25:45,0,0,0,0
2022-05-23T14:36:04,0,0,0,0
2022-05-23T14:46:34,0,0,0,0
2022-05-23T14:56:52,0,0,0,0
2022-05-23T15:07:12,0,0,0,0
2022-05-23T15:17:42,0,0,0,0
2022-05-23T15:28:01,0,0,0,0
2022-05-23T15:38:21,0,0,0,0
2022-05-23T15:49:03,0,0,0,0
2022-05-23T15:59:20,0,0,0,0
2022-05-23T16:09:44,0,0,0,0
2022-05-23T16:20:14,0,0,0,0
2022-05-23T16:30:32,0,0,0,0
2022-05-23T16:40:51,0,0,0,0
2022-05-23T16:51:08,0,0,0,0
2022-05-23T17:01:36,0,0,0,0
2022-05-23T17:11:55,0,0,0,0
2022-05-23T17:22:13,0,0,0,0
2022-05-23T17:32:29,0,0,0,0
2022-05-23T17:42:56,0,0,0,0
2022-05-23T17:53:13,0,0,0,0
2022-05-23T18:03:30,0,0,0,0
2022-05-23T18:13:50,0,0,0,0
2022-05-23T18:24:25,0,0,0,0
2022-05-23T18:34:42,0,0,0,0
2022-05-23T18:44:59,0,0,0,0
2022-05-23T18:55:14,0,0,0,0
2022-05-23T19:05:40,0,0,0,0
2022-05-23T19:15:56,0,0,0,0
2022-05-23T19:26:12,0,0,0,0
2022-05-23T19:36:29,0,0,0,0
2022-05-23T19:46:45,0,0,0,0
2022-05-23T19:57:01,0,0,0,0
2022-05-23T20:07:30,0,0,0,0
2022-05-23T20:17:45,0,0,0,0
2022-05-23T20:28:01,0,0,0,0
2022-05-23T20:38:18,0,0,0,0
2022-05-23T20:48:34,0,0,0,0
2022-05-23T20:59:00,0,0,0,0
2022-05-23T21:09:15,0,0,0,0
2022-05-23T21:19:31,0,0,0,0
2022-05-23T21:29:46,0,0,0,0
2022-05-23T21:40:04,0,0,0,0
2022-05-23T21:50:39,0,0,0,0
2022-05-23T22:00:54,0,0,0,0
2022-05-23T22:11:09,0,0,0,0
2022-05-23T22:21:25,0,0,0,0
2022-05-23T22:31:40,0,0,0,0
2022-05-23T22:41:55,0,0,0,0
2022-05-23T22:52:21,0,0,0,0
2022-05-23T23:02:36,0,0,0,0
2022-05-23T23:12:51,0,0,0,0
2022-05-23T23:23:06,0,0,0,0
2022-05-23T23:33:33,0,0,0,0
2022-05-23T23:43:48,0,0,0,0
2022-05-23T23:54:02,0,0,0,0
2022-05-24T00:04:18,0,0,0,0
2022-05-24T00:14:36,0,0,0,0
2022-05-24T00:24:53,0,0,0,0
2022-05-24T00:35:08,0,0,0,0
2022-05-24T00:45:45,0,0,0,0
2022-05-24T00:56:01,0,0,0,0
2022-05-24T01:06:16,0,0,0,0
2022-05-24T01:16:31,0,0,0,0
2022-05-24T01:26:46,0,0,0,0
2022-05-24T01:37:00,0,0,0,0
2022-05-24T01:47:15,0,0,0,0
2022-05-24T01:57:29,0,0,0,0
2022-05-24T02:07:44,0,0,0,0
2022-05-24T02:17:58,0,0,0,0
2022-05-24T02:28:21,0,0,0,0
2022-05-24T02:38:35,0,0,0,0
2022-05-24T02:48:49,0,0,0,0
2022-05-24T02:59:02,0,0,0,0
2022-05-24T03:09:16,0,0,0,0
2022-05-24T03:19:29,0,0,0,0
2022-05-24T03:29:45,0,0,0,0
2022-05-24T03:40:10,0,0,0,0
2022-05-24T03:50:25,0,0,0,0
2022-05-24T04:00:42,0,0,0,0
2022-05-24T04:24:20,0,0,0,0
2022-05-24T04:35:00,0,0,0,0
2022-05-24T04:45:17,0,0,0,0
2022-05-24T04:55:35,0,0,0,0
2022-05-24T05:05:55,0,0,0,0
2022-05-24T05:16:11,0,0,0,0
2022-05-24T05:26:28,0,0,0,0
2022-05-24T05:36:44,0,0,0,0
2022-05-24T05:47:00,0,0,0,0
2022-05-24T05:57:17,0,0,0,0
2022-05-24T06:07:33,0,0,0,0
2022-05-24T06:17:49,0,0,0,0
2022-05-24T06:28:05,0,0,0,0
2022-05-24T06:38:21,0,0,0,0
2022-05-24T06:48:36,0,0,0,0
2022-05-24T06:58:52,0,0,0,0
2022-05-24T07:09:09,0,0,0,0
2022-05-24T07:19:25,0,0,0,0
2022-05-24T07:29:41,0,0,0,0
2022-05-24T07:39:58,0,0,0,0
2022-05-24T07:50:13,0,0,0,0
2022-05-24T08:00:27,0,0,0,0
2022-05-24T08:10:42,0,0,0,0
2022-05-24T08:20:57,0,0,0,0
2022-05-24T08:31:12,0,0,0,0
2022-05-24T08:41:28,0,0,0,0
2022-05-24T08:51:43,0,0,0,0
2022-05-24T09:02:10,0,0,0,0
2022-05-24T09:12:26,0,0,0,0
2022-05-24T09:22:44,0,0,0,0
2022-05-24T09:33:01,0,0,0,0
2022-05-24T09:43:18,0,0,0,0
2022-05-24T09:53:36,0,0,0,0
2022-05-24T10:03:54,0,0,0,0
2022-05-24T10:14:22,0,0,0,0
2022-05-24T10:24:40,0,0,0,0
2022-05-24T10:34:58,0,0,0,0
2022-05-24T10:45:26,0,0,0,0
2022-05-24T10:55:44,0,0,0,0
2022-05-24T11:06:05,0,0,0,0
2022-05-24T11:16:25,0,0,0,0
2022-05-24T11:26:55,0,0,0,0
2022-05-24T11:37:13,0,0,0,0
2022-05-24T11:47:32,0,0,0,0
2022-05-24T11:57:51,0,0,0,0
2022-05-24T12:08:09,0,0,0,0
2022-05-24T12:18:37,0,0,0,0
2022-05-24T12:28:55,0,0,0,0
2022-05-24T12:39:13,0,0,0,0
2022-05-24T12:49:41,0,0,0,0
2022-05-24T12:59:58,0,0,0,0
2022-05-24T13:10:19,0,0,0,0
2022-05-24T13:20:40,0,0,0,0
2022-05-24T13:31:14,0,0,0,0
2022-05-24T13:41:38,0,0,0,0
2022-05-24T13:51:59,0,0,0,0
2022-05-24T13:54:49,0,0,0,0
2022-05-24T14:05:23,0,0,0,0
2022-05-24T14:15:44,0,0,0,0
2022-05-24T14:26:06,0,0,0,0
2022-05-24T14:36:39,0,0,0,0
2022-05-24T14:46:58,0,0,0,0
2022-05-24T14:57:18,0,0,0,0
2022-05-24T15:07:50,0,0,0,0
2022-05-24T15:18:09,0,0,0,0
2022-05-24T15:28:28,0,0,0,0
2022-05-24T15:38:48,0,0,0,0
2022-05-24T15:49:19,0,0,0,0
2022-05-24T15:59:39,0,0,0,0
2022-05-24T16:10:00,0,0,0,0
2022-05-24T16:20:21,0,0,0,0
2022-05-24T16:30:54,0,0,0,0
2022-05-24T16:41:18,0,0,0,0
2022-05-24T16:51:43,0,0,0,0
2022-05-24T17:02:11,0,0,0,0
2022-05-24T17:12:52,0,0,0,0
2022-05-24T17:23:18,0,0,0,0
2022-05-24T17:33:43,0,0,0,0
2022-05-24T17:44:10,0,0,0,0
2022-05-24T17:54:45,0,0,0,0
2022-05-24T18:05:18,0,0,0,0
2022-05-24T18:15:38,0,0,0,0
2022-05-24T18:26:02,0,0,0,0
2022-05-24T18:36:33,0,0,0,0
2022-05-24T18:46:50,0,0,0,0
2022-05-24T18:57:08,0,0,0,0
2022-05-24T19:07:25,0,0,0,0
2022-05-24T19:17:42,0,0,0,0
2022-05-24T19:27:58,0,0,0,0
2022-05-24T19:38:26,0,0,0,0
2022-05-24T19:48:43,0,0,0,0
2022-05-24T19:59:00,0,0,0,0
2022-05-24T20:09:17,0,0,0,0
2022-05-24T20:19:33,0,0,0,0
2022-05-24T20:29:49,0,0,0,0
2022-05-24T20:40:18,0,0,0,0
2022-05-24T20:50:34,0,0,0,0
2022-05-24T21:00:50,0,0,0,0
2022-05-24T21:11:06,0,0,0,0
2022-05-24T21:21:32,0,0,0,0
2022-05-24T21:31:50,0,0,0,0
2022-05-24T21:42:05,0,0,0,0
2022-05-24T21:52:21,0,0,0,0
2022-05-24T22:02:35,0,0,0,0
2022-05-24T22:12:49,0,0,0,0
2022-05-24T22:23:13,0,0,0,0
2022-05-24T22:33:28,0,0,0,0
2022-05-24T22:43:43,0,0,0,0
2022-05-24T22:53:58,0,0,0,0
2022-05-24T23:04:13,0,0,0,0
2022-05-24T23:14:38,0,0,0,0
2022-05-24T23:24:53,0,0,0,0
2022-05-24T23:35:08,0,0,0,0
2022-05-24T23:45:22,0,0,0,0
2022-05-24T23:55:37,0,0,0,0
2022-05-25T00:05:52,0,0,0,0
2022-05-25T00:16:12,0,0,0,0
2022-05-25T00:26:28,0,0,0,0
2022-05-25T00:36:54,0,0,0,0
2022-05-25T00:47:11,0,0,0,0
2022-05-25T00:57:26,0,0,0,0
2022-05-25T01:07:42,0,0,0,0
2022-05-25T01:17:58,0,0,0,0
2022-05-25T01:28:13,0,0,0,0
2022-05-25T01:38:27,0,0,0,0
2022-05-25T01:48:42,0,0,0,0
2022-05-25T01:58:58,0,0,0,0
2022-05-25T02:09:12,0,0,0,0
2022-05-25T02:19:27,0,0,0,0
2022-05-25T02:29:41,0,0,0,0
2022-05-25T02:39:57,0,0,0,0
2022-05-25T02:50:22,0,0,0,0
2022-05-25T03:00:38,0,0,0,0
2022-05-25T03:10:53,0,0,0,0
2022-05-25T03:21:07,0,0,0,0
2022-05-25T03:31:20,0,0,0,0
2022-05-25T03:41:34,0,0,0,0
2022-05-25T03:51:49,0,0,0,0
2022-05-25T04:02:04,0,0,0,0
2022-05-25T04:14:18,0,0,0,0
2022-05-25T11:03:57,0,0,0,0
2022-05-25T11:14:17,0,0,0,0
2022-05-25T11:24:46,0,0,0,0
2022-05-25T11:35:06,0,0,0,0
2022-05-25T11:45:25,0,0,0,0
2022-05-25T11:55:45,0,0,0,0
2022-05-25T12:06:06,0,0,0,0
2022-05-25T12:16:35,0,0,0,0
2022-05-25T12:26:52,0,0,0,0
2022-05-25T12:37:09,0,0,0,0
2022-05-25T12:47:26,0,0,0,0
2022-05-25T12:57:42,0,0,0,0
2022-05-25T13:08:10,0,0,0,0
2022-05-25T13:18:27,0,0,0,0
2022-05-25T13:28:43,0,0,0,0
2022-05-25T13:39:00,0,0,0,0
2022-05-25T13:49:16,0,0,0,0
2022-05-25T13:59:32,0,0,0,0
2022-05-25T14:09:50,0,0,0,0
2022-05-25T14:20:18,0,0,0,0
2022-05-25T14:30:36,0,0,0,0
2022-05-25T14:40:54,0,0,0,0
2022-05-25T14:51:11,0,0,0,0
2022-05-25T15:01:28,0,0,0,0
2022-05-25T15:11:45,0,0,0,0
2022-05-25T15:22:13,0,0,0,0
2022-05-25T15:32:31,0,0,0,0
2022-05-25T15:42:48,0,0,0,0
2022-05-25T15:53:06,0,0,0,0
2022-05-25T16:03:24,0,0,0,0
2022-05-25T16:13:41,0,0,0,0
2022-05-25T16:23:57,0,0,0,0
2022-05-25T16:34:24,0,0,0,0
2022-05-25T16:44:39,0,0,0,0
2022-05-25T16:54:56,0,0,0,0
2022-05-25T17:05:11,0,0,0,0
2022-05-25T17:15:28,0,0,0,0
2022-05-25T17:25:44,0,0,0,0
2022-05-25T17:35:59,0,0,0,0
2022-05-25T17:46:25,0,0,0,0
2022-05-25T17:56:40,0,0,0,0
2022-05-25T18:06:55,0,0,0,0
2022-05-25T18:17:10,0,0,0,0
2022-05-25T18:27:25,0,0,0,0
2022-05-25T18:37:40,0,0,0,0
2022-05-25T18:47:55,0,0,0,0
2022-05-25T18:58:10,0,0,0,0
2022-05-25T19:08:25,0,0,0,0
2022-05-25T19:18:52,0,0,0,0
2022-05-25T19:29:06,0,0,0,0
2022-05-25T19:39:21,0,0,0,0
2022-05-25T19:49:36,0,0,0,0
2022-05-25T19:59:50,0,0,0,0
2022-05-25T20:10:06,0,0,0,0
2022-05-25T20:20:21,0,0,0,0
2022-05-25T20:30:35,0,0,0,0
2022-05-25T20:40:49,0,0,0,0
2022-05-25T20:51:15,0,0,0,0
2022-05-25T21:01:29,0,0,0,0
2022-05-25T21:11:44,0,0,0,0
2022-05-25T21:21:59,0,0,0,0
2022-05-25T21:32:14,0,0,0,0
2022-05-25T21:42:29,0,0,0,0
2022-05-25T21:52:44,0,0,0,0
2022-05-25T22:03:00,0,0,0,0
2022-05-25T22:13:26,0,0,0,0
2022-05-25T22:23:42,0,0,0,0
2022-05-25T22:33:57,0,0,0,0
2022-05-25T22:44:11,0,0,0,0
2022-05-25T22:54:26,0,0,0,0
2022-05-25T23:04:41,0,0,0,0
2022-05-25T23:14:57,0,0,0,0
2022-05-25T23:25:13,0,0,0,0
2022-05-25T23:35:27,0,0,0,0
2022-05-25T23:45:42,0,0,0,0
2022-05-25T23:55:57,0,0,0,0
2022-05-26T00:06:22,0,0,0,0
2022-05-26T00:16:39,0,0,0,0
2022-05-26T00:26:55,0,0,0,0
2022-05-26T00:37:11,0,0,0,0
2022-05-26T00:47:28,0,0,0,0
2022-05-26T00:57:44,0,0,0,0
2022-05-26T01:08:00,0,0,0,0
2022-05-26T01:18:17,0,0,0,0
2022-05-26T01:28:33,0,0,0,0
2022-05-26T01:38:49,0,0,0,0
2022-05-26T01:49:05,0,0,0,0
2022-05-26T01:59:22,0,0,0,0
2022-05-26T02:09:37,0,0,0,0
2022-05-26T02:19:52,0,0,0,0
2022-05-26T02:30:08,0,0,0,0
2022-05-26T02:40:23,0,0,0,0
2022-05-26T02:50:37,0,0,0,0
2022-05-26T03:00:51,0,0,0,0
2022-05-26T03:11:07,0,0,0,0
2022-05-26T03:21:34,0,0,0,0
2022-05-26T03:31:50,0,0,0,0
2022-05-26T03:42:06,0,0,0,0
2022-05-26T03:52:22,0,0,0,0
2022-05-26T04:05:05,0,0,0,0
2022-05-26T04:23:36,0,0,0,0
2022-05-26T04:34:17,0,0,0,0
2022-05-26T04:44:34,0,0,0,0
2022-05-26T04:54:50,0,0,0,0
2022-05-26T05:05:08,0,0,0,0
2022-05-26T05:15:25,0,0,0,0
2022-05-26T05:25:41,0,0,0,0
2022-05-26T05:35:57,0,0,0,0
2022-05-26T05:46:15,0,0,0,0
2022-05-26T05:56:33,0,0,0,0
2022-05-26T06:06:51,0,0,0,0
2022-05-26T06:17:07,0,0,0,0
2022-05-26T06:27:23,0,0,0,0
2022-05-26T06:37:40,0,0,0,0
2022-05-26T06:47:57,0,0,0,0
2022-05-26T06:58:13,0,0,0,0
2022-05-26T07:08:31,0,0,0,0
2022-05-26T07:18:47,0,0,0,0
2022-05-26T07:29:02,0,0,0,0
2022-05-26T07:39:18,0,0,0,0
2022-05-26T07:49:33,0,0,0,0
2022-05-26T07:59:48,0,0,0,0
2022-05-26T08:10:03,0,0,0,0
2022-05-26T08:20:18,0,0,0,0
2022-05-26T08:30:42,0,0,0,0
2022-05-26T08:40:58,0,0,0,0
2022-05-26T08:51:15,0,0,0,0
2022-05-26T09:01:31,0,0,0,0
2022-05-26T09:11:47,0,0,0,0
2022-05-26T09:22:02,0,0,0,0
2022-05-26T09:32:17,0,0,0,0
2022-05-26T09:42:34,0,0,0,0
2022-05-26T09:52:51,0,0,0,0
2022-05-26T10:03:07,0,0,0,0
2022-05-26T10:13:25,0,0,0,0
2022-05-26T10:23:53,0,0,0,0
2022-05-26T10:34:09,0,0,0,0
2022-05-26T10:44:26,0,0,0,0
2022-05-26T10:54:43,0,0,0,0
2022-05-26T11:05:02,0,0,0,0
2022-05-26T11:15:19,0,0,0,0
2022-05-26T11:25:53,0,0,0,0
2022-05-26T11:36:18,0,0,0,0
2022-05-26T11:46:43,0,0,0,0
2022-05-26T11:57:12,0,0,0,0
2022-05-26T12:07:38,0,0,0,0
2022-05-26T12:18:05,0,0,0,0
2022-05-26T12:28:36,0,0,0,0
2022-05-26T12:39:20,0,0,0,0
2022-05-26T12:49:50,0,0,0,0
2022-05-26T13:00:19,0,0,0,0
2022-05-26T13:10:45,0,0,0,0
2022-05-26T13:21:13,0,0,0,0
2022-05-26T13:31:38,0,0,0,0
2022-05-26T13:42:04,0,0,0,0
2022-05-26T13:52:30,0,0,0,0
2022-05-26T14:03:03,0,0,0,0
2022-05-26T14:13:27,0,0,0,0
2022-05-26T14:23:49,0,0,0,0
2022-05-26T14:34:06,0,0,0,0
2022-05-26T14:44:22,0,0,0,0
2022-05-26T14:54:39,0,0,0,0
2022-05-26T15:05:07,0,0,0,0
2022-05-26T15:15:23,0,0,0,0
2022-05-26T15:25:40,0,0,0,0
2022-05-26T15:35:56,0,0,0,0
2022-05-26T15:46:12,0,0,0,0
2022-05-26T15:56:28,0,0,0,0
2022-05-26T16:06:44,0,0,0,0
2022-05-26T16:17:09,0,0,0,0
2022-05-26T16:27:24,0,0,0,0
2022-05-26T16:37:40,0,0,0,0
2022-05-26T16:47:55,0,0,0,0
2022-05-26T16:58:10,0,0,0,0
2022-05-26T17:08:26,0,0,0,0
2022-05-26T17:18:42,0,0,0,0
2022-05-26T17:28:59,0,0,0,0
2022-05-26T17:39:24,0,0,0,0
2022-05-26T17:49:40,0,0,0,0
2022-05-26T17:59:55,0,0,0,0
2022-05-26T18:10:10,0,0,0,0
2022-05-26T18:20:25,0,0,0,0
2022-05-26T18:30:40,0,0,0,0
2022-05-26T18:40:55,0,0,0,0
2022-05-26T18:51:10,0,0,0,0
2022-05-26T19:01:25,0,0,0,0
2022-05-26T19:11:41,0,0,0,0
2022-05-26T19:22:06,0,0,0,0
2022-05-26T19:32:21,0,0,0,0
2022-05-26T19:42:36,0,0,0,0
2022-05-26T19:52:50,0,0,0,0
2022-05-26T20:03:04,0,0,0,0
2022-05-26T20:13:20,0,0,0,0
2022-05-26T20:23:35,0,0,0,0
2022-05-26T20:33:49,0,0,0,0
2022-05-26T20:44:04,0,0,0,0
2022-05-26T20:54:18,0,0,0,0
2022-05-26T21:04:43,0,0,0,0
2022-05-26T21:14:57,0,0,0,0
2022-05-26T21:25:12,0,0,0,0
2022-05-26T21:35:27,0,0,0,0
2022-05-26T21:45:41,0,0,0,0
2022-05-26T21:55:55,0,0,0,0
2022-05-26T22:06:20,0,0,0,0
2022-05-26T22:16:34,0,0,0,0
2022-05-26T22:26:50,0,0,0,0
2022-05-26T22:37:04,0,0,0,0
2022-05-26T22:47:19,0,0,0,0
2022-05-26T22:57:33,0,0,0,0
2022-05-26T23:07:48,0,0,0,0
2022-05-26T23:18:03,0,0,0,0
2022-05-26T23:28:18,0,0,0,0
2022-05-26T23:38:34,0,0,0,0
2022-05-26T23:48:59,0,0,0,0
2022-05-26T23:59:14,0,0,0,0
2022-05-27T00:09:29,0,0,0,0
2022-05-27T00:19:46,0,0,0,0
2022-05-27T00:30:03,0,0,0,0
2022-05-27T00:40:20,0,0,0,0
2022-05-27T00:50:36,0,0,0,0
2022-05-27T01:00:54,0,0,0,0
2022-05-27T01:11:10,0,0,0,0
2022-05-27T01:21:26,0,0,0,0
2022-05-27T01:31:42,0,0,0,0
2022-05-27T01:41:57,0,0,0,0
2022-05-27T01:52:24,0,0,0,0
2022-05-27T02:02:40,0,0,0,0
2022-05-27T02:12:55,0,0,0,0
2022-05-27T02:23:10,0,0,0,0
2022-05-27T02:33:36,0,0,0,0
2022-05-27T02:43:52,0,0,0,0
2022-05-27T02:54:08,0,0,0,0
2022-05-27T03:04:23,0,0,0,0
2022-05-27T03:14:39,0,0,0,0
2022-05-27T03:24:53,0,0,0,0
2022-05-27T03:35:08,0,0,0,0
2022-05-27T03:45:24,0,0,0,0
2022-05-27T03:55:40,0,0,0,0
2022-05-27T04:05:56,0,0,0,0
2022-05-27T04:34:04,0,0,0,0
2022-05-27T04:44:22,0,0,0,0
2022-05-27T04:54:40,0,0,0,0
2022-05-27T05:04:59,0,0,0,0
2022-05-27T05:15:16,0,0,0,0
2022-05-27T05:25:34,0,0,0,0
2022-05-27T05:35:51,0,0,0,0
2022-05-27T05:46:08,0,0,0,0
2022-05-27T05:56:24,0,0,0,0
2022-05-27T06:06:41,0,0,0,0
2022-05-27T06:16:56,0,0,0,0
2022-05-27T06:27:13,0,0,0,0
2022-05-27T06:37:30,0,0,0,0
2022-05-27T06:47:44,0,0,0,0
2022-05-27T06:57:58,0,0,0,0
2022-05-27T07:08:15,0,0,0,0
2022-05-27T07:18:30,0,0,0,0
2022-05-27T07:28:45,0,0,0,0
2022-05-27T07:39:01,0,0,0,0
2022-05-27T07:49:16,0,0,0,0
2022-05-27T07:59:41,0,0,0,0
2022-05-27T08:09:57,0,0,0,0
2022-05-27T08:20:13,0,0,0,0
2022-05-27T08:30:29,0,0,0,0
2022-05-27T08:40:46,0,0,0,0
2022-05-27T08:51:02,0,0,0,0
2022-05-27T09:01:18,0,0,0,0
2022-05-27T09:11:34,0,0,0,0
2022-05-27T09:21:50,0,0,0,0
2022-05-27T09:32:05,0,0,0,0
2022-05-27T09:42:21,0,0,0,0
2022-05-27T09:52:36,0,0,0,0
2022-05-27T10:02:52,0,0,0,0
2022-05-27T10:13:08,0,0,0,0
2022-05-27T10:23:25,0,0,0,0
2022-05-27T10:33:41,0,0,0,0
2022-05-27T10:44:07,0,0,0,0
2022-05-27T10:54:23,0,0,0,0
2022-05-27T11:04:39,0,0,0,0
2022-05-27T11:14:55,0,0,0,0
2022-05-27T11:25:11,0,0,0,0
2022-05-27T11:35:28,0,0,0,0
2022-05-27T11:45:44,0,0,0,0
2022-05-27T11:56:00,0,0,0,0
2022-05-27T12:06:17,0,0,0,0
2022-05-27T12:16:34,0,0,0,0
2022-05-27T12:27:00,0,70,0,70
2022-05-27T12:37:16,0,70,0,70
2022-05-27T12:47:32,0,70,0,70
2022-05-27T12:57:48,0,70,0,70
2022-05-27T13:08:04,0,70,0,70
2022-05-27T13:18:20,0,70,0,70
2022-05-27T13:28:35,0,70,0,70
2022-05-27T13:39:00,0,70,0,70
2022-05-27T13:49:16,0,70,0,70
2022-05-27T13:59:32,0,70,0,70
2022-05-27T14:09:48,0,70,0,70
2022-05-27T14:20:04,0,70,0,70
2022-05-27T14:30:19,0,70,0,70
2022-05-27T14:40:35,0,70,0,70
2022-05-27T14:50:50,0,70,0,70
2022-05-27T15:01:06,0,70,0,70
2022-05-27T15:11:21,0,70,0,70
2022-05-27T15:21:46,0,70,0,70
2022-05-27T15:32:02,0,70,0,70
2022-05-27T15:42:19,0,70,0,70
2022-05-27T15:52:34,0,70,0,70
2022-05-27T16:02:49,0,70,0,70
2022-05-27T16:13:05,0,70,0,70
2022-05-27T16:23:20,0,70,0,70
2022-05-27T16:33:45,0,70,0,70
2022-05-27T16:44:00,0,70,0,70
2022-05-27T16:54:15,0,70,0,70
2022-05-27T17:04:29,0,70,0,70
2022-05-27T17:14:45,0,70,0,70
2022-05-27T17:25:00,0,70,0,70
2022-05-27T17:35:14,0,70,0,70
2022-05-27T17:45:29,0,70,0,70
2022-05-27T17:55:43,0,70,0,70
2022-05-27T18:05:58,0,70,0,70
2022-05-27T18:16:22,0,70,0,70
2022-05-27T18:26:36,0,70,0,70
2022-05-27T18:36:50,0,70,0,70
2022-05-27T18:47:04,0,70,0,70
2022-05-27T18:57:19,0,70,0,70
2022-05-27T19:07:33,0,70,0,70
2022-05-27T19:17:47,0,70,0,70
2022-05-27T19:28:01,0,70,0,70
2022-05-27T19:38:16,0,70,0,70
2022-05-27T19:48:30,0,70,0,70
2022-05-27T19:58:54,0,70,0,70
2022-05-27T20:09:09,0,70,0,70
2022-05-27T20:19:23,0,70,0,70
2022-05-27T20:29:37,0,70,0,70
2022-05-27T20:39:51,0,70,0,70
2022-05-27T20:50:06,0,70,0,70
2022-05-27T21:00:20,0,70,0,70
2022-05-27T21:10:35,0,70,0,70
2022-05-27T21:20:49,0,70,0,70
2022-05-27T21:31:04,0,70,0,70
2022-05-27T21:41:18,0,70,0,70
2022-05-27T21:51:32,0,70,0,70
2022-05-27T22:01:46,0,70,0,70
2022-05-27T22:12:10,0,70,0,70
2022-05-27T22:22:25,0,70,0,70
2022-05-27T22:32:39,0,70,0,70
2022-05-27T22:42:53,0,70,0,70
2022-05-27T22:53:07,0,70,0,70
2022-05-27T23:03:22,0,70,0,70
2022-05-27T23:13:38,0,70,0,70
2022-05-27T23:23:52,0,70,0,70
2022-05-27T23:34:07,0,70,0,70
2022-05-27T23:44:22,0,70,0,70
2022-05-27T23:54:37,0,70,0,70
2022-05-28T00:06:28,0,70,0,70
2022-05-28T00:16:50,0,70,0,70
2022-05-28T00:27:11,0,70,0,70
2022-05-28T00:37:33,0,70,0,70
2022-05-28T00:48:03,0,70,0,70
2022-05-28T00:58:22,0,70,0,70
2022-05-28T01:08:45,0,70,0,70
2022-05-28T01:19:08,0,70,0,70
2022-05-28T01:29:30,0,70,0,70
2022-05-28T01:39:51,0,70,0,70
2022-05-28T01:50:11,0,70,0,70
2022-05-28T02:00:47,0,70,0,70
2022-05-28T02:11:17,0,70,0,70
2022-05-28T02:21:42,0,70,0,70
2022-05-28T02:32:18,0,70,0,70
2022-05-28T02:42:44,0,70,0,70
2022-05-28T02:53:05,0,70,0,70
2022-05-28T03:03:37,0,70,0,70
2022-05-28T03:13:59,0,70,0,70
2022-05-28T03:24:18,0,70,0,70
2022-05-28T03:34:36,0,70,0,70
2022-05-28T03:44:57,0,70,0,70
2022-05-28T03:55:14,0,70,0,70
2022-05-28T04:07:36,0,70,0,70
2022-05-28T04:22:08,0,70,0,70
2022-05-28T04:32:50,0,70,0,70
2022-05-28T04:43:06,0,70,0,70
2022-05-28T04:53:23,0,70,0,70
2022-05-28T05:03:39,0,70,0,70
2022-05-28T05:13:56,0,70,0,70
2022-05-28T05:24:12,0,70,0,70
2022-05-28T05:34:29,0,70,0,70
2022-05-28T05:44:46,0,70,0,70
2022-05-28T05:55:03,0,70,0,70
2022-05-28T06:05:19,0,70,0,70
2022-05-28T06:15:35,0,70,0,70
2022-05-28T06:25:51,0,70,0,70
2022-05-28T06:36:06,0,70,0,70
2022-05-28T06:46:22,0,70,0,70
2022-05-28T06:56:38,0,70,0,70
2022-05-28T07:06:54,0,70,0,70
2022-05-28T07:17:11,0,70,0,70
2022-05-28T07:27:27,0,70,0,70
2022-05-28T07:37:43,0,70,0,70
2022-05-28T07:47:59,0,70,0,70
2022-05-28T07:58:15,0,70,0,70
2022-05-28T08:08:39,0,70,0,70
2022-05-28T08:18:54,0,70,0,70
2022-05-28T08:29:10,0,70,0,70
2022-05-28T08:39:25,0,70,0,70
2022-05-28T08:49:39,0,70,0,70
2022-05-28T08:59:54,0,70,0,70
2022-05-28T09:10:09,0,70,0,70
2022-05-28T09:20:24,0,70,0,70
2022-05-28T09:30:39,0,70,0,70
2022-05-28T09:40:53,0,70,0,70
2022-05-28T09:51:17,0,70,0,70
2022-05-28T10:01:31,0,70,0,70
2022-05-28T10:11:45,0,70,0,70
2022-05-28T10:21:59,0,70,0,70
2022-05-28T10:32:13,0,70,0,70
2022-05-28T10:42:27,0,70,0,70
2022-05-28T10:52:40,1,69,0,70
2022-05-28T11:02:54,1,69,0,70
2022-05-28T11:13:09,1,69,0,70
2022-05-28T11:23:23,1,69,0,70
2022-05-28T11:33:39,1,69,0,70
2022-05-28T11:43:54,1,69,0,70
2022-05-28T11:54:08,1,69,0,70
2022-05-28T12:04:22,1,69,0,70
2022-05-28T12:14:35,1,69,0,70
2022-05-28T12:24:49,1,69,0,70
2022-05-28T12:35:03,1,69,0,70
2022-05-28T12:45:17,2,68,0,70
2022-05-28T12:55:31,2,68,0,70
2022-05-28T13:05:55,2,68,0,70
2022-05-28T13:16:09,2,68,0,70
2022-05-28T13:26:23,2,68,0,70
2022-05-28T13:36:37,2,68,0,70
2022-05-28T13:46:51,2,68,0,70
2022-05-28T13:57:04,2,68,0,70
2022-05-28T14:07:18,2,68,0,70
2022-05-28T14:17:41,2,68,0,70
2022-05-28T14:27:55,2,68,0,70
2022-05-28T14:38:09,2,68,0,70
2022-05-28T14:48:23,2,68,0,70
2022-05-28T14:58:37,2,68,0,70
2022-05-28T15:08:51,2,68,0,70
2022-05-28T15:19:05,2,68,0,70
2022-05-28T15:29:19,2,68,0,70
2022-05-28T15:39:33,2,68,0,70
2022-05-28T15:49:47,2,68,0,70
2022-05-28T16:00:01,2,68,0,70
2022-05-28T16:10:15,2,68,0,70
2022-05-28T16:20:29,3,67,0,70
2022-05-28T16:30:43,3,67,0,70
2022-05-28T16:41:06,3,67,0,70
2022-05-28T16:51:20,3,67,0,70
2022-05-28T17:01:34,3,67,0,70
2022-05-28T17:11:49,3,67,0,70
2022-05-28T17:22:03,3,67,0,70
2022-05-28T17:32:17,3,67,0,70
2022-05-28T17:42:32,3,67,0,70
2022-05-28T17:52:46,3,67,0,70
2022-05-28T18:03:00,3,67,0,70
2022-05-28T18:13:15,3,67,0,70
2022-05-28T18:23:29,3,67,0,70
2022-05-28T18:33:43,3,67,0,70
2022-05-28T18:44:08,3,67,0,70
2022-05-28T18:54:22,3,67,0,70
2022-05-28T19:04:36,4,66,0,70
2022-05-28T19:14:51,4,66,0,70
2022-05-28T19:25:05,4,66,0,70
2022-05-28T19:35:19,4,66,0,70
2022-05-28T19:45:36,5,65,0,70
2022-05-28T19:55:50,6,64,0,70
2022-05-28T20:06:04,6,64,0,70
2022-05-28T20:16:18,7,63,0,70
2022-05-28T20:26:32,7,63,0,70
2022-05-28T20:36:45,7,63,0,70
2022-05-28T20:47:09,7,63,0,70
2022-05-28T20:57:23,7,63,0,70
2022-05-28T21:07:37,7,63,0,70
2022-05-28T21:17:51,7,63,0,70
2022-05-28T21:28:05,7,63,0,70
2022-05-28T21:38:19,8,62,0,70
2022-05-28T21:48:33,9,61,0,70
2022-05-28T21:58:47,10,60,0,70
2022-05-28T22:09:01,10,60,0,70
2022-05-28T22:19:15,10,60,0,70
2022-05-28T22:29:29,10,60,0,70
2022-05-28T22:39:55,10,60,0,70
2022-05-28T22:50:08,10,60,0,70
2022-05-28T23:00:22,10,60,0,70
2022-05-28T23:10:37,10,60,0,70
2022-05-28T23:20:51,10,60,0,70
2022-05-28T23:31:06,10,60,0,70
2022-05-28T23:41:20,10,60,0,70
2022-05-28T23:51:34,10,60,0,70
2022-05-29T00:01:48,10,60,0,70
2022-05-29T00:12:04,10,60,0,70
2022-05-29T00:22:21,10,60,0,70
2022-05-29T00:32:36,10,60,0,70
2022-05-29T00:43:00,10,60,0,70
2022-05-29T00:53:16,11,59,0,70
2022-05-29T01:03:31,11,59,0,70
2022-05-29T01:13:45,11,59,0,70
2022-05-29T01:24:00,11,59,0,70
2022-05-29T01:34:15,11,59,0,70
2022-05-29T01:44:31,11,59,0,70
2022-05-29T01:54:46,11,59,0,70
2022-05-29T02:05:02,11,59,0,70
2022-05-29T02:15:18,11,59,0,70
2022-05-29T02:25:33,11,59,0,70
2022-05-29T02:35:49,11,59,0,70
2022-05-29T02:46:04,11,59,0,70
2022-05-29T02:56:18,11,59,0,70
2022-05-29T03:06:33,11,59,0,70
2022-05-29T03:16:47,11,59,0,70
2022-05-29T03:27:02,11,59,0,70
2022-05-29T03:37:17,11,59,0,70
2022-05-29T03:47:43,11,59,0,70
2022-05-29T03:57:59,11,59,0,70
2022-05-29T04:10:02,11,59,0,70
2022-05-29T04:36:29,11,59,0,70
2022-05-29T04:46:47,11,59,0,70
2022-05-29T04:57:03,11,59,0,70
2022-05-29T05:07:22,11,59,0,70
2022-05-29T05:17:41,11,59,0,70
2022-05-29T05:27:57,11,59,0,70
2022-05-29T05:38:14,11,59,0,70
2022-05-29T05:48:29,11,59,0,70
2022-05-29T05:58:44,11,59,0,70
2022-05-29T06:08:59,11,59,0,70
2022-05-29T06:19:13,11,59,0,70
2022-05-29T06:29:28,11,59,0,70
2022-05-29T06:39:42,11,59,0,70
2022-05-29T06:49:55,11,59,0,70
2022-05-29T07:00:09,11,59,0,70
2022-05-29T07:10:23,11,59,0,70
2022-05-29T07:20:44,11,59,0,70
2022-05-29T07:30:58,11,59,0,70
2022-05-29T07:41:13,11,59,0,70
2022-05-29T07:51:27,11,59,0,70
2022-05-29T08:01:41,11,59,0,70
2022-05-29T08:11:55,11,59,0,70
2022-05-29T08:22:09,11,59,0,70
2022-05-29T08:32:23,11,59,0,70
2022-05-29T08:42:36,11,59,0,70
2022-05-29T08:52:50,11,59,0,70
2022-05-29T09:03:04,11,59,0,70
2022-05-29T09:13:18,11,59,0,70
2022-05-29T09:23:31,12,58,0,70
2022-05-29T09:33:45,12,58,0,70
2022-05-29T09:43:59,12,58,0,70
2022-05-29T09:54:21,12,58,0,70
2022-05-29T10:04:35,12,58,0,70
2022-05-29T10:14:49,12,58,0,70
2022-05-29T10:25:02,12,58,0,70
2022-05-29T10:35:16,12,58,0,70
2022-05-29T10:45:30,12,58,0,70
2022-05-29T10:55:44,12,58,0,70
2022-05-29T11:05:58,12,58,0,70
2022-05-29T11:16:12,12,58,0,70
2022-05-29T11:26:27,12,58,0,70
2022-05-29T11:36:40,12,58,0,70
2022-05-29T11:46:54,12,58,0,70
2022-05-29T11:57:08,12,58,0,70
2022-05-29T12:07:22,12,58,0,70
2022-05-29T12:17:48,12,58,0,70
2022-05-29T12:28:03,12,58,0,70
2022-05-29T12:38:17,12,58,0,70
2022-05-29T12:48:31,13,57,0,70
2022-05-29T12:58:46,13,57,0,70
2022-05-29T13:09:00,14,56,0,70
2022-05-29T13:19:14,14,56,0,70
2022-05-29T13:29:29,14,56,0,70
2022-05-29T13:39:43,14,56,0,70
2022-05-29T13:49:57,14,56,0,70
2022-05-29T14:00:11,14,56,0,70
2022-05-29T14:10:25,14,56,0,70
2022-05-29T14:20:49,14,56,0,70
2022-05-29T14:31:03,14,56,0,70
2022-05-29T14:41:17,14,56,0,70
2022-05-29T14:51:31,14,56,0,70
2022-05-29T15:01:45,14,56,0,70
2022-05-29T15:12:00,14,56,0,70
2022-05-29T15:22:13,14,56,0,70
2022-05-29T15:32:28,14,56,0,70
2022-05-29T15:42:41,14,56,0,70
2022-05-29T15:52:55,15,55,0,70
2022-05-29T16:03:09,15,55,0,70
2022-05-29T16:13:33,15,55,0,70
2022-05-29T16:23:47,15,55,0,70
2022-05-29T16:34:01,16,54,0,70
2022-05-29T16:44:15,16,54,0,70
2022-05-29T16:54:29,16,54,0,70
2022-05-29T17:04:43,16,54,0,70
2022-05-29T17:14:58,17,53,0,70
2022-05-29T17:25:12,17,53,0,70
2022-05-29T17:35:26,17,53,0,70
2022-05-29T17:45:49,17,53,0,70
2022-05-29T17:56:02,17,53,0,70
2022-05-29T18:06:16,17,53,0,70
2022-05-29T18:16:31,17,53,0,70
2022-05-29T18:26:45,17,53,0,70
2022-05-29T18:36:59,17,53,0,70
2022-05-29T18:47:14,17,53,0,70
2022-05-29T18:57:27,17,53,0,70
2022-05-29T19:07:41,17,53,0,70
2022-05-29T19:18:05,17,53,0,70
2022-05-29T19:28:20,17,53,0,70
2022-05-29T19:38:33,17,53,0,70
2022-05-29T19:48:48,17,53,0,70
2022-05-29T19:59:02,17,53,0,70
2022-05-29T20:09:15,17,53,0,70
2022-05-29T20:19:30,17,53,0,70
2022-05-29T20:29:44,17,53,0,70
2022-05-29T20:39:58,17,53,0,70
2022-05-29T20:50:12,17,53,0,70
2022-05-29T21:00:26,17,53,0,70
2022-05-29T21:10:40,17,53,0,70
2022-05-29T21:20:54,17,53,0,70
2022-05-29T21:31:09,17,53,0,70
2022-05-29T21:41:33,17,53,0,70
2022-05-29T21:51:47,17,53,0,70
2022-05-29T22:02:00,17,53,0,70
2022-05-29T22:12:14,17,53,0,70
2022-05-29T22:22:29,17,53,0,70
2022-05-29T22:32:43,17,53,0,70
2022-05-29T22:42:57,17,53,0,70
2022-05-29T22:53:11,17,53,0,70
2022-05-29T23:03:25,17,53,0,70
2022-05-29T23:13:40,17,53,0,70
2022-05-29T23:24:04,17,53,0,70
2022-05-29T23:34:20,17,53,0,70
2022-05-29T23:44:34,17,53,0,70
2022-05-29T23:54:48,17,53,0,70
2022-05-30T00:05:02,17,53,0,70
2022-05-30T00:15:18,17,53,0,70
2022-05-30T00:25:35,17,53,0,70
2022-05-30T00:35:52,17,53,0,70
2022-05-30T00:46:10,17,53,0,70
2022-05-30T00:56:25,17,53,0,70
2022-05-30T01:06:50,17,53,0,70
2022-05-30T01:17:07,17,53,0,70
2022-05-30T01:27:24,17,53,0,70
2022-05-30T01:37:42,17,53,0,70
2022-05-30T01:47:58,17,53,0,70
2022-05-30T01:58:14,17,53,0,70
2022-05-30T02:08:30,17,53,0,70
2022-05-30T02:18:45,17,53,0,70
2022-05-30T02:29:00,17,53,0,70
2022-05-30T02:39:15,17,53,0,70
2022-05-30T02:49:30,17,53,0,70
2022-05-30T02:59:44,17,53,0,70
2022-05-30T03:09:58,17,53,0,70
2022-05-30T03:20:13,17,53,0,70
2022-05-30T03:30:28,17,53,0,70
2022-05-30T03:40:44,17,53,0,70
2022-05-30T03:50:59,17,53,0,70
2022-05-30T04:01:24,17,53,0,70
2022-05-30T04:17:08,17,53,0,70
2022-05-30T04:28:12,17,53,0,70
2022-05-30T04:38:28,17,53,0,70
2022-05-30T04:48:45,17,53,0,70
2022-05-30T04:59:01,17,53,0,70
2022-05-30T05:09:20,17,53,0,70
2022-05-30T05:19:37,17,53,0,70
2022-05-30T05:29:54,17,53,0,70
2022-05-30T05:40:14,17,53,0,70
2022-05-30T05:50:30,17,53,0,70
2022-05-30T06:00:46,17,53,0,70
2022-05-30T06:11:02,17,53,0,70
2022-05-30T06:21:18,17,53,0,70
2022-05-30T06:31:34,17,53,0,70
2022-05-30T06:41:49,17,53,0,70
2022-05-30T06:52:04,17,53,0,70
2022-05-30T07:02:19,17,53,0,70
2022-05-30T07:12:34,17,53,0,70
2022-05-30T07:22:47,17,53,0,70
2022-05-30T07:33:02,17,53,0,70
2022-05-30T07:43:16,17,53,0,70
2022-05-30T07:53:45,17,53,0,70
2022-05-30T08:03:59,17,53,0,70
2022-05-30T08:14:13,17,53,0,70
2022-05-30T08:24:28,17,53,0,70
2022-05-30T08:34:42,17,53,0,70
2022-05-30T08:44:56,17,53,0,70
2022-05-30T08:55:10,17,53,0,70
2022-05-30T09:05:24,17,53,0,70
2022-05-30T09:15:38,17,53,0,70
2022-05-30T09:25:51,18,52,0,70
2022-05-30T09:36:06,18,52,0,70
2022-05-30T09:46:20,19,51,0,70
2022-05-30T09:56:36,20,50,0,70
2022-05-30T10:06:50,20,50,0,70
2022-05-30T10:17:06,20,50,0,70
2022-05-30T10:27:20,20,50,0,70
2022-05-30T10:37:52,21,49,0,70
2022-05-30T10:48:06,21,49,0,70
2022-05-30T10:58:21,22,48,0,70
2022-05-30T11:08:36,22,48,0,70
2022-05-30T11:18:50,22,48,0,70
2022-05-30T11:29:05,22,48,0,70
2022-05-30T11:39:20,22,48,0,70
2022-05-30T11:49:34,22,48,0,70
2022-05-30T11:59:49,22,48,0,70
2022-05-30T12:10:13,22,48,0,70
2022-05-30T12:20:27,23,47,0,70
2022-05-30T12:30:42,23,47,0,70
2022-05-30T12:40:57,23,47,0,70
2022-05-30T12:51:11,23,47,0,70
2022-05-30T13:01:25,23,47,0,70
2022-05-30T13:11:40,23,47,0,70
2022-05-30T13:22:10,23,47,0,70
2022-05-30T13:32:25,23,47,0,70
2022-05-30T13:42:39,23,47,0,70
2022-05-30T13:52:54,24,46,0,70
2022-05-30T14:03:08,25,45,0,70
2022-05-30T14:13:24,25,45,0,70
2022-05-30T14:23:38,25,45,0,70
2022-05-30T14:33:53,25,45,0,70
2022-05-30T14:44:17,26,44,0,70
2022-05-30T14:54:31,26,44,0,70
2022-05-30T15:04:46,27,43,0,70
2022-05-30T15:15:01,27,43,0,70
2022-05-30T15:25:16,27,43,0,70
2022-05-30T15:35:30,27,43,0,70
2022-05-30T15:45:45,27,43,0,70
2022-05-30T15:56:00,27,43,0,70
2022-05-30T16:06:25,27,43,0,70
2022-05-30T16:16:39,27,43,0,70
2022-05-30T16:26:54,27,43,0,70
2022-05-30T16:37:09,28,42,0,70
2022-05-30T16:47:23,28,42,0,70
2022-05-30T16:57:37,28,42,0,70
2022-05-30T17:07:53,28,42,0,70
2022-05-30T17:18:27,28,42,0,70
2022-05-30T17:28:41,28,42,0,70
2022-05-30T17:38:56,28,42,0,70
2022-05-30T17:49:10,28,42,0,70
2022-05-30T17:59:25,28,42,0,70
2022-05-30T18:09:39,28,42,0,70
2022-05-30T18:19:54,28,42,0,70
2022-05-30T18:30:08,28,42,0,70
2022-05-30T18:40:33,28,42,0,70
2022-05-30T18:50:47,29,41,0,70
2022-05-30T19:01:02,29,41,0,70
2022-05-30T19:11:17,29,41,0,70
2022-05-30T19:21:32,29,41,0,70
2022-05-30T19:31:46,29,41,0,70
2022-05-30T19:42:01,30,40,0,70
2022-05-30T19:52:25,30,40,0,70
2022-05-30T20:02:40,30,40,0,70
2022-05-30T20:12:54,31,39,0,70
2022-05-30T20:23:09,31,39,0,70
2022-05-30T20:33:24,31,39,0,70
2022-05-30T20:43:39,31,39,0,70
2022-05-30T20:54:10,31,39,0,70
2022-05-30T21:04:25,31,39,0,70
2022-05-30T21:14:40,31,39,0,70
2022-05-30T21:24:55,31,39,0,70
2022-05-30T21:35:10,31,39,0,70
2022-05-30T21:45:25,31,39,0,70
2022-05-30T21:55:40,31,39,0,70
2022-05-30T22:06:05,31,39,0,70
2022-05-30T22:16:20,31,39,0,70
2022-05-30T22:26:37,31,39,0,70
2022-05-30T22:36:52,31,39,0,70
2022-05-30T22:47:07,31,39,0,70
2022-05-30T22:57:40,32,38,0,70
2022-05-30T23:07:55,32,38,0,70
2022-05-30T23:18:09,33,37,0,70
2022-05-30T23:28:24,33,37,0,70
2022-05-30T23:38:39,33,37,0,70
2022-05-30T23:48:54,33,37,0,70
2022-05-30T23:59:18,33,37,0,70
2022-05-31T00:09:34,33,37,0,70
2022-05-31T00:19:51,33,37,0,70
2022-05-31T00:30:07,33,37,0,70
2022-05-31T00:40:22,33,37,0,70
2022-05-31T00:50:37,33,37,0,70
2022-05-31T01:00:52,33,37,0,70
2022-05-31T01:11:30,33,37,0,70
2022-05-31T01:21:46,33,37,0,70
2022-05-31T01:32:02,33,37,0,70
2022-05-31T01:42:17,33,37,0,70
2022-05-31T01:52:32,33,37,0,70
2022-05-31T02:02:47,33,37,0,70
2022-05-31T02:13:03,33,37,0,70
2022-05-31T02:23:18,33,37,0,70
2022-05-31T02:33:34,33,37,0,70
2022-05-31T02:43:49,33,37,0,70
2022-05-31T02:54:13,33,37,0,70
2022-05-31T03:04:28,33,37,0,70
2022-05-31T03:14:44,33,37,0,70
2022-05-31T03:24:59,33,37,0,70
2022-05-31T03:35:14,33,37,0,70
2022-05-31T03:45:31,33,37,0,70
2022-05-31T03:55:47,33,37,0,70
2022-05-31T04:06:05,33,37,0,70
2022-05-31T04:16:21,33,37,0,70
2022-05-31T04:33:27,33,37,0,70
2022-05-31T04:43:46,33,37,0,70
2022-05-31T04:54:03,33,37,0,70
2022-05-31T05:04:21,33,37,0,70
2022-05-31T05:14:38,33,37,0,70
2022-05-31T05:24:55,33,37,0,70
2022-05-31T05:35:12,33,37,0,70
2022-05-31T05:45:28,34,36,0,70
2022-05-31T05:55:45,34,36,0,70
2022-05-31T06:06:01,34,36,0,70
2022-05-31T06:16:16,34,36,0,70
2022-05-31T06:26:32,34,36,0,70
2022-05-31T06:36:46,34,36,0,70
2022-05-31T06:47:01,34,36,0,70
2022-05-31T06:57:19,34,36,0,70
2022-05-31T07:07:41,34,36,0,70
2022-05-31T07:18:01,34,36,0,70
2022-05-31T07:28:19,34,36,0,70
2022-05-31T07:38:39,34,36,0,70
2022-05-31T07:48:58,34,36,0,70
2022-05-31T07:59:20,34,36,0,70
2022-05-31T08:09:41,34,36,0,70
2022-05-31T08:20:00,34,36,0,70
2022-05-31T08:30:20,34,36,0,70
2022-05-31T08:40:53,34,36,0,70
2022-05-31T08:51:20,34,36,0,70
2022-05-31T09:01:51,34,36,0,70
2022-05-31T09:12:23,34,36,0,70
2022-05-31T09:22:50,34,36,0,70
2022-05-31T09:33:16,34,36,0,70
2022-05-31T09:43:44,34,36,0,70
2022-05-31T09:54:10,34,36,0,70
2022-05-31T10:04:49,34,36,0,70
2022-05-31T10:15:15,35,35,0,70
2022-05-31T10:25:38,35,35,0,70
2022-05-31T10:36:04,36,34,0,70
2022-05-31T10:46:24,36,34,0,70
2022-05-31T10:56:46,36,34,0,70
2022-05-31T11:07:27,36,34,0,70
2022-05-31T11:17:49,36,34,0,70
2022-05-31T11:28:11,36,34,0,70
2022-05-31T11:38:34,37,33,0,70
2022-05-31T11:49:08,37,33,0,70
2022-05-31T11:59:29,37,33,0,70
2022-05-31T12:09:50,37,33,0,70
2022-05-31T12:20:11,37,33,0,70
2022-05-31T12:30:33,37,33,0,70
2022-05-31T12:41:07,37,33,0,70
2022-05-31T12:51:28,37,33,0,70
2022-05-31T13:01:50,37,33,0,70
2022-05-31T13:12:12,37,33,0,70
2022-05-31T13:22:35,37,33,0,70
2022-05-31T13:33:07,37,33,0,70
2022-05-31T13:43:29,37,33,0,70
2022-05-31T13:53:52,37,33,0,70
2022-05-31T14:04:17,37,33,0,70
2022-05-31T14:15:01,37,33,0,70
2022-05-31T14:25:22,37,33,0,70
2022-05-31T14:35:45,37,33,0,70
2022-05-31T14:46:07,37,33,0,70
2022-05-31T14:56:30,37,33,0,70
2022-05-31T15:07:04,38,32,0,70
2022-05-31T15:17:26,38,32,0,70
2022-05-31T15:27:48,38,32,0,70
2022-05-31T15:38:10,38,32,0,70
2022-05-31T15:48:32,38,32,0,70
2022-05-31T15:58:54,38,32,0,70
2022-05-31T16:09:26,38,32,0,70
2022-05-31T16:19:48,39,31,0,70
2022-05-31T16:30:10,40,30,0,70
2022-05-31T16:40:31,40,30,0,70
2022-05-31T16:50:52,40,30,0,70
2022-05-31T17:01:24,40,30,0,70
2022-05-31T17:11:46,40,30,0,70
2022-05-31T17:22:07,40,30,0,70
2022-05-31T17:32:27,40,30,0,70
2022-05-31T17:42:47,40,30,0,70
2022-05-31T17:53:08,40,30,0,70
2022-05-31T18:03:40,40,30,0,70
2022-05-31T18:14:01,40,30,0,70
2022-05-31T18:24:21,40,30,0,70
2022-05-31T18:34:41,40,30,0,70
2022-05-31T18:45:02,40,30,0,70
2022-05-31T18:55:23,40,30,0,70
2022-05-31T19:05:57,40,30,0,70
2022-05-31T19:16:17,40,30,0,70
2022-05-31T19:26:38,40,30,0,70
2022-05-31T19:36:58,40,30,0,70
2022-05-31T19:47:18,40,30,0,70
2022-05-31T19:57:38,40,30,0,70
2022-05-31T20:08:11,40,30,0,70
2022-05-31T20:18:32,40,30,0,70
2022-05-31T20:28:51,40,30,0,70
2022-05-31T20:39:11,40,30,0,70
2022-05-31T20:49:31,40,30,0,70
2022-05-31T21:00:02,40,30,0,70
2022-05-31T21:10:22,41,29,0,70
2022-05-31T21:20:41,41,29,0,70
2022-05-31T21:31:00,41,29,0,70
2022-05-31T21:41:20,41,29,0,70
2022-05-31T21:52:00,41,29,0,70
2022-05-31T22:02:20,41,29,0,70
2022-05-31T22:12:40,41,29,0,70
2022-05-31T22:22:59,41,29,0,70
2022-05-31T22:33:19,41,29,0,70
2022-05-31T22:43:38,42,28,0,70
2022-05-31T22:53:57,42,28,0,70
2022-05-31T23:04:30,42,28,0,70
2022-05-31T23:14:49,42,28,0,70
2022-05-31T23:25:08,42,28,0,70
2022-05-31T23:35:28,42,28,0,70
2022-05-31T23:45:47,42,28,0,70
2022-05-31T23:56:06,42,28,0,70
2022-06-01T00:06:31,42,28,0,70
2022-06-01T00:17:04,42,28,0,70
2022-06-01T00:27:24,42,28,0,70
2022-06-01T00:37:46,42,28,0,70
2022-06-01T00:48:08,42,28,0,70
2022-06-01T00:58:29,42,28,0,70
2022-06-01T01:08:51,42,28,0,70
2022-06-01T01:19:11,42,28,0,70
2022-06-01T01:29:32,42,28,0,70
2022-06-01T01:39:51,42,28,0,70
2022-06-01T01:50:11,42,28,0,70
2022-06-01T02:00:31,42,28,0,70
2022-06-01T02:10:51,42,28,0,70
2022-06-01T02:21:25,42,28,0,70
2022-06-01T02:31:53,42,28,0,70
2022-06-01T02:42:12,42,28,0,70
2022-06-01T02:52:32,42,28,0,70
2022-06-01T03:02:52,42,28,0,70
2022-06-01T03:13:12,42,28,0,70
2022-06-01T03:23:31,42,28,0,70
2022-06-01T03:33:50,42,28,0,70
2022-06-01T03:44:10,42,28,0,70
2022-06-01T03:54:29,42,28,0,70
2022-06-01T04:04:50,42,28,0,70
2022-06-01T04:15:11,42,28,0,70
2022-06-01T04:29:40,42,28,0,70
2022-06-01T04:40:00,42,28,0,70
2022-06-01T04:50:21,42,28,0,70
2022-06-01T05:00:41,42,28,0,70
2022-06-01T05:11:53,42,28,0,70
2022-06-01T05:23:09,42,28,0,70
2022-06-01T05:33:30,42,28,0,70
2022-06-01T05:43:52,42,28,0,70
2022-06-01T05:54:15,42,28,0,70
2022-06-01T06:04:35,42,28,0,70
2022-06-01T06:14:56,42,28,0,70
2022-06-01T06:25:16,42,28,0,70
2022-06-01T06:35:36,42,28,0,70
2022-06-01T06:45:55,42,28,0,70
2022-06-01T06:56:14,42,28,0,70
2022-06-01T07:06:34,42,28,0,70
2022-06-01T07:16:53,42,28,0,70
2022-06-01T07:27:13,42,28,0,70
2022-06-01T07:37:33,42,28,0,70
2022-06-01T07:47:53,42,28,0,70
2022-06-01T07:58:16,42,28,0,70
2022-06-01T08:08:37,42,28,0,70
2022-06-01T08:18:58,42,28,0,70
2022-06-01T08:29:31,42,28,0,70
2022-06-01T08:39:52,42,28,0,70
2022-06-01T08:50:12,42,28,0,70
2022-06-01T09:00:33,42,28,0,70
2022-06-01T09:10:55,42,28,0,70
2022-06-01T09:21:18,42,28,0,70
2022-06-01T09:31:40,42,28,0,70
2022-06-01T09:42:02,42,28,0,70
2022-06-01T09:52:25,42,28,0,70
2022-06-01T10:02:47,42,28,0,70
2022-06-01T10:13:11,42,28,0,70
2022-06-01T10:23:45,42,28,0,70
2022-06-01T10:34:09,42,28,0,70
2022-06-01T10:44:31,42,28,0,70
2022-06-01T10:54:54,42,28,0,70
2022-06-01T11:05:22,42,28,0,70
2022-06-01T11:15:51,42,28,0,70
2022-06-01T11:26:18,42,28,0,70
2022-06-01T11:36:57,42,28,0,70
2022-06-01T11:47:23,42,28,0,70
2022-06-01T11:57:53,42,28,0,70
2022-06-01T12:08:23,42,28,0,70
2022-06-01T12:18:55,42,28,0,70
2022-06-01T12:29:36,42,28,0,70
2022-06-01T12:40:11,42,28,0,70
2022-06-01T12:50:44,42,28,0,70
2022-06-01T13:01:20,42,28,0,70
2022-06-01T13:11:52,43,27,0,70
2022-06-01T13:22:23,44,26,0,70
2022-06-01T13:33:05,44,26,0,70
2022-06-01T13:43:36,44,26,0,70
2022-06-01T13:54:06,44,26,0,70
2022-06-01T14:04:37,44,26,0,70
2022-06-01T14:15:07,44,26,0,70
2022-06-01T14:25:46,44,26,0,70
2022-06-01T14:36:14,44,26,0,70
2022-06-01T14:46:40,44,26,0,70
2022-06-01T14:57:04,44,26,0,70
2022-06-01T15:07:29,44,26,0,70
2022-06-01T15:18:06,44,26,0,70
2022-06-01T15:28:31,44,26,0,70
2022-06-01T15:38:54,44,26,0,70
2022-06-01T15:49:18,44,26,0,70
2022-06-01T15:59:42,44,26,0,70
2022-06-01T16:10:19,44,26,0,70
2022-06-01T16:20:43,44,26,0,70
2022-06-01T16:31:06,44,26,0,70
2022-06-01T16:41:30,44,26,0,70
2022-06-01T16:51:54,44,26,0,70
2022-06-01T17:02:31,44,26,0,70
2022-06-01T17:12:55,44,26,0,70
2022-06-01T17:23:19,44,26,0,70
2022-06-01T17:33:41,44,26,0,70
2022-06-01T17:44:03,44,26,0,70
2022-06-01T17:54:39,44,26,0,70
2022-06-01T18:05:03,44,26,0,70
2022-06-01T18:15:26,45,25,0,70
2022-06-01T18:25:49,45,25,0,70
2022-06-01T18:36:13,45,25,0,70
2022-06-01T18:46:47,45,25,0,70
2022-06-01T18:57:10,46,24,0,70
2022-06-01T19:07:32,46,24,0,70
2022-06-01T19:17:54,46,24,0,70
2022-06-01T19:28:17,46,24,0,70
2022-06-01T19:38:51,46,24,0,70
2022-06-01T19:49:14,46,24,0,70
2022-06-01T19:59:36,46,24,0,70
2022-06-01T20:09:58,46,24,0,70
2022-06-01T20:20:21,46,24,0,70
2022-06-01T20:30:56,46,24,0,70
2022-06-01T20:41:18,46,24,0,70
2022-06-01T20:51:40,46,24,0,70
2022-06-01T21:02:02,46,24,0,70
2022-06-01T21:12:23,46,24,0,70
2022-06-01T21:22:56,46,24,0,70
2022-06-01T21:33:19,46,24,0,70
2022-06-01T21:43:40,46,24,0,70
2022-06-01T21:54:02,46,24,0,70
2022-06-01T22:04:25,46,24,0,70
2022-06-01T22:14:47,46,24,0,70
2022-06-01T22:25:21,46,24,0,70
2022-06-01T22:35:43,46,24,0,70
2022-06-01T22:46:04,46,24,0,70
2022-06-01T22:56:25,46,24,0,70
2022-06-01T23:06:46,46,24,0,70
2022-06-01T23:17:08,46,24,0,70
2022-06-01T23:27:40,46,24,0,70
2022-06-01T23:38:02,46,24,0,70
2022-06-01T23:48:23,46,24,0,70
2022-06-01T23:58:44,46,24,0,70
2022-06-02T00:09:07,46,24,0,70
2022-06-02T00:19:43,46,24,0,70
2022-06-02T00:30:06,46,24,0,70
2022-06-02T00:40:29,46,24,0,70
2022-06-02T00:50:51,46,24,0,70
2022-06-02T01:01:14,46,24,0,70
2022-06-02T01:11:36,47,23,0,70
2022-06-02T01:21:58,47,23,0,70
2022-06-02T01:32:20,47,23,0,70
2022-06-02T01:42:42,47,23,0,70
2022-06-02T01:53:04,47,23,0,70
2022-06-02T02:03:30,47,23,0,70
2022-06-02T02:13:57,47,23,0,70
2022-06-02T02:24:33,47,23,0,70
2022-06-02T02:34:56,47,23,0,70
2022-06-02T02:45:19,47,23,0,70
2022-06-02T02:55:44,47,23,0,70
2022-06-02T03:06:07,47,23,0,70
2022-06-02T03:16:30,47,23,0,70
2022-06-02T03:26:56,47,23,0,70
2022-06-02T03:37:23,47,23,0,70
2022-06-02T03:47:50,47,23,0,70
2022-06-02T03:58:17,47,23,0,70
2022-06-02T04:11:36,47,23,0,70
2022-06-02T04:32:47,47,23,0,70
2022-06-02T04:43:18,47,23,0,70
2022-06-02T04:53:49,47,23,0,70
2022-06-02T05:04:19,47,23,0,70
2022-06-02T05:14:47,47,23,0,70
2022-06-02T05:25:17,47,23,0,70
2022-06-02T05:35:42,47,23,0,70
2022-06-02T05:46:09,47,23,0,70
2022-06-02T05:56:35,47,23,0,70
2022-06-02T06:06:58,47,23,0,70
2022-06-02T06:17:20,47,23,0,70
2022-06-02T06:27:42,47,23,0,70
2022-06-02T06:38:05,47,23,0,70
2022-06-02T06:48:27,47,23,0,70
2022-06-02T06:58:49,47,23,0,70
2022-06-02T07:09:13,47,23,0,70
2022-06-02T07:19:36,47,23,0,70
2022-06-02T07:29:58,47,23,0,70
2022-06-02T07:40:20,47,23,0,70
2022-06-02T07:50:41,47,23,0,70
2022-06-02T09:37:27,47,23,0,70
2022-06-02T09:47:51,47,23,0,70
2022-06-02T09:58:16,47,23,0,70
2022-06-02T10:08:46,47,23,0,70
2022-06-02T10:19:10,47,23,0,70
2022-06-02T10:29:35,47,23,0,70
2022-06-02T10:40:10,47,23,0,70
2022-06-02T10:50:37,47,23,0,70
2022-06-02T11:01:03,47,23,0,70
2022-06-02T11:11:30,47,23,0,70
2022-06-02T11:21:55,47,23,0,70
2022-06-02T11:32:37,47,23,0,70
2022-06-02T11:43:02,47,23,0,70
2022-06-02T11:53:27,47,23,0,70
2022-06-02T12:03:51,47,23,0,70
2022-06-02T12:14:15,47,23,0,70
2022-06-02T12:24:50,47,23,0,70
2022-06-02T12:35:14,47,23,0,70
2022-06-02T12:45:39,47,23,0,70
2022-06-02T12:56:03,47,23,0,70
2022-06-02T13:06:28,47,23,0,70
2022-06-02T13:16:53,47,23,0,70
2022-06-02T13:27:36,47,23,0,70
2022-06-02T13:38:10,47,23,0,70
2022-06-02T13:48:45,47,23,0,70
2022-06-02T13:59:21,47,23,0,70
2022-06-02T14:10:03,47,23,0,70
2022-06-02T14:20:42,47,23,0,70
2022-06-02T14:31:31,47,23,0,70
2022-06-02T14:42:06,47,23,0,70
2022-06-02T14:52:37,47,23,0,70
2022-06-02T15:03:16,47,23,0,70
2022-06-02T15:13:50,47,23,0,70
2022-06-02T15:24:23,47,23,0,70
2022-06-02T15:35:08,47,23,0,70
2022-06-02T15:45:41,47,23,0,70
2022-06-02T15:56:13,47,23,0,70
2022-06-02T16:06:45,47,23,0,70
2022-06-02T16:17:18,47,23,0,70
2022-06-02T16:27:50,47,23,0,70
2022-06-02T16:38:17,47,23,0,70
2022-06-02T16:48:56,47,23,0,70
2022-06-02T16:59:21,47,23,0,70
2022-06-02T17:09:45,47,23,0,70
2022-06-02T17:20:07,47,23,0,70
2022-06-02T17:30:29,47,23,0,70
2022-06-02T17:40:52,47,23,0,70
2022-06-02T17:51:14,47,23,0,70
2022-06-02T18:01:47,47,23,0,70
2022-06-02T18:12:09,47,23,0,70
2022-06-02T18:22:31,47,23,0,70
2022-06-02T18:32:53,47,23,0,70
2022-06-02T18:43:15,47,23,0,70
2022-06-02T18:53:38,47,23,0,70
2022-06-02T19:04:00,47,23,0,70
2022-06-02T19:14:22,47,23,0,70
2022-06-02T19:24:44,47,23,0,70
2022-06-02T19:35:17,47,23,0,70
2022-06-02T19:45:39,47,23,0,70
2022-06-02T19:56:00,47,23,0,70
2022-06-02T20:06:22,47,23,0,70
2022-06-02T20:16:45,47,23,0,70
2022-06-02T20:27:07,47,23,0,70
2022-06-02T20:37:29,47,23,0,70
2022-06-02T20:47:52,47,23,0,70
2022-06-02T20:58:13,47,23,0,70
2022-06-02T21:08:47,47,23,0,70
2022-06-02T21:19:09,47,23,0,70
2022-06-02T21:29:31,47,23,0,70
2022-06-02T21:39:52,47,23,0,70
2022-06-02T21:50:14,47,23,0,70
2022-06-02T22:00:36,47,23,0,70
2022-06-02T22:10:58,47,23,0,70
2022-06-02T22:21:20,47,23,0,70
2022-06-02T22:31:44,47,23,0,70
2022-06-02T22:42:14,47,23,0,70
2022-06-02T22:52:52,47,23,0,70
2022-06-02T23:03:18,47,23,0,70
2022-06-02T23:13:45,47,23,0,70
2022-06-02T23:24:13,47,23,0,70
2022-06-02T23:34:40,47,23,0,70
2022-06-02T23:45:10,47,23,0,70
2022-06-02T23:55:41,47,23,0,70
2022-06-03T00:06:12,47,23,0,70
2022-06-03T00:16:59,47,23,0,70
2022-06-03T00:27:33,47,23,0,70
2022-06-03T00:38:07,47,23,0,70
2022-06-03T00:48:39,47,23,0,70
2022-06-03T00:59:09,47,23,0,70
2022-06-03T01:09:46,47,23,0,70
2022-06-03T01:20:15,47,23,0,70
2022-06-03T01:30:42,47,23,0,70
2022-06-03T01:41:08,47,23,0,70
2022-06-03T01:51:32,47,23,0,70
2022-06-03T02:01:55,47,23,0,70
2022-06-03T02:12:18,47,23,0,70
2022-06-03T02:22:39,47,23,0,70
2022-06-03T02:33:14,47,23,0,70
2022-06-03T02:43:38,47,23,0,70
2022-06-03T02:54:01,47,23,0,70
2022-06-03T03:04:25,47,23,0,70
2022-06-03T03:14:47,47,23,0,70
2022-06-03T03:25:08,47,23,0,70
2022-06-03T03:35:30,47,23,0,70
2022-06-03T03:45:53,47,23,0,70
2022-06-03T03:58:35,47,23,0,70
2022-06-03T04:09:22,47,23,0,70
2022-06-03T04:20:46,47,23,0,70
2022-06-03T04:31:33,47,23,0,70
2022-06-03T04:41:57,47,23,0,70
2022-06-03T04:52:20,47,23,0,70
2022-06-03T05:02:44,47,23,0,70
2022-06-03T05:13:10,47,23,0,70
2022-06-03T05:23:34,47,23,0,70
2022-06-03T05:33:58,47,23,0,70
2022-06-03T05:44:23,47,23,0,70
2022-06-03T05:54:47,47,23,0,70
2022-06-03T06:05:12,47,23,0,70
2022-06-03T06:15:34,47,23,0,70
2022-06-03T06:25:58,47,23,0,70
2022-06-03T06:36:22,47,23,0,70
2022-06-03T06:46:44,47,23,0,70
2022-06-03T06:57:05,47,23,0,70
2022-06-03T07:07:28,47,23,0,70
2022-06-03T07:17:50,47,23,0,70
2022-06-03T07:28:12,47,23,0,70
2022-06-03T07:38:34,47,23,0,70
2022-06-03T07:48:56,47,23,0,70
2022-06-03T07:59:18,47,23,0,70
2022-06-03T08:09:41,47,23,0,70
2022-06-03T08:20:03,47,23,0,70
2022-06-03T08:30:26,47,23,0,70
2022-06-03T08:40:48,47,23,0,70
2022-06-03T08:51:10,47,23,0,70
2022-06-03T09:01:34,47,23,0,70
2022-06-03T09:12:01,47,23,0,70
2022-06-03T09:22:26,47,23,0,70
2022-06-03T09:33:01,47,23,0,70
2022-06-03T09:43:25,47,23,0,70
2022-06-03T09:53:48,47,23,0,70
2022-06-03T10:04:12,47,23,0,70
2022-06-03T10:14:36,47,23,0,70
2022-06-03T10:25:00,47,23,0,70
2022-06-03T10:35:24,47,23,0,70
2022-06-03T10:45:49,47,23,0,70
2022-06-03T10:56:14,47,23,0,70
2022-06-03T11:06:40,47,23,0,70
2022-06-03T11:17:18,47,23,0,70
2022-06-03T11:27:43,47,23,0,70
2022-06-03T11:38:08,47,23,0,70
2022-06-03T11:48:31,47,23,0,70
2022-06-03T11:58:56,47,23,0,70
2022-06-03T12:09:21,47,23,0,70
2022-06-03T12:19:45,47,23,0,70
2022-06-03T12:30:10,47,23,0,70
2022-06-03T12:40:34,47,23,0,70
2022-06-03T12:50:59,47,23,0,70
2022-06-03T13:01:23,47,23,0,70
2022-06-03T13:11:47,47,23,0,70
2022-06-03T13:22:24,47,23,0,70
2022-06-03T13:32:49,47,23,0,70
2022-06-03T13:43:21,47,23,0,70
2022-06-03T13:53:45,47,23,0,70
2022-06-03T14:04:11,47,23,0,70
2022-06-03T14:15:10,48,22,0,70
2022-06-03T14:25:37,48,22,0,70
2022-06-03T14:36:05,48,22,0,70
2022-06-03T14:46:44,48,22,0,70
2022-06-03T14:57:10,48,22,0,70
2022-06-03T15:07:35,48,22,0,70
2022-06-03T15:18:01,48,22,0,70
2022-06-03T15:28:25,48,22,0,70
2022-06-03T15:38:50,48,22,0,70
2022-06-03T15:49:15,48,22,0,70
2022-06-03T15:59:39,48,22,0,70
2022-06-03T16:10:04,48,22,0,70
2022-06-03T16:20:28,48,22,0,70
2022-06-03T16:30:52,48,22,0,70
2022-06-03T16:41:16,48,22,0,70
2022-06-03T16:51:53,48,22,0,70
2022-06-03T17:02:16,48,22,0,70
2022-06-03T17:12:40,48,22,0,70
2022-06-03T17:23:04,48,22,0,70
2022-06-03T17:33:29,48,22,0,70
2022-06-03T17:43:56,48,22,0,70
2022-06-03T17:54:19,48,22,0,70
2022-06-03T18:04:53,48,22,0,70
2022-06-03T18:15:16,48,22,0,70
2022-06-03T18:25:39,48,22,0,70
2022-06-03T18:36:02,48,22,0,70
2022-06-03T18:46:25,48,22,0,70
2022-06-03T18:56:48,48,22,0,70
2022-06-03T19:07:10,48,22,0,70
2022-06-03T19:17:33,48,22,0,70
2022-06-03T19:27:56,48,22,0,70
2022-06-03T19:38:19,48,22,0,70
2022-06-03T19:48:41,48,22,0,70
2022-06-03T19:59:16,48,22,0,70
2022-06-03T20:09:39,48,22,0,70
2022-06-03T20:20:02,48,22,0,70
2022-06-03T20:30:25,48,22,0,70
2022-06-03T20:40:48,48,22,0,70
2022-06-03T20:51:11,48,22,0,70
2022-06-03T21:01:33,48,22,0,70
2022-06-03T21:11:56,48,22,0,70
2022-06-03T21:22:19,48,22,0,70
2022-06-03T21:32:41,48,22,0,70
2022-06-03T21:43:14,48,22,0,70
2022-06-03T21:53:36,48,22,0,70
2022-06-03T22:03:59,48,22,0,70
2022-06-03T22:14:23,48,22,0,70
2022-06-03T22:24:49,48,22,0,70
2022-06-03T22:35:19,48,22,0,70
2022-06-03T22:45:46,48,22,0,70
2022-06-03T22:56:14,48,22,0,70
2022-06-03T23:06:57,48,22,0,70
2022-06-03T23:17:27,48,22,0,70
2022-06-03T23:27:59,48,22,0,70
2022-06-03T23:38:25,48,22,0,70
2022-06-03T23:48:53,48,22,0,70
2022-06-03T23:59:22,48,22,0,70
2022-06-04T00:09:49,48,22,0,70
2022-06-04T00:20:19,48,22,0,70
2022-06-04T00:30:48,48,22,0,70
2022-06-04T00:41:32,48,22,0,70
2022-06-04T00:52:03,48,22,0,70
2022-06-04T01:02:32,48,22,0,70
2022-06-04T01:13:03,48,22,0,70
2022-06-04T01:23:33,48,22,0,70
2022-06-04T01:34:04,48,22,0,70
2022-06-04T01:44:36,48,22,0,70
2022-06-04T01:55:05,48,22,0,70
2022-06-04T02:05:32,48,22,0,70
2022-06-04T02:15:58,48,22,0,70
2022-06-04T02:26:21,48,22,0,70
2022-06-04T02:36:43,48,22,0,70
2022-06-04T02:47:05,48,22,0,70
2022-06-04T02:57:27,48,22,0,70
2022-06-04T03:07:49,48,22,0,70
2022-06-04T03:18:11,48,22,0,70
2022-06-04T03:28:32,48,22,0,70
2022-06-04T03:38:56,48,22,0,70
2022-06-04T03:49:21,48,22,0,70
2022-06-04T03:59:56,48,22,0,70
2022-06-04T04:10:20,48,22,0,70
2022-06-04T04:20:37,48,22,0,70
2022-06-04T04:31:18,48,22,0,70
2022-06-04T04:41:44,48,22,0,70
2022-06-04T04:52:08,48,22,0,70
2022-06-04T05:02:33,48,22,0,70
2022-06-04T05:12:57,48,22,0,70
2022-06-04T05:23:22,48,22,0,70
2022-06-04T05:33:46,48,22,0,70
2022-06-04T05:44:11,48,22,0,70
2022-06-04T05:54:36,48,22,0,70
2022-06-04T06:05:00,48,22,0,70
2022-06-04T06:15:24,48,22,0,70
2022-06-04T06:25:47,48,22,0,70
2022-06-04T06:36:11,48,22,0,70
2022-06-04T06:46:36,48,22,0,70
2022-06-04T06:56:59,48,22,0,70
2022-06-04T07:07:23,48,22,0,70
2022-06-04T07:17:48,48,22,0,70
2022-06-04T07:28:12,48,22,0,70
2022-06-04T07:38:39,48,22,0,70
2022-06-04T07:49:04,48,22,0,70
2022-06-04T07:59:28,48,22,0,70
2022-06-04T08:09:52,48,22,0,70
2022-06-04T08:20:16,48,22,0,70
2022-06-04T08:30:40,48,22,0,70
2022-06-04T08:41:11,48,22,0,70
2022-06-04T08:51:35,48,22,0,70
2022-06-04T09:01:58,48,22,0,70
2022-06-04T09:12:22,48,22,0,70
2022-06-04T09:22:45,48,22,0,70
2022-06-04T09:33:08,48,22,0,70
2022-06-04T09:43:31,48,22,0,70
2022-06-04T09:53:54,48,22,0,70
2022-06-04T10:04:16,48,22,0,70
2022-06-04T10:14:39,48,22,0,70
2022-06-04T10:25:01,48,22,0,70
2022-06-04T10:35:24,48,22,0,70
2022-06-04T10:45:46,48,22,0,70
2022-06-04T10:56:09,48,22,0,70
2022-06-04T11:06:32,48,22,0,70
2022-06-04T11:16:55,48,22,0,70
2022-06-04T11:27:30,48,22,0,70
2022-06-04T11:37:53,48,22,0,70
2022-06-04T11:48:15,48,22,0,70
2022-06-04T11:58:37,48,22,0,70
2022-06-04T12:08:59,48,22,0,70
2022-06-04T12:19:21,48,22,0,70
2022-06-04T12:29:46,48,22,0,70
2022-06-04T12:40:09,48,22,0,70
2022-06-04T12:50:31,48,22,0,70
2022-06-04T13:01:05,48,22,0,70
2022-06-04T13:11:27,48,22,0,70
2022-06-04T13:21:50,48,22,0,70
2022-06-04T13:32:12,48,22,0,70
2022-06-04T13:42:35,48,22,0,70
2022-06-04T13:52:57,48,22,0,70
2022-06-04T14:03:19,48,22,0,70
2022-06-04T14:13:42,48,22,0,70
2022-06-04T14:24:04,48,22,0,70
2022-06-04T14:34:27,48,22,0,70
2022-06-04T14:45:02,48,22,0,70
2022-06-04T14:55:25,48,22,0,70
2022-06-04T15:05:47,48,22,0,70
2022-06-04T15:16:10,48,22,0,70
2022-06-04T15:26:32,48,22,0,70
2022-06-04T15:36:54,48,22,0,70
2022-06-04T15:47:16,48,22,0,70
2022-06-04T15:57:39,48,22,0,70
2022-06-04T16:08:01,48,22,0,70
2022-06-04T16:18:23,48,22,0,70
2022-06-04T16:28:46,48,22,0,70
2022-06-04T16:39:09,48,22,0,70
2022-06-04T16:49:31,48,22,0,70
2022-06-04T17:00:04,48,22,0,70
2022-06-04T17:10:27,48,22,0,70
2022-06-04T17:20:50,48,22,0,70
2022-06-04T17:31:12,48,22,0,70
2022-06-04T17:41:34,48,22,0,70
2022-06-04T17:51:57,48,22,0,70
2022-06-04T18:02:19,48,22,0,70
2022-06-04T18:12:42,48,22,0,70
2022-06-04T18:23:04,48,22,0,70
2022-06-04T18:33:28,48,22,0,70
2022-06-04T18:43:50,48,22,0,70
2022-06-04T18:54:13,48,22,0,70
2022-06-04T19:04:45,48,22,0,70
2022-06-04T19:15:08,48,22,0,70
2022-06-04T19:25:30,48,22,0,70
2022-06-04T19:35:52,48,22,0,70
2022-06-04T19:46:13,48,22,0,70
2022-06-04T19:56:35,48,22,0,70
2022-06-04T20:06:58,48,22,0,70
2022-06-04T20:17:20,48,22,0,70
2022-06-04T20:27:42,48,22,0,70
2022-06-04T20:38:04,48,22,0,70
2022-06-04T20:48:27,48,22,0,70
2022-06-04T20:58:49,48,22,0,70
2022-06-04T21:09:24,48,22,0,70
2022-06-04T21:19:47,48,22,0,70
2022-06-04T21:30:09,48,22,0,70
2022-06-04T21:40:31,48,22,0,70
2022-06-04T21:50:53,48,22,0,70
2022-06-04T22:01:15,48,22,0,70
2022-06-04T22:11:38,48,22,0,70
2022-06-04T22:22:00,48,22,0,70
2022-06-04T22:32:23,48,22,0,70
2022-06-04T22:42:45,48,22,0,70
2022-06-04T22:53:07,48,22,0,70
2022-06-04T23:03:42,48,22,0,70
2022-06-04T23:14:05,48,22,0,70
2022-06-04T23:24:28,48,22,0,70
2022-06-04T23:34:50,48,22,0,70
2022-06-04T23:45:13,48,22,0,70
2022-06-04T23:55:35,48,22,0,70
2022-06-05T00:05:59,48,22,0,70
2022-06-05T00:16:23,48,22,0,70
2022-06-05T00:26:46,48,22,0,70
2022-06-05T00:37:11,48,22,0,70
2022-06-05T00:47:34,48,22,0,70
2022-06-05T00:58:08,48,22,0,70
2022-06-05T01:08:31,48,22,0,70
2022-06-05T01:18:54,48,22,0,70
2022-06-05T01:29:17,48,22,0,70
2022-06-05T01:39:42,48,22,0,70
2022-06-05T01:50:05,48,22,0,70
2022-06-05T02:00:29,48,22,0,70
2022-06-05T02:11:00,48,22,0,70
2022-06-05T02:21:23,48,22,0,70
2022-06-05T02:31:47,48,22,0,70
2022-06-05T02:42:11,48,22,0,70
2022-06-05T02:52:33,48,22,0,70
2022-06-05T03:02:56,48,22,0,70
2022-06-05T03:13:19,48,22,0,70
2022-06-05T03:23:52,48,22,0,70
2022-06-05T03:34:15,48,22,0,70
2022-06-05T03:44:39,48,22,0,70
2022-06-05T03:55:03,48,22,0,70
2022-06-05T04:05:28,48,22,0,70
2022-06-05T04:20:34,48,22,0,70
2022-06-05T04:32:09,48,22,0,70
2022-06-05T04:42:49,48,22,0,70
2022-06-05T04:53:14,48,22,0,70
2022-06-05T05:03:41,48,22,0,70
2022-06-05T05:14:08,48,22,0,70
2022-06-05T05:24:33,48,22,0,70
2022-06-05T05:34:57,48,22,0,70
2022-06-05T05:45:22,48,22,0,70
2022-06-05T05:55:46,48,22,0,70
2022-06-05T06:06:09,48,22,0,70
2022-06-05T06:16:31,48,22,0,70
2022-06-05T06:26:55,48,22,0,70
2022-06-05T06:37:17,48,22,0,70
2022-06-05T06:47:39,48,22,0,70
2022-06-05T06:58:01,48,22,0,70
2022-06-05T07:08:23,48,22,0,70
2022-06-05T07:18:49,48,22,0,70
2022-06-05T07:29:11,48,22,0,70
2022-06-05T07:39:34,48,22,0,70
2022-06-05T07:49:58,48,22,0,70
2022-06-05T08:00:20,48,22,0,70
2022-06-05T08:10:43,48,22,0,70
2022-06-05T08:21:05,48,22,0,70
2022-06-05T08:31:28,48,22,0,70
2022-06-05T08:41:51,48,22,0,70
2022-06-05T08:52:13,48,22,0,70
2022-06-05T09:02:36,48,22,0,70
2022-06-05T09:12:58,48,22,0,70
2022-06-05T09:23:20,48,22,0,70
2022-06-05T09:33:42,48,22,0,70
2022-06-05T09:44:04,48,22,0,70
2022-06-05T09:54:27,48,22,0,70
2022-06-05T10:04:50,48,22,0,70
2022-06-05T10:15:14,48,22,0,70
2022-06-05T10:25:55,48,22,0,70
2022-06-05T10:36:18,48,22,0,70
2022-06-05T10:46:41,49,21,0,70
2022-06-05T10:57:04,49,21,0,70
2022-06-05T11:07:27,49,21,0,70
2022-06-05T11:17:50,49,21,0,70
2022-06-05T11:28:12,49,21,0,70
2022-06-05T11:38:35,49,21,0,70
2022-06-05T11:48:57,49,21,0,70
2022-06-05T11:59:19,49,21,0,70
2022-06-05T12:09:42,49,21,0,70
2022-06-05T12:20:04,49,21,0,70
2022-06-05T12:30:27,49,21,0,70
2022-06-05T12:40:49,49,21,0,70
2022-06-05T12:51:11,49,21,0,70
2022-06-05T13:01:36,49,21,0,70
2022-06-05T13:12:08,49,21,0,70
2022-06-05T13:22:31,49,21,0,70
2022-06-05T13:32:53,49,21,0,70
2022-06-05T13:43:15,49,21,0,70
2022-06-05T13:53:38,49,21,0,70
2022-06-05T14:04:00,49,21,0,70
2022-06-05T14:14:22,49,21,0,70
2022-06-05T14:24:44,49,21,0,70
2022-06-05T14:35:07,49,21,0,70
2022-06-05T14:45:30,49,21,0,70
2022-06-05T14:55:53,49,21,0,70
2022-06-05T15:06:42,49,21,0,70
2022-06-05T15:17:04,49,21,0,70
2022-06-05T15:27:27,49,21,0,70
2022-06-05T15:37:51,49,21,0,70
2022-06-05T15:48:14,49,21,0,70
2022-06-05T15:58:37,49,21,0,70
2022-06-05T16:08:59,49,21,0,70
2022-06-05T16:19:22,49,21,0,70
2022-06-05T16:29:45,49,21,0,70
2022-06-05T16:40:07,49,21,0,70
2022-06-05T16:50:29,49,21,0,70
2022-06-05T17:00:52,49,21,0,70
2022-06-05T17:11:25,49,21,0,70
2022-06-05T17:21:48,49,21,0,70
2022-06-05T17:32:10,49,21,0,70
2022-06-05T17:42:32,49,21,0,70
2022-06-05T17:52:55,49,21,0,70
2022-06-05T18:03:17,49,21,0,70
2022-06-05T18:13:40,49,21,0,70
2022-06-05T18:24:04,49,21,0,70
2022-06-05T18:34:28,49,21,0,70
2022-06-05T18:44:50,49,21,0,70
2022-06-05T18:55:13,49,21,0,70
2022-06-05T19:05:35,49,21,0,70
2022-06-05T19:16:17,49,21,0,70
2022-06-05T19:26:39,49,21,0,70
2022-06-05T19:37:01,49,21,0,70
2022-06-05T19:47:24,49,21,0,70
2022-06-05T19:57:46,49,21,0,70
2022-06-05T20:08:09,49,21,0,70
2022-06-05T20:18:31,49,21,0,70
2022-06-05T20:28:54,49,21,0,70
2022-06-05T20:39:17,49,21,0,70
2022-06-05T20:49:40,49,21,0,70
2022-06-05T21:00:02,49,21,0,70
2022-06-05T21:10:25,49,21,0,70
2022-06-05T21:20:48,49,21,0,70
2022-06-05T21:31:28,49,21,0,70
2022-06-05T21:41:51,49,21,0,70
2022-06-05T21:52:13,49,21,0,70
2022-06-05T22:02:36,49,21,0,70
2022-06-05T22:12:58,49,21,0,70
2022-06-05T22:23:21,49,21,0,70
2022-06-05T22:33:44,49,21,0,70
2022-06-05T22:44:07,49,21,0,70
2022-06-05T22:54:30,49,21,0,70
2022-06-05T23:04:54,49,21,0,70
2022-06-05T23:15:17,49,21,0,70
2022-06-05T23:25:41,49,21,0,70
2022-06-05T23:36:15,49,21,0,70
2022-06-05T23:46:38,49,21,0,70
2022-06-05T23:57:00,49,21,0,70
2022-06-06T00:07:24,49,21,0,70
2022-06-06T00:17:50,49,21,0,70
2022-06-06T00:28:14,49,21,0,70
2022-06-06T00:38:40,49,21,0,70
2022-06-06T00:49:03,49,21,0,70
2022-06-06T00:59:26,49,21,0,70
2022-06-06T01:09:58,49,21,0,70
2022-06-06T01:20:23,49,21,0,70
2022-06-06T01:30:48,49,21,0,70
2022-06-06T01:41:13,49,21,0,70
2022-06-06T01:51:36,49,21,0,70
2022-06-06T02:02:01,49,21,0,70
2022-06-06T02:12:35,49,21,0,70
2022-06-06T02:23:12,49,21,0,70
2022-06-06T02:33:40,49,21,0,70
2022-06-06T02:44:09,49,21,0,70
2022-06-06T02:54:36,49,21,0,70
2022-06-06T03:05:01,49,21,0,70
2022-06-06T03:15:27,49,21,0,70
2022-06-06T03:25:57,49,21,0,70
2022-06-06T03:36:25,49,21,0,70
2022-06-06T03:46:55,49,21,0,70
2022-06-06T03:57:26,49,21,0,70
2022-06-06T04:07:58,49,21,0,70
2022-06-06T04:20:33,49,21,0,70
2022-06-06T04:31:17,49,21,0,70
2022-06-06T04:41:43,49,21,0,70
2022-06-06T04:52:14,49,21,0,70
2022-06-06T05:02:49,49,21,0,70
2022-06-06T05:13:24,49,21,0,70
2022-06-06T05:23:58,49,21,0,70
2022-06-06T05:34:33,49,21,0,70
2022-06-06T05:45:04,49,21,0,70
2022-06-06T05:55:41,49,21,0,70
2022-06-06T06:06:15,49,21,0,70
2022-06-06T06:16:44,49,21,0,70
2022-06-06T06:27:10,49,21,0,70
2022-06-06T06:37:36,49,21,0,70
2022-06-06T06:48:00,49,21,0,70
2022-06-06T06:58:23,49,21,0,70
2022-06-06T07:08:46,49,21,0,70
2022-06-06T07:19:09,49,21,0,70
2022-06-06T07:29:32,49,21,0,70
2022-06-06T07:39:56,49,21,0,70
2022-06-06T07:50:19,49,21,0,70
2022-06-06T08:00:43,49,21,0,70
2022-06-06T08:11:06,49,21,0,70
2022-06-06T08:21:29,49,21,0,70
2022-06-06T08:31:53,49,21,0,70
2022-06-06T08:42:17,49,21,0,70
2022-06-06T08:52:40,49,21,0,70
2022-06-06T09:03:04,49,21,0,70
2022-06-06T09:13:28,49,21,0,70
2022-06-06T09:23:52,49,21,0,70
2022-06-06T09:34:28,49,21,0,70
2022-06-06T09:44:52,49,21,0,70
2022-06-06T09:55:17,49,21,0,70
2022-06-06T10:05:41,49,21,0,70
2022-06-06T10:16:06,49,21,0,70
2022-06-06T10:26:31,49,21,0,70
2022-06-06T10:36:56,49,21,0,70
2022-06-06T10:47:22,49,21,0,70
2022-06-06T10:57:46,49,21,0,70
2022-06-06T11:08:11,49,21,0,70
2022-06-06T11:18:35,49,21,0,70
2022-06-06T11:28:59,49,21,0,70
2022-06-06T11:39:35,49,21,0,70
2022-06-06T11:50:00,49,21,0,70
2022-06-06T12:00:25,49,21,0,70
2022-06-06T12:10:49,49,21,0,70
2022-06-06T12:21:13,49,21,0,70
2022-06-06T12:31:37,49,21,0,70
2022-06-06T12:42:00,49,21,0,70
2022-06-06T12:52:35,49,21,0,70
2022-06-06T13:02:59,49,21,0,70
2022-06-06T13:13:23,49,21,0,70
2022-06-06T13:23:47,49,21,0,70
2022-06-06T13:34:11,49,21,0,70
2022-06-06T13:44:36,49,21,0,70
2022-06-06T13:55:00,49,21,0,70
2022-06-06T14:05:25,49,21,0,70
2022-06-06T14:15:50,49,21,0,70
2022-06-06T14:26:14,49,21,0,70
2022-06-06T14:36:39,49,21,0,70
2022-06-06T14:47:14,49,21,0,70
2022-06-06T14:57:39,49,21,0,70
2022-06-06T15:08:05,49,21,0,70
2022-06-06T15:18:30,49,21,0,70
2022-06-06T15:28:55,49,21,0,70
2022-06-06T15:39:19,49,21,0,70
2022-06-06T15:49:43,49,21,0,70
2022-06-06T16:00:07,49,21,0,70
2022-06-06T16:10:44,49,21,0,70
2022-06-06T16:21:08,49,21,0,70
2022-06-06T16:31:32,49,21,0,70
2022-06-06T16:41:56,49,21,0,70
2022-06-06T16:52:19,49,21,0,70
2022-06-06T17:02:42,49,21,0,70
2022-06-06T17:13:06,49,21,0,70
2022-06-06T17:23:30,49,21,0,70
2022-06-06T17:33:53,49,21,0,70
2022-06-06T17:44:16,49,21,0,70
2022-06-06T17:54:39,49,21,0,70
2022-06-06T18:05:03,49,21,0,70
2022-06-06T18:15:38,49,21,0,70
2022-06-06T18:26:00,49,21,0,70
2022-06-06T18:36:23,49,21,0,70
2022-06-06T18:46:46,49,21,0,70
2022-06-06T18:57:09,49,21,0,70
2022-06-06T19:07:32,49,21,0,70
2022-06-06T19:17:55,49,21,0,70
2022-06-06T19:28:21,49,21,0,70
2022-06-06T19:38:48,49,21,0,70
2022-06-06T19:49:15,49,21,0,70
2022-06-06T19:59:52,49,21,0,70
2022-06-06T20:10:21,49,21,0,70
2022-06-06T20:20:49,49,21,0,70
2022-06-06T20:31:19,49,21,0,70
2022-06-06T20:41:48,49,21,0,70
2022-06-06T20:52:19,49,21,0,70
2022-06-06T21:02:53,49,21,0,70
2022-06-06T21:13:26,49,21,0,70
2022-06-06T21:23:59,49,21,0,70
2022-06-06T21:34:34,49,21,0,70
2022-06-06T21:45:06,49,21,0,70
2022-06-06T21:55:41,49,21,0,70
2022-06-06T22:06:28,49,21,0,70
2022-06-06T22:16:55,49,21,0,70
2022-06-06T22:27:21,49,21,0,70
2022-06-06T22:37:46,49,21,0,70
2022-06-06T22:48:09,49,21,0,70
2022-06-06T22:58:31,49,21,0,70
2022-06-06T23:08:55,49,21,0,70
2022-06-06T23:19:18,49,21,0,70
2022-06-06T23:29:41,49,21,0,70
2022-06-06T23:40:04,49,21,0,70
2022-06-06T23:50:26,49,21,0,70
2022-06-07T00:00:49,49,21,0,70
2022-06-07T00:11:13,49,21,0,70
2022-06-07T00:21:38,49,21,0,70
2022-06-07T00:32:02,49,21,0,70
2022-06-07T00:42:39,49,21,0,70
2022-06-07T00:53:04,49,21,0,70
2022-06-07T01:03:30,49,21,0,70
2022-06-07T01:13:54,49,21,0,70
2022-06-07T01:24:18,49,21,0,70
2022-06-07T01:34:42,49,21,0,70
2022-06-07T01:45:06,49,21,0,70
2022-06-07T01:55:30,49,21,0,70
2022-06-07T02:05:54,49,21,0,70
2022-06-07T02:16:17,49,21,0,70
2022-06-07T02:26:42,49,21,0,70
2022-06-07T02:37:04,49,21,0,70
2022-06-07T02:47:26,49,21,0,70
2022-06-07T02:57:48,49,21,0,70
2022-06-07T03:08:09,49,21,0,70
2022-06-07T03:18:32,49,21,0,70
2022-06-07T03:28:53,49,21,0,70
2022-06-07T03:39:16,49,21,0,70
2022-06-07T03:49:40,49,21,0,70
2022-06-07T04:00:04,49,21,0,70
2022-06-07T04:10:29,49,21,0,70
2022-06-07T04:22:07,49,21,0,70
2022-06-07T04:33:59,49,21,0,70
2022-06-07T04:44:25,49,21,0,70
2022-06-07T04:54:50,49,21,0,70
2022-06-07T05:05:16,49,21,0,70
2022-06-07T05:15:41,49,21,0,70
2022-06-07T05:26:06,49,21,0,70
2022-06-07T05:36:30,49,21,0,70
2022-06-07T05:46:53,49,21,0,70
2022-06-07T05:57:17,49,21,0,70
2022-06-07T06:07:43,49,21,0,70
2022-06-07T06:18:07,49,21,0,70
2022-06-07T06:28:32,49,21,0,70
2022-06-07T06:38:56,49,21,0,70
2022-06-07T06:49:21,49,21,0,70
2022-06-07T06:59:46,49,21,0,70
2022-06-07T07:10:11,49,21,0,70
2022-06-07T07:20:36,49,21,0,70
2022-06-07T07:31:02,49,21,0,70
2022-06-07T07:41:27,49,21,0,70
2022-06-07T07:51:52,49,21,0,70
2022-06-07T08:02:16,49,21,0,70
2022-06-07T08:12:40,49,21,0,70
2022-06-07T08:23:04,49,21,0,70
2022-06-07T08:33:29,49,21,0,70
2022-06-07T08:43:53,49,21,0,70
2022-06-07T08:54:17,49,21,0,70
2022-06-07T09:04:42,49,21,0,70
2022-06-07T09:15:07,49,21,0,70
2022-06-07T09:25:31,49,21,0,70
2022-06-07T09:35:55,49,21,0,70
2022-06-07T09:46:19,49,21,0,70
2022-06-07T09:56:44,49,21,0,70
2022-06-07T10:07:09,49,21,0,70
2022-06-07T10:17:52,49,21,0,70
2022-06-07T10:28:18,49,21,0,70
2022-06-07T10:38:42,49,21,0,70
2022-06-07T10:49:07,49,21,0,70
2022-06-07T10:59:32,49,21,0,70
2022-06-07T11:09:57,49,21,0,70
2022-06-07T11:20:23,49,21,0,70
2022-06-07T11:30:47,49,21,0,70
2022-06-07T11:41:12,49,21,0,70
2022-06-07T11:51:37,49,21,0,70
2022-06-07T12:02:01,49,21,0,70
2022-06-07T12:12:26,49,21,0,70
2022-06-07T12:23:01,49,21,0,70
2022-06-07T12:33:25,49,21,0,70
2022-06-07T12:43:49,49,21,0,70
2022-06-07T12:54:13,49,21,0,70
2022-06-07T13:04:37,49,21,0,70
2022-06-07T13:15:02,49,21,0,70
2022-06-07T13:25:30,49,21,0,70
2022-06-07T13:36:00,49,21,0,70
2022-06-07T13:46:40,49,21,0,70
2022-06-07T13:57:09,49,21,0,70
2022-06-07T14:07:38,49,21,0,70
2022-06-07T14:18:07,49,21,0,70
2022-06-07T14:28:34,49,21,0,70
2022-06-07T14:39:04,49,21,0,70
2022-06-07T14:49:37,49,21,0,70
2022-06-07T15:00:20,49,21,0,70
2022-06-07T15:10:51,49,21,0,70
2022-06-07T15:21:23,49,21,0,70
2022-06-07T15:31:56,49,21,0,70
2022-06-07T15:42:28,49,21,0,70
2022-06-07T15:52:58,49,21,0,70
2022-06-07T16:03:26,49,21,0,70
2022-06-07T16:14:04,49,21,0,70
2022-06-07T16:24:34,49,21,0,70
2022-06-07T16:35:02,49,21,0,70
2022-06-07T16:45:31,49,21,0,70
2022-06-07T16:55:58,49,21,0,70
2022-06-07T17:06:24,49,21,0,70
2022-06-07T17:16:49,49,21,0,70
2022-06-07T17:27:13,49,21,0,70
2022-06-07T17:37:36,49,21,0,70
2022-06-07T17:47:59,49,21,0,70
2022-06-07T17:58:22,49,21,0,70
2022-06-07T18:08:46,49,21,0,70
2022-06-07T18:19:19,49,21,0,70
2022-06-07T18:29:43,49,21,0,70
2022-06-07T18:40:05,49,21,0,70
2022-06-07T18:50:28,49,21,0,70
2022-06-07T19:00:51,49,21,0,70
2022-06-07T19:11:14,49,21,0,70
2022-06-07T19:21:37,49,21,0,70
2022-06-07T19:32:00,49,21,0,70
2022-06-07T19:42:23,49,21,0,70
2022-06-07T19:52:46,49,21,0,70
2022-06-07T20:03:09,49,21,0,70
2022-06-07T20:13:32,49,21,0,70
2022-06-07T20:23:55,49,21,0,70
2022-06-07T20:34:18,49,21,0,70
2022-06-07T20:44:41,49,21,0,70
2022-06-07T20:55:13,49,21,0,70
2022-06-07T21:05:36,49,21,0,70
2022-06-07T21:15:59,49,21,0,70
2022-06-07T21:26:22,49,21,0,70
2022-06-07T21:36:44,49,21,0,70
2022-06-07T21:47:07,49,21,0,70
2022-06-07T21:57:30,49,21,0,70
2022-06-07T22:07:53,49,21,0,70
2022-06-07T22:18:16,49,21,0,70
2022-06-07T22:28:39,49,21,0,70
2022-06-07T22:39:02,49,21,0,70
2022-06-07T22:49:27,49,21,0,70
2022-06-07T22:59:49,49,21,0,70
2022-06-07T23:10:26,49,21,0,70
2022-06-07T23:20:49,49,21,0,70
2022-06-07T23:31:12,49,21,0,70
2022-06-07T23:41:35,49,21,0,70
2022-06-07T23:51:57,49,21,0,70
2022-06-08T00:02:20,49,21,0,70
2022-06-08T00:12:45,49,21,0,70
2022-06-08T00:23:13,49,21,0,70
2022-06-08T00:33:36,49,21,0,70
2022-06-08T00:44:01,49,21,0,70
2022-06-08T00:54:25,49,21,0,70
2022-06-08T01:04:52,49,21,0,70
2022-06-08T01:15:17,49,21,0,70
2022-06-08T01:25:42,49,21,0,70
2022-06-08T01:36:06,49,21,0,70
2022-06-08T01:46:30,49,21,0,70
2022-06-08T01:56:54,49,21,0,70
2022-06-08T02:07:17,49,21,0,70
2022-06-08T02:17:41,49,21,0,70
2022-06-08T02:28:13,49,21,0,70
2022-06-08T02:38:38,49,21,0,70
2022-06-08T02:49:02,49,21,0,70
2022-06-08T02:59:26,49,21,0,70
2022-06-08T03:09:49,49,21,0,70
2022-06-08T03:20:12,49,21,0,70
2022-06-08T03:30:34,49,21,0,70
2022-06-08T03:40:57,49,21,0,70
2022-06-08T03:51:21,49,21,0,70
2022-06-08T04:04:00,49,21,0,70
2022-06-08T04:23:01,49,21,0,70
2022-06-08T04:33:49,49,21,0,70
2022-06-08T04:44:14,49,21,0,70
2022-06-08T04:54:39,49,21,0,70
2022-06-08T05:05:05,49,21,0,70
2022-06-08T05:15:29,49,21,0,70
2022-06-08T05:25:55,49,21,0,70
2022-06-08T05:36:20,49,21,0,70
2022-06-08T05:46:44,49,21,0,70
2022-06-08T05:57:09,49,21,0,70
2022-06-08T06:07:38,49,21,0,70
2022-06-08T06:18:06,49,21,0,70
2022-06-08T06:28:34,49,21,0,70
2022-06-08T06:39:03,49,21,0,70
2022-06-08T06:49:32,49,21,0,70
2022-06-08T07:00:02,49,21,0,70
2022-06-08T07:10:36,49,21,0,70
2022-06-08T07:21:04,49,21,0,70
2022-06-08T07:31:32,49,21,0,70
2022-06-08T07:42:02,49,21,0,70
2022-06-08T07:52:32,49,21,0,70
2022-06-08T08:02:58,49,21,0,70
2022-06-08T08:13:28,49,21,0,70
2022-06-08T08:23:59,49,21,0,70
2022-06-08T08:34:30,49,21,0,70
2022-06-08T08:45:01,49,21,0,70
2022-06-08T08:55:33,49,21,0,70
2022-06-08T09:06:04,49,21,0,70
2022-06-08T09:16:35,49,21,0,70
2022-06-08T09:27:06,49,21,0,70
2022-06-08T09:37:36,49,21,0,70
2022-06-08T09:48:05,49,21,0,70
2022-06-08T09:58:33,49,21,0,70
2022-06-08T10:09:10,49,21,0,70
2022-06-08T10:19:35,49,21,0,70
2022-06-08T10:30:00,49,21,0,70
2022-06-08T10:40:24,49,21,0,70
2022-06-08T10:50:49,49,21,0,70
2022-06-08T11:01:13,49,21,0,70
2022-06-08T11:11:38,49,21,0,70
2022-06-08T11:22:03,49,21,0,70
2022-06-08T11:32:29,49,21,0,70
2022-06-08T11:42:54,49,21,0,70
2022-06-08T11:53:18,49,21,0,70
2022-06-08T12:03:43,49,21,0,70
2022-06-08T12:14:20,49,21,0,70
2022-06-08T12:24:44,49,21,0,70
2022-06-08T12:35:08,49,21,0,70
2022-06-08T12:45:32,49,21,0,70
2022-06-08T12:55:57,49,21,0,70
2022-06-08T13:06:22,49,21,0,70
2022-06-08T13:16:46,49,21,0,70
2022-06-08T13:27:11,49,21,0,70
2022-06-08T13:37:36,49,21,0,70
2022-06-08T13:48:01,49,21,0,70
2022-06-08T13:58:27,49,21,0,70
2022-06-08T14:09:05,49,21,0,70
2022-06-08T14:19:30,49,21,0,70
2022-06-08T14:29:54,49,21,0,70
2022-06-08T14:40:19,49,21,0,70
2022-06-08T14:50:44,49,21,0,70
2022-06-08T15:01:09,49,21,0,70
2022-06-08T15:11:33,49,21,0,70
2022-06-08T15:21:57,49,21,0,70
2022-06-08T15:32:33,49,21,0,70
2022-06-08T15:42:58,49,21,0,70
2022-06-08T15:53:22,49,21,0,70
2022-06-08T16:03:46,49,21,0,70
2022-06-08T16:14:10,49,21,0,70
2022-06-08T16:24:35,49,21,0,70
2022-06-08T16:34:59,49,21,0,70
2022-06-08T16:45:24,49,21,0,70
2022-06-08T16:55:48,49,21,0,70
2022-06-08T17:06:13,49,21,0,70
2022-06-08T17:16:48,49,21,0,70
2022-06-08T17:27:12,49,21,0,70
2022-06-08T17:37:36,49,21,0,70
2022-06-08T17:47:59,49,21,0,70
2022-06-08T17:58:23,49,21,0,70
2022-06-08T18:08:46,49,21,0,70
2022-06-08T18:19:09,49,21,0,70
2022-06-08T18:29:32,49,21,0,70
2022-06-08T18:39:56,49,21,0,70
2022-06-08T18:50:20,49,21,0,70
2022-06-08T19:00:44,49,21,0,70
2022-06-08T19:11:07,49,21,0,70
2022-06-08T19:21:30,49,21,0,70
2022-06-08T19:32:03,49,21,0,70
2022-06-08T19:42:26,49,21,0,70
2022-06-08T19:52:49,49,21,0,70
2022-06-08T20:03:13,49,21,0,70
2022-06-08T20:13:36,49,21,0,70
2022-06-08T20:24:00,49,21,0,70
2022-06-08T20:34:22,49,21,0,70
2022-06-08T20:44:46,49,21,0,70
2022-06-08T20:55:10,49,21,0,70
2022-06-08T21:05:33,49,21,0,70
2022-06-08T21:15:57,49,21,0,70
2022-06-08T21:26:20,49,21,0,70
2022-06-08T21:36:43,49,21,0,70
2022-06-08T21:47:06,49,21,0,70
2022-06-08T21:57:39,49,21,0,70
2022-06-08T22:08:02,49,21,0,70
2022-06-08T22:18:25,49,21,0,70
2022-06-08T22:28:49,49,21,0,70
2022-06-08T22:39:12,49,21,0,70
2022-06-08T22:49:37,49,21,0,70
2022-06-08T23:00:00,49,21,0,70
2022-06-08T23:10:24,49,21,0,70
2022-06-08T23:20:48,49,21,0,70
2022-06-08T23:31:11,49,21,0,70
2022-06-08T23:41:35,49,21,0,70
2022-06-08T23:51:58,49,21,0,70
2022-06-09T00:02:21,49,21,0,70
2022-06-09T00:12:48,49,21,0,70
2022-06-09T00:23:14,49,21,0,70
2022-06-09T00:33:48,49,21,0,70
2022-06-09T00:44:12,49,21,0,70
2022-06-09T00:54:36,49,21,0,70
2022-06-09T01:05:00,49,21,0,70
2022-06-09T01:15:25,49,21,0,70
2022-06-09T01:25:49,49,21,0,70
2022-06-09T01:36:14,49,21,0,70
2022-06-09T01:46:38,49,21,0,70
2022-06-09T01:57:03,49,21,0,70
2022-06-09T02:07:27,49,21,0,70
2022-06-09T02:17:50,49,21,0,70
2022-06-09T02:28:13,49,21,0,70
2022-06-09T02:38:37,49,21,0,70
2022-06-09T02:49:00,49,21,0,70
2022-06-09T02:59:23,49,21,0,70
2022-06-09T03:09:45,49,21,0,70
2022-06-09T03:20:08,49,21,0,70
2022-06-09T03:30:30,49,21,0,70
2022-06-09T03:40:53,49,21,0,70
2022-06-09T03:51:17,49,21,0,70
2022-06-09T04:01:41,49,21,0,70
2022-06-09T04:12:05,49,21,0,70
2022-06-09T04:28:15,49,21,0,70
2022-06-09T04:38:59,49,21,0,70
2022-06-09T04:49:26,49,21,0,70
2022-06-09T04:59:53,49,21,0,70
2022-06-09T05:10:18,49,21,0,70
2022-06-09T05:20:44,49,21,0,70
2022-06-09T05:31:08,49,21,0,70
2022-06-09T05:41:32,49,21,0,70
2022-06-09T05:51:56,49,21,0,70
2022-06-09T06:02:21,49,21,0,70
2022-06-09T06:12:45,49,21,0,70
2022-06-09T06:23:10,49,21,0,70
2022-06-09T06:33:35,49,21,0,70
2022-06-09T06:44:00,49,21,0,70
2022-06-09T06:54:24,49,21,0,70
2022-06-09T07:04:49,49,21,0,70
2022-06-09T07:15:14,49,21,0,70
2022-06-09T07:25:39,49,21,0,70
2022-06-09T07:36:06,49,21,0,70
2022-06-09T07:46:32,49,21,0,70
2022-06-09T07:57:01,49,21,0,70
2022-06-09T08:07:26,49,21,0,70
2022-06-09T08:17:51,49,21,0,70
2022-06-09T08:28:16,49,21,0,70
2022-06-09T08:38:40,49,21,0,70
2022-06-09T08:49:03,49,21,0,70
2022-06-09T08:59:28,49,21,0,70
2022-06-09T09:09:52,49,21,0,70
2022-06-09T09:20:16,49,21,0,70
2022-06-09T09:30:41,49,21,0,70
2022-06-09T09:41:05,49,21,0,70
2022-06-09T09:51:30,49,21,0,70
2022-06-09T10:01:55,49,21,0,70
2022-06-09T10:12:21,49,21,0,70
2022-06-09T10:22:45,49,21,0,70
2022-06-09T10:33:20,49,21,0,70
2022-06-09T10:43:45,49,21,0,70
2022-06-09T10:54:10,49,21,0,70
2022-06-09T11:04:34,49,21,0,70
2022-06-09T11:14:59,49,21,0,70
2022-06-09T11:25:24,49,21,0,70
2022-06-09T11:35:49,49,21,0,70
2022-06-09T11:46:13,49,21,0,70
2022-06-09T11:56:37,49,21,0,70
2022-06-09T12:07:01,49,21,0,70
2022-06-09T12:17:25,49,21,0,70
2022-06-09T12:28:00,49,21,0,70
2022-06-09T12:38:30,49,21,0,70
2022-06-09T12:49:02,49,21,0,70
2022-06-09T12:59:37,49,21,0,70
2022-06-09T13:10:14,49,21,0,70
2022-06-09T13:20:52,49,21,0,70
2022-06-09T13:31:28,49,21,0,70
2022-06-09T13:42:17,49,21,0,70
2022-06-09T13:52:54,49,21,0,70
2022-06-09T14:03:33,49,21,0,70
2022-06-09T14:14:08,49,21,0,70
2022-06-09T14:24:43,49,21,0,70
2022-06-09T14:35:15,49,21,0,70
2022-06-09T14:45:47,49,21,0,70
2022-06-09T14:56:20,49,21,0,70
2022-06-09T15:06:52,49,21,0,70
2022-06-09T15:17:35,49,21,0,70
2022-06-09T15:28:06,49,21,0,70
2022-06-09T15:38:36,49,21,0,70
2022-06-09T15:49:04,49,21,0,70
2022-06-09T15:59:31,49,21,0,70
2022-06-09T16:09:56,49,21,0,70
2022-06-09T16:20:30,49,21,0,70
2022-06-09T16:30:55,49,21,0,70
2022-06-09T16:41:23,49,21,0,70
2022-06-09T16:51:49,49,21,0,70
2022-06-09T17:02:14,49,21,0,70
2022-06-09T17:12:40,49,21,0,70
2022-06-09T17:23:05,49,21,0,70
2022-06-09T17:33:34,49,21,0,70
2022-06-09T17:44:14,49,21,0,70
2022-06-09T17:54:43,49,21,0,70
2022-06-09T18:05:12,49,21,0,70
2022-06-09T18:15:42,49,21,0,70
2022-06-09T18:26:09,49,21,0,70
2022-06-09T18:36:37,49,21,0,70
2022-06-09T18:47:07,49,21,0,70
2022-06-09T18:57:35,49,21,0,70
2022-06-09T19:08:08,49,21,0,70
2022-06-09T19:18:41,49,21,0,70
2022-06-09T19:29:23,49,21,0,70
2022-06-09T19:40:03,49,21,0,70
2022-06-09T19:50:46,49,21,0,70
2022-06-09T20:01:15,49,21,0,70
2022-06-09T20:11:46,49,21,0,70
2022-06-09T20:22:15,49,21,0,70
2022-06-09T20:32:44,49,21,0,70
2022-06-09T20:43:15,49,21,0,70
2022-06-09T20:53:42,49,21,0,70
2022-06-09T21:04:09,49,21,0,70
2022-06-09T21:14:36,49,21,0,70
2022-06-09T21:25:00,49,21,0,70
2022-06-09T21:35:24,49,21,0,70
2022-06-09T21:45:48,49,21,0,70
2022-06-09T21:56:12,49,21,0,70
2022-06-09T22:06:37,49,21,0,70
2022-06-09T22:17:01,49,21,0,70
2022-06-09T22:27:36,49,21,0,70
2022-06-09T22:38:00,49,21,0,70
2022-06-09T22:48:25,49,21,0,70
2022-06-09T22:58:49,49,21,0,70
2022-06-09T23:09:14,49,21,0,70
2022-06-09T23:19:38,49,21,0,70
2022-06-09T23:30:02,49,21,0,70
2022-06-09T23:40:27,49,21,0,70
2022-06-09T23:50:51,49,21,0,70
2022-06-10T00:01:16,49,21,0,70
2022-06-10T00:11:41,49,21,0,70
2022-06-10T00:22:10,49,21,0,70
2022-06-10T00:32:36,49,21,0,70
2022-06-10T00:43:02,49,21,0,70
2022-06-10T00:53:28,49,21,0,70
2022-06-10T01:04:06,49,21,0,70
2022-06-10T01:14:32,49,21,0,70
2022-06-10T01:24:59,49,21,0,70
2022-06-10T01:35:26,49,21,0,70
2022-06-10T01:45:52,49,21,0,70
2022-06-10T01:56:17,49,21,0,70
2022-06-10T02:06:42,49,21,0,70
2022-06-10T02:17:09,49,21,0,70
2022-06-10T02:27:45,49,21,0,70
2022-06-10T02:38:11,49,21,0,70
2022-06-10T02:48:37,49,21,0,70
2022-06-10T02:59:02,49,21,0,70
2022-06-10T03:09:27,49,21,0,70
2022-06-10T03:19:51,49,21,0,70
2022-06-10T03:30:15,49,21,0,70
2022-06-10T03:40:40,49,21,0,70
2022-06-10T03:51:05,49,21,0,70
2022-06-10T04:01:31,49,21,0,70
2022-06-10T04:11:57,49,21,0,70
2022-06-10T04:26:28,49,21,0,70
2022-06-10T04:38:25,49,21,0,70
2022-06-10T04:48:53,49,21,0,70
2022-06-10T04:59:20,49,21,0,70
2022-06-10T05:09:47,49,21,0,70
2022-06-10T05:20:14,49,21,0,70
2022-06-10T05:30:39,49,21,0,70
2022-06-10T05:41:05,49,21,0,70
2022-06-10T05:51:31,49,21,0,70
2022-06-10T06:01:57,49,21,0,70
2022-06-10T06:12:22,49,21,0,70
2022-06-10T06:22:50,49,21,0,70
2022-06-10T06:33:16,49,21,0,70
2022-06-10T06:43:40,49,21,0,70
2022-06-10T06:54:04,49,21,0,70
2022-06-10T07:04:28,49,21,0,70
2022-06-10T07:14:52,49,21,0,70
2022-06-10T07:25:17,49,21,0,70
2022-06-10T07:35:41,49,21,0,70
2022-06-10T07:46:06,49,21,0,70
2022-06-10T07:56:30,49,21,0,70
2022-06-10T08:06:55,49,21,0,70
2022-06-10T08:17:20,49,21,0,70
2022-06-10T08:27:45,49,21,0,70
2022-06-10T08:38:10,49,21,0,70
2022-06-10T08:48:35,49,21,0,70
2022-06-10T08:59:00,49,21,0,70
2022-06-10T09:09:26,49,21,0,70
2022-06-10T09:20:10,49,21,0,70
2022-06-10T09:30:36,49,21,0,70
2022-06-10T09:41:03,49,21,0,70
2022-06-10T09:51:30,49,21,0,70
2022-06-10T10:01:59,49,21,0,70
2022-06-10T10:12:29,49,21,0,70
2022-06-10T10:23:00,49,21,0,70
2022-06-10T10:33:31,49,21,0,70
2022-06-10T10:44:05,49,21,0,70
2022-06-10T10:54:35,49,21,0,70
2022-06-10T11:05:07,49,21,0,70
2022-06-10T11:15:57,49,21,0,70
2022-06-10T11:26:37,49,21,0,70
2022-06-10T11:37:18,49,21,0,70
2022-06-10T11:48:01,49,21,0,70
2022-06-10T11:58:41,49,21,0,70
2022-06-10T12:09:13,49,21,0,70
2022-06-10T12:19:43,49,21,0,70
2022-06-10T12:30:15,49,21,0,70
2022-06-10T12:40:56,49,21,0,70
2022-06-10T12:51:25,49,21,0,70
2022-06-10T13:01:54,49,21,0,70
2022-06-10T13:12:21,49,21,0,70
2022-06-10T13:22:47,49,21,0,70
2022-06-10T13:33:14,49,21,0,70
2022-06-10T13:43:41,49,21,0,70
2022-06-10T13:54:17,49,21,0,70
2022-06-10T14:04:43,49,21,0,70
2022-06-10T14:15:10,49,21,0,70
2022-06-10T14:25:36,49,21,0,70
2022-06-10T14:36:03,49,21,0,70
2022-06-10T14:46:29,49,21,0,70
2022-06-10T14:56:58,49,21,0,70
2022-06-10T15:07:25,49,21,0,70
2022-06-10T15:17:50,49,21,0,70
2022-06-10T15:28:26,49,21,0,70
2022-06-10T15:38:52,49,21,0,70
2022-06-10T15:49:18,49,21,0,70
2022-06-10T15:59:44,49,21,0,70
2022-06-10T16:10:10,49,21,0,70
2022-06-10T16:20:36,49,21,0,70
2022-06-10T16:31:01,49,21,0,70
2022-06-10T16:41:46,49,21,0,70
2022-06-10T16:52:11,49,21,0,70
2022-06-10T17:02:36,49,21,0,70
2022-06-10T17:13:02,49,21,0,70
2022-06-10T17:23:28,49,21,0,70
2022-06-10T17:33:53,49,21,0,70
2022-06-10T17:44:19,49,21,0,70
2022-06-10T17:54:44,49,21,0,70
2022-06-10T18:05:09,49,21,0,70
2022-06-10T18:15:33,49,21,0,70
2022-06-10T18:25:58,49,21,0,70
2022-06-10T18:36:34,49,21,0,70
2022-06-10T18:46:58,49,21,0,70
2022-06-10T18:57:23,49,21,0,70
2022-06-10T19:07:47,49,21,0,70
2022-06-10T19:18:11,49,21,0,70
2022-06-10T19:28:37,49,21,0,70
2022-06-10T19:39:01,49,21,0,70
2022-06-10T19:49:26,49,21,0,70
2022-06-10T19:59:50,49,21,0,70
2022-06-10T20:10:15,49,21,0,70
2022-06-10T20:20:40,49,21,0,70
2022-06-10T20:31:23,49,21,0,70
2022-06-10T20:41:47,49,21,0,70
2022-06-10T20:52:12,49,21,0,70
2022-06-10T21:02:36,49,21,0,70
2022-06-10T21:13:01,49,21,0,70
2022-06-10T21:23:26,49,21,0,70
2022-06-10T21:33:50,49,21,0,70
2022-06-10T21:44:15,49,21,0,70
2022-06-10T21:54:39,49,21,0,70
2022-06-10T22:05:04,49,21,0,70
2022-06-10T22:15:29,49,21,0,70
2022-06-10T22:25:54,49,21,0,70
2022-06-10T22:36:19,49,21,0,70
2022-06-10T22:46:56,50,20,0,70
2022-06-10T22:57:21,49,21,0,70
2022-06-10T23:07:46,49,21,0,70
2022-06-10T23:18:11,49,21,0,70
2022-06-10T23:28:38,49,21,0,70
2022-06-10T23:39:03,49,21,0,70
2022-06-10T23:49:27,49,21,0,70
2022-06-10T23:59:52,49,21,0,70
2022-06-11T00:10:18,49,21,0,70
2022-06-11T00:20:47,49,21,0,70
2022-06-11T00:31:12,49,21,0,70
2022-06-11T00:41:39,49,21,0,70
2022-06-11T00:52:06,49,21,0,70
2022-06-11T01:02:46,49,21,0,70
2022-06-11T01:13:13,49,21,0,70
2022-06-11T01:23:40,49,21,0,70
2022-06-11T01:34:08,49,21,0,70
2022-06-11T01:44:34,49,21,0,70
2022-06-11T01:55:01,49,21,0,70
2022-06-11T02:05:26,49,21,0,70
2022-06-11T02:15:50,49,21,0,70
2022-06-11T02:26:15,49,21,0,70
2022-06-11T02:36:39,49,21,0,70
2022-06-11T02:47:04,49,21,0,70
2022-06-11T02:57:30,49,21,0,70
2022-06-11T03:07:55,49,21,0,70
2022-06-11T03:18:19,49,21,0,70
2022-06-11T03:28:44,49,21,0,70
2022-06-11T03:39:08,49,21,0,70
2022-06-11T03:49:34,49,21,0,70
2022-06-11T04:00:00,49,21,0,70
2022-06-11T04:10:25,49,21,0,70
2022-06-11T04:23:24,49,21,0,70
2022-06-11T04:34:14,49,21,0,70
2022-06-11T04:44:42,49,21,0,70
2022-06-11T04:55:10,49,21,0,70
2022-06-11T05:05:35,49,21,0,70
2022-06-11T05:16:00,49,21,0,70
2022-06-11T05:26:25,49,21,0,70
2022-06-11T05:36:49,49,21,0,70
2022-06-11T05:47:16,49,21,0,70
2022-06-11T05:58:00,49,21,0,70
2022-06-11T06:08:27,49,21,0,70
2022-06-11T06:18:53,49,21,0,70
2022-06-11T06:29:20,49,21,0,70
2022-06-11T06:39:46,49,21,0,70
2022-06-11T06:50:12,49,21,0,70
2022-06-11T07:00:39,49,21,0,70
2022-06-11T07:11:05,49,21,0,70
2022-06-11T07:21:32,49,21,0,70
2022-06-11T07:31:58,49,21,0,70
2022-06-11T07:42:25,49,21,0,70
2022-06-11T07:52:52,49,21,0,70
2022-06-11T08:03:19,49,21,0,70
2022-06-11T08:13:45,49,21,0,70
2022-06-11T08:24:12,49,21,0,70
2022-06-11T08:34:38,49,21,0,70
2022-06-11T08:45:05,49,21,0,70
2022-06-11T08:55:31,49,21,0,70
2022-06-11T09:05:57,49,21,0,70
2022-06-11T09:16:24,49,21,0,70
2022-06-11T09:26:51,49,21,0,70
2022-06-11T09:37:17,49,21,0,70
2022-06-11T09:47:44,49,21,0,70
2022-06-11T09:58:10,49,21,0,70
2022-06-11T10:08:39,49,21,0,70
2022-06-11T10:19:05,49,21,0,70
2022-06-11T10:29:31,49,21,0,70
2022-06-11T10:40:04,49,21,0,70
2022-06-11T10:50:30,49,21,0,70
2022-06-11T11:00:57,49,21,0,70
2022-06-11T11:11:23,49,21,0,70
2022-06-11T11:21:49,49,21,0,70
2022-06-11T11:32:15,49,21,0,70
2022-06-11T11:42:39,49,21,0,70
2022-06-11T11:53:04,49,21,0,70
2022-06-11T12:03:29,49,21,0,70
2022-06-11T12:13:55,49,21,0,70
2022-06-11T12:24:20,49,21,0,70
2022-06-11T12:34:44,49,21,0,70
2022-06-11T12:45:21,49,21,0,70
2022-06-11T12:55:46,49,21,0,70
2022-06-11T13:06:10,49,21,0,70
2022-06-11T13:16:35,49,21,0,70
2022-06-11T13:26:59,49,21,0,70
2022-06-11T13:37:24,49,21,0,70
2022-06-11T13:47:49,49,21,0,70
2022-06-11T13:58:14,49,21,0,70
2022-06-11T14:08:38,49,21,0,70
2022-06-11T14:19:03,49,21,0,70
2022-06-11T14:29:27,49,21,0,70
2022-06-11T14:39:51,49,21,0,70
2022-06-11T14:50:25,49,21,0,70
2022-06-11T15:00:49,49,21,0,70
2022-06-11T15:11:13,49,21,0,70
2022-06-11T15:21:38,49,21,0,70
2022-06-11T15:32:02,49,21,0,70
2022-06-11T15:42:26,49,21,0,70
2022-06-11T15:52:50,49,21,0,70
2022-06-11T16:03:15,49,21,0,70
2022-06-11T16:13:39,49,21,0,70
2022-06-11T16:24:03,49,21,0,70
2022-06-11T16:34:37,49,21,0,70
2022-06-11T16:45:01,49,21,0,70
2022-06-11T16:55:26,49,21,0,70
2022-06-11T17:05:50,49,21,0,70
2022-06-11T17:16:15,49,21,0,70
2022-06-11T17:26:39,49,21,0,70
2022-06-11T17:37:04,49,21,0,70
2022-06-11T17:47:38,49,21,0,70
2022-06-11T17:58:03,49,21,0,70
2022-06-11T18:08:27,49,21,0,70
2022-06-11T18:18:51,49,21,0,70
2022-06-11T18:29:16,49,21,0,70
2022-06-11T18:39:40,49,21,0,70
2022-06-11T18:50:04,49,21,0,70
2022-06-11T19:00:28,49,21,0,70
2022-06-11T19:11:04,49,21,0,70
2022-06-11T19:21:28,49,21,0,70
2022-06-11T19:31:52,49,21,0,70
2022-06-11T19:42:16,49,21,0,70
2022-06-11T19:52:40,49,21,0,70
2022-06-11T20:03:04,49,21,0,70
2022-06-11T20:13:28,49,21,0,70
2022-06-11T20:23:53,49,21,0,70
2022-06-11T20:34:17,49,21,0,70
2022-06-11T20:44:41,49,21,0,70
2022-06-11T20:55:15,49,21,0,70
2022-06-11T21:05:39,49,21,0,70
2022-06-11T21:16:03,49,21,0,70
2022-06-11T21:26:27,49,21,0,70
2022-06-11T21:36:51,49,21,0,70
2022-06-11T21:47:15,49,21,0,70
2022-06-11T21:57:40,49,21,0,70
2022-06-11T22:08:09,49,21,0,70
2022-06-11T22:18:42,49,21,0,70
2022-06-11T22:29:11,49,21,0,70
2022-06-11T22:39:48,49,21,0,70
2022-06-11T22:50:17,49,21,0,70
2022-06-11T23:00:47,49,21,0,70
2022-06-11T23:11:19,49,21,0,70
2022-06-11T23:21:52,49,21,0,70
2022-06-11T23:32:23,49,21,0,70
2022-06-11T23:42:55,49,21,0,70
2022-06-11T23:53:25,49,21,0,70
2022-06-12T00:03:58,49,21,0,70
2022-06-12T00:14:33,49,21,0,70
2022-06-12T00:25:06,49,21,0,70
2022-06-12T00:35:38,49,21,0,70
2022-06-12T00:46:21,49,21,0,70
2022-06-12T00:56:53,49,21,0,70
2022-06-12T01:07:26,49,21,0,70
2022-06-12T01:17:57,49,21,0,70
2022-06-12T01:28:26,49,21,0,70
2022-06-12T01:38:55,49,21,0,70
2022-06-12T01:49:21,49,21,0,70
2022-06-12T01:59:47,49,21,0,70
2022-06-12T02:10:26,49,21,0,70
2022-06-12T02:20:51,49,21,0,70
2022-06-12T02:31:17,49,21,0,70
2022-06-12T02:41:42,49,21,0,70
2022-06-12T02:52:16,49,21,0,70
2022-06-12T03:02:41,49,21,0,70
2022-06-12T03:13:05,49,21,0,70
2022-06-12T03:23:29,49,21,0,70
2022-06-12T03:33:53,49,21,0,70
2022-06-12T03:44:19,49,21,0,70
2022-06-12T03:54:45,49,21,0,70
2022-06-12T04:05:11,49,21,0,70
2022-06-12T04:14:16,49,21,0,70
2022-06-12T04:25:08,49,21,0,70
2022-06-12T04:35:35,49,21,0,70
2022-06-12T04:46:03,49,21,0,70
2022-06-12T04:56:29,49,21,0,70
2022-06-12T05:06:56,49,21,0,70
2022-06-12T05:17:23,49,21,0,70
2022-06-12T05:27:49,49,21,0,70
2022-06-12T05:38:15,49,21,0,70
2022-06-12T05:48:41,49,21,0,70
2022-06-12T05:59:10,49,21,0,70
2022-06-12T06:09:35,49,21,0,70
2022-06-12T06:20:00,49,21,0,70
2022-06-12T06:30:26,49,21,0,70
2022-06-12T06:40:50,49,21,0,70
2022-06-12T06:51:30,49,21,0,70
2022-06-12T07:01:54,49,21,0,70
2022-06-12T07:12:18,49,21,0,70
2022-06-12T07:22:43,49,21,0,70
2022-06-12T07:33:07,49,21,0,70
2022-06-12T07:43:31,49,21,0,70
2022-06-12T07:53:56,49,21,0,70
2022-06-12T08:04:21,49,21,0,70
2022-06-12T08:14:45,49,21,0,70
2022-06-12T08:25:10,49,21,0,70
2022-06-12T08:35:46,49,21,0,70
2022-06-12T08:46:11,49,21,0,70
2022-06-12T08:56:35,49,21,0,70
2022-06-12T09:07:01,49,21,0,70
2022-06-12T09:17:26,49,21,0,70
2022-06-12T09:27:50,49,21,0,70
2022-06-12T09:38:18,49,21,0,70
2022-06-12T09:48:43,49,21,0,70
2022-06-12T09:59:08,49,21,0,70
2022-06-12T10:09:45,49,21,0,70
2022-06-12T10:20:11,49,21,0,70
2022-06-12T10:30:37,49,21,0,70
2022-06-12T10:41:03,49,21,0,70
2022-06-12T10:51:30,49,21,0,70
2022-06-12T11:01:57,49,21,0,70
2022-06-12T11:12:23,49,21,0,70
2022-06-12T11:22:47,49,21,0,70
2022-06-12T11:33:12,49,21,0,70
2022-06-12T11:43:48,49,21,0,70
2022-06-12T11:54:12,49,21,0,70
2022-06-12T12:04:37,49,21,0,70
2022-06-12T12:15:02,49,21,0,70
2022-06-12T12:25:26,49,21,0,70
2022-06-12T12:35:51,49,21,0,70
2022-06-12T12:46:34,49,21,0,70
2022-06-12T12:56:59,49,21,0,70
2022-06-12T13:07:23,49,21,0,70
2022-06-12T13:17:48,49,21,0,70
2022-06-12T13:28:13,49,21,0,70
2022-06-12T13:38:37,49,21,0,70
2022-06-12T13:49:02,49,21,0,70
2022-06-12T13:59:26,49,21,0,70
2022-06-12T14:09:50,49,21,0,70
2022-06-12T14:20:26,49,21,0,70
2022-06-12T14:30:50,49,21,0,70
2022-06-12T14:41:14,49,21,0,70
2022-06-12T14:51:38,49,21,0,70
2022-06-12T15:02:03,49,21,0,70
2022-06-12T15:12:28,49,21,0,70
2022-06-12T15:23:03,49,21,0,70
2022-06-12T15:33:28,49,21,0,70
2022-06-12T15:43:52,49,21,0,70
2022-06-12T15:54:17,49,21,0,70
2022-06-12T16:04:41,49,21,0,70
2022-06-12T16:15:27,49,21,0,70
2022-06-12T16:25:52,49,21,0,70
2022-06-12T16:36:17,49,21,0,70
2022-06-12T16:46:41,49,21,0,70
2022-06-12T16:57:05,49,21,0,70
2022-06-12T17:07:49,49,21,0,70
2022-06-12T17:18:14,49,21,0,70
2022-06-12T17:28:38,49,21,0,70
2022-06-12T17:39:03,49,21,0,70
2022-06-12T17:49:28,49,21,0,70
2022-06-12T17:59:52,49,21,0,70
2022-06-12T18:10:27,49,21,0,70
2022-06-12T18:20:52,49,21,0,70
2022-06-12T18:31:16,49,21,0,70
2022-06-12T18:41:41,49,21,0,70
2022-06-12T18:52:06,49,21,0,70
2022-06-12T19:02:30,49,21,0,70
2022-06-12T19:12:55,49,21,0,70
2022-06-12T19:23:20,49,21,0,70
2022-06-12T19:33:55,49,21,0,70
2022-06-12T19:44:19,49,21,0,70
2022-06-12T19:54:43,49,21,0,70
2022-06-12T20:05:08,49,21,0,70
2022-06-12T20:15:33,49,21,0,70
2022-06-12T20:26:08,49,21,0,70
2022-06-12T20:36:33,49,21,0,70
2022-06-12T20:46:58,49,21,0,70
2022-06-12T20:57:23,49,21,0,70
2022-06-12T21:07:47,49,21,0,70
2022-06-12T21:18:23,49,21,0,70
2022-06-12T21:28:48,49,21,0,70
2022-06-12T21:39:13,49,21,0,70
2022-06-12T21:49:37,49,21,0,70
2022-06-12T22:00:02,49,21,0,70
2022-06-12T22:10:38,49,21,0,70
2022-06-12T22:21:03,49,21,0,70
2022-06-12T22:31:28,49,21,0,70
2022-06-12T22:41:54,49,21,0,70
2022-06-12T22:52:18,49,21,0,70
2022-06-12T23:02:44,49,21,0,70
2022-06-12T23:13:11,49,21,0,70
2022-06-12T23:23:49,49,21,0,70
2022-06-12T23:34:16,49,21,0,70
2022-06-12T23:44:46,49,21,0,70
2022-06-12T23:55:15,49,21,0,70
2022-06-13T00:05:43,49,21,0,70
2022-06-13T00:16:20,49,21,0,70
2022-06-13T00:26:53,49,21,0,70
2022-06-13T00:37:37,49,21,0,70
2022-06-13T00:48:07,49,21,0,70
2022-06-13T00:58:39,49,21,0,70
2022-06-13T01:09:17,49,21,0,70
2022-06-13T01:19:50,49,21,0,70
2022-06-13T01:30:25,49,21,0,70
2022-06-13T01:41:02,49,21,0,70
2022-06-13T01:51:40,49,21,0,70
2022-06-13T02:02:38,49,21,0,70
2022-06-13T02:13:24,49,21,0,70
2022-06-13T02:23:58,49,21,0,70
2022-06-13T02:34:31,49,21,0,70
2022-06-13T02:45:06,49,21,0,70
2022-06-13T02:55:38,49,21,0,70
2022-06-13T03:06:04,49,21,0,70
2022-06-13T03:16:31,49,21,0,70
2022-06-13T03:26:58,49,21,0,70
2022-06-13T03:37:22,49,21,0,70
2022-06-13T03:47:48,49,21,0,70
2022-06-13T04:00:08,49,21,0,70
2022-06-13T04:10:53,49,21,0,70
2022-06-13T04:20:19,49,21,0,70
2022-06-13T04:31:09,49,21,0,70
2022-06-13T04:41:38,49,21,0,70
2022-06-13T04:52:05,49,21,0,70
2022-06-13T05:02:32,49,21,0,70
2022-06-13T05:13:00,49,21,0,70
2022-06-13T05:23:26,49,21,0,70
2022-06-13T05:33:52,49,21,0,70
2022-06-13T05:44:18,49,21,0,70
2022-06-13T05:54:45,49,21,0,70
2022-06-13T06:05:11,49,21,0,70
2022-06-13T06:15:37,49,21,0,70
2022-06-13T06:26:04,49,21,0,70
2022-06-13T06:36:30,49,21,0,70
2022-06-13T06:46:56,49,21,0,70
2022-06-13T06:57:21,49,21,0,70
2022-06-13T07:07:50,49,21,0,70
2022-06-13T07:18:15,49,21,0,70
2022-06-13T07:28:39,49,21,0,70
2022-06-13T07:39:05,49,21,0,70
2022-06-13T07:49:30,49,21,0,70
2022-06-13T07:59:55,49,21,0,70
2022-06-13T08:10:32,49,21,0,70
2022-06-13T08:20:58,49,21,0,70
2022-06-13T08:31:24,49,21,0,70
2022-06-13T08:41:50,49,21,0,70
2022-06-13T08:52:17,49,21,0,70
2022-06-13T09:02:43,49,21,0,70
2022-06-13T09:13:11,49,21,0,70
2022-06-13T09:23:38,49,21,0,70
2022-06-13T09:34:17,49,21,0,70
2022-06-13T09:44:45,49,21,0,70
2022-06-13T09:55:15,49,21,0,70
2022-06-13T10:05:45,49,21,0,70
2022-06-13T10:16:13,49,21,0,70
2022-06-13T10:26:50,49,21,0,70
2022-06-13T10:37:19,49,21,0,70
2022-06-13T10:47:46,49,21,0,70
2022-06-13T10:58:14,50,20,0,70
2022-06-13T11:08:44,50,20,0,70
2022-06-13T11:19:12,50,20,0,70
2022-06-13T11:29:50,50,20,0,70
2022-06-13T11:40:18,50,20,0,70
2022-06-13T11:50:46,50,20,0,70
2022-06-13T12:01:15,50,20,0,70
2022-06-13T12:11:43,50,20,0,70
2022-06-13T12:22:21,50,20,0,70
2022-06-13T12:32:48,50,20,0,70
2022-06-13T12:43:15,50,20,0,70
2022-06-13T12:53:45,50,20,0,70
2022-06-13T13:04:13,50,20,0,70
2022-06-13T13:14:40,50,20,0,70
2022-06-13T13:25:20,50,20,0,70
2022-06-13T13:35:48,50,20,0,70
2022-06-13T13:46:15,50,20,0,70
2022-06-13T13:56:48,50,20,0,70
2022-06-13T14:07:20,50,20,0,70
2022-06-13T14:18:01,50,20,0,70
2022-06-13T14:28:33,50,20,0,70
2022-06-13T14:39:08,50,20,0,70
2022-06-13T14:49:40,50,20,0,70
2022-06-13T15:00:13,50,20,0,70
2022-06-13T15:10:47,50,20,0,70
2022-06-13T15:21:18,50,20,0,70
2022-06-13T15:32:04,50,20,0,70
2022-06-13T15:42:42,50,20,0,70
2022-06-13T15:53:16,50,20,0,70
2022-06-13T16:03:50,50,20,0,70
2022-06-13T16:14:19,50,20,0,70
2022-06-13T16:24:54,50,20,0,70
2022-06-13T16:35:38,50,20,0,70
2022-06-13T16:46:12,50,20,0,70
2022-06-13T16:56:47,50,20,0,70
2022-06-13T17:07:19,51,19,0,70
2022-06-13T17:17:53,51,19,0,70
2022-06-13T17:28:36,51,19,0,70
2022-06-13T17:39:10,51,19,0,70
2022-06-13T17:49:45,51,19,0,70
2022-06-13T18:00:14,51,19,0,70
2022-06-13T18:10:43,51,19,0,70
2022-06-13T18:21:23,51,19,0,70
2022-06-13T18:31:49,51,19,0,70
2022-06-13T18:42:17,51,19,0,70
2022-06-13T18:52:43,51,19,0,70
2022-06-13T19:03:22,51,19,0,70
2022-06-13T19:13:48,51,19,0,70
2022-06-13T19:24:14,51,19,0,70
2022-06-13T19:34:43,51,19,0,70
2022-06-13T19:45:21,51,19,0,70
2022-06-13T19:55:47,51,19,0,70
2022-06-13T20:06:13,51,19,0,70
2022-06-13T20:16:38,51,19,0,70
2022-06-13T20:27:06,51,19,0,70
2022-06-13T20:37:32,51,19,0,70
2022-06-13T20:48:10,51,19,0,70
2022-06-13T20:58:36,51,19,0,70
2022-06-13T21:09:02,51,19,0,70
2022-06-13T21:19:31,51,19,0,70
2022-06-13T21:30:09,51,19,0,70
2022-06-13T21:40:36,51,19,0,70
2022-06-13T21:51:02,51,19,0,70
2022-06-13T22:01:30,51,19,0,70
2022-06-13T22:11:56,51,19,0,70
2022-06-13T22:22:24,51,19,0,70
2022-06-13T22:33:02,51,19,0,70
2022-06-13T22:43:28,51,19,0,70
2022-06-13T22:53:53,51,19,0,70
2022-06-13T23:04:22,51,19,0,70
2022-06-13T23:14:49,51,19,0,70
2022-06-13T23:25:26,51,19,0,70
2022-06-13T23:35:52,51,19,0,70
2022-06-13T23:46:19,51,19,0,70
2022-06-13T23:56:44,51,19,0,70
2022-06-14T00:07:14,51,19,0,70
2022-06-14T00:17:44,51,19,0,70
2022-06-14T00:28:14,51,19,0,70
2022-06-14T00:38:53,51,19,0,70
2022-06-14T00:49:21,51,19,0,70
2022-06-14T00:59:49,51,19,0,70
2022-06-14T01:10:19,51,19,0,70
2022-06-14T01:20:47,51,19,0,70
2022-06-14T01:31:17,51,19,0,70
2022-06-14T01:41:56,51,19,0,70
2022-06-14T01:52:23,51,19,0,70
2022-06-14T02:02:51,51,19,0,70
2022-06-14T02:13:17,51,19,0,70
2022-06-14T02:23:43,51,19,0,70
2022-06-14T02:34:08,51,19,0,70
2022-06-14T02:44:35,51,19,0,70
2022-06-14T02:55:00,51,19,0,70
2022-06-14T03:05:25,51,19,0,70
2022-06-14T03:15:49,51,19,0,70
2022-06-14T03:26:14,51,19,0,70
2022-06-14T03:36:50,51,19,0,70
2022-06-14T03:47:16,51,19,0,70
2022-06-14T03:57:42,51,19,0,70
2022-06-14T04:10:19,51,19,0,70
2022-06-14T04:20:16,51,19,0,70
2022-06-14T04:31:09,51,19,0,70
2022-06-14T04:41:38,51,19,0,70
2022-06-14T04:52:08,51,19,0,70
2022-06-14T05:02:36,51,19,0,70
2022-06-14T05:13:04,51,19,0,70
2022-06-14T05:23:31,51,19,0,70
2022-06-14T05:33:57,51,19,0,70
2022-06-14T05:44:26,51,19,0,70
2022-06-14T05:54:53,51,19,0,70
2022-06-14T06:05:19,51,19,0,70
2022-06-14T06:15:46,51,19,0,70
2022-06-14T06:26:22,51,19,0,70
2022-06-14T06:36:49,51,19,0,70
2022-06-14T06:47:15,51,19,0,70
2022-06-14T06:57:42,51,19,0,70
2022-06-14T07:08:12,51,19,0,70
2022-06-14T07:18:38,51,19,0,70
2022-06-14T07:29:05,51,19,0,70
2022-06-14T07:39:33,51,19,0,70
2022-06-14T07:50:11,51,19,0,70
2022-06-14T08:00:39,51,19,0,70
2022-06-14T08:11:06,51,19,0,70
2022-06-14T08:21:34,51,19,0,70
2022-06-14T08:32:01,51,19,0,70
2022-06-14T08:42:29,51,19,0,70
2022-06-14T08:52:57,51,19,0,70
2022-06-14T09:03:36,51,19,0,70
2022-06-14T09:14:06,51,19,0,70
2022-06-14T09:24:36,51,19,0,70
2022-06-14T09:35:07,51,19,0,70
2022-06-14T09:45:36,51,19,0,70
2022-06-14T09:56:17,51,19,0,70
2022-06-14T10:06:47,51,19,0,70
2022-06-14T10:17:19,51,19,0,70
2022-06-14T10:27:48,51,19,0,70
2022-06-14T10:38:29,51,19,0,70
2022-06-14T10:48:59,51,19,0,70
2022-06-14T10:59:27,51,19,0,70
2022-06-14T11:09:56,51,19,0,70
2022-06-14T11:20:38,51,19,0,70
2022-06-14T11:31:07,51,19,0,70
2022-06-14T11:41:36,51,19,0,70
2022-06-14T11:52:05,51,19,0,70
2022-06-14T12:02:47,51,19,0,70
2022-06-14T12:13:16,51,19,0,70
2022-06-14T12:23:45,51,19,0,70
2022-06-14T12:34:14,51,19,0,70
2022-06-14T12:44:53,51,19,0,70
2022-06-14T12:55:22,51,19,0,70
2022-06-14T13:05:50,51,19,0,70
2022-06-14T13:16:19,51,19,0,70
2022-06-14T13:26:59,51,19,0,70
2022-06-14T13:37:28,51,19,0,70
2022-06-14T13:47:56,51,19,0,70
2022-06-14T13:58:25,51,19,0,70
2022-06-14T14:09:05,51,19,0,70
2022-06-14T14:19:34,51,19,0,70
2022-06-14T14:30:03,51,19,0,70
2022-06-14T14:40:44,51,19,0,70
2022-06-14T14:51:13,51,19,0,70
2022-06-14T15:01:42,51,19,0,70
2022-06-14T15:12:10,51,19,0,70
2022-06-14T15:22:51,51,19,0,70
2022-06-14T15:33:19,51,19,0,70
2022-06-14T15:43:48,51,19,0,70
2022-06-14T15:54:27,51,19,0,70
2022-06-14T16:04:55,51,19,0,70
2022-06-14T16:15:22,51,19,0,70
2022-06-14T16:25:50,51,19,0,70
2022-06-14T16:36:28,51,19,0,70
2022-06-14T16:46:54,51,19,0,70
2022-06-14T16:57:22,51,19,0,70
2022-06-14T17:07:49,51,19,0,70
2022-06-14T17:18:28,51,19,0,70
2022-06-14T17:28:55,51,19,0,70
2022-06-14T17:39:22,51,19,0,70
2022-06-14T17:49:48,51,19,0,70
2022-06-14T18:00:14,51,19,0,70
2022-06-14T18:10:55,51,19,0,70
2022-06-14T18:21:22,51,19,0,70
2022-06-14T18:31:49,51,19,0,70
2022-06-14T18:42:18,51,19,0,70
2022-06-14T18:52:45,51,19,0,70
2022-06-14T19:03:25,51,19,0,70
2022-06-14T19:13:52,51,19,0,70
2022-06-14T19:24:19,51,19,0,70
2022-06-14T19:34:46,51,19,0,70
2022-06-14T19:45:24,51,19,0,70
2022-06-14T19:55:50,51,19,0,70
2022-06-14T20:06:17,51,19,0,70
2022-06-14T20:16:44,51,19,0,70
2022-06-14T20:27:24,51,19,0,70
2022-06-14T20:37:51,51,19,0,70
2022-06-14T20:48:17,51,19,0,70
2022-06-14T20:58:55,51,19,0,70
2022-06-14T21:09:22,51,19,0,70
2022-06-14T21:19:49,51,19,0,70
2022-06-14T21:30:16,51,19,0,70
2022-06-14T21:40:55,51,19,0,70
2022-06-14T21:51:21,51,19,0,70
2022-06-14T22:01:48,51,19,0,70
2022-06-14T22:12:14,51,19,0,70
2022-06-14T22:22:52,51,19,0,70
2022-06-14T22:33:19,51,19,0,70
2022-06-14T22:43:46,51,19,0,70
2022-06-14T22:54:12,51,19,0,70
2022-06-14T23:04:52,51,19,0,70
2022-06-14T23:15:19,51,19,0,70
2022-06-14T23:25:46,51,19,0,70
2022-06-14T23:36:12,51,19,0,70
2022-06-14T23:46:39,51,19,0,70
2022-06-14T23:57:17,51,19,0,70
2022-06-15T00:07:47,51,19,0,70
2022-06-15T00:18:20,51,19,0,70
2022-06-15T00:28:48,51,19,0,70
2022-06-15T00:39:30,51,19,0,70
2022-06-15T00:49:58,51,19,0,70
2022-06-15T01:00:27,51,19,0,70
2022-06-15T01:10:58,51,19,0,70
2022-06-15T01:21:26,51,19,0,70
2022-06-15T01:31:54,51,19,0,70
2022-06-15T01:42:35,51,19,0,70
2022-06-15T01:53:03,51,19,0,70
2022-06-15T02:03:33,51,19,0,70
2022-06-15T02:14:00,51,19,0,70
2022-06-15T02:24:26,51,19,0,70
2022-06-15T02:34:52,51,19,0,70
2022-06-15T02:45:31,51,19,0,70
2022-06-15T02:55:57,51,19,0,70
2022-06-15T03:06:26,51,19,0,70
2022-06-15T03:16:56,51,19,0,70
2022-06-15T03:27:28,51,19,0,70
2022-06-15T03:37:57,51,19,0,70
2022-06-15T03:48:27,51,19,0,70
2022-06-15T03:59:02,51,19,0,70
2022-06-15T04:09:37,51,19,0,70
2022-06-15T04:19:09,51,19,0,70
2022-06-15T04:30:11,51,19,0,70
2022-06-15T04:40:48,51,19,0,70
2022-06-15T04:51:24,51,19,0,70
2022-06-15T05:01:58,51,19,0,70
2022-06-15T05:12:29,51,19,0,70
2022-06-15T05:23:08,51,19,0,70
2022-06-15T05:33:42,51,19,0,70
2022-06-15T05:44:21,51,19,0,70
2022-06-15T05:54:57,51,19,0,70
2022-06-15T06:05:33,51,19,0,70
2022-06-15T06:16:09,51,19,0,70
2022-06-15T06:26:42,51,19,0,70
2022-06-15T06:37:28,51,19,0,70
2022-06-15T06:48:03,51,19,0,70
2022-06-15T06:58:37,51,19,0,70
2022-06-15T07:09:07,51,19,0,70
2022-06-15T07:19:37,51,19,0,70
2022-06-15T07:30:06,51,19,0,70
2022-06-15T07:40:34,51,19,0,70
2022-06-15T07:51:02,51,19,0,70
2022-06-15T08:01:42,51,19,0,70
2022-06-15T08:12:14,51,19,0,70
2022-06-15T08:22:42,51,19,0,70
2022-06-15T08:33:11,51,19,0,70
2022-06-15T08:43:43,51,19,0,70
2022-06-15T08:54:11,51,19,0,70
2022-06-15T09:04:53,51,19,0,70
2022-06-15T09:15:24,51,19,0,70
2022-06-15T09:25:53,51,19,0,70
2022-06-15T09:36:22,51,19,0,70
2022-06-15T09:46:51,51,19,0,70
2022-06-15T09:57:31,51,19,0,70
2022-06-15T10:08:00,51,19,0,70
2022-06-15T10:18:28,51,19,0,70
2022-06-15T10:28:57,51,19,0,70
2022-06-15T10:39:25,51,19,0,70
2022-06-15T10:50:06,51,19,0,70
2022-06-15T11:00:35,51,19,0,70
2022-06-15T11:11:04,51,19,0,70
2022-06-15T11:21:34,51,19,0,70
2022-06-15T11:32:16,51,19,0,70
2022-06-15T11:42:45,51,19,0,70
2022-06-15T11:53:15,51,19,0,70
2022-06-15T12:03:44,51,19,0,70
2022-06-15T12:14:12,51,19,0,70
2022-06-15T12:24:52,51,19,0,70
2022-06-15T12:35:20,51,19,0,70
2022-06-15T12:45:48,51,19,0,70
2022-06-15T12:56:16,51,19,0,70
2022-06-15T13:06:56,51,19,0,70
2022-06-15T13:17:25,51,19,0,70
2022-06-15T13:27:54,51,19,0,70
2022-06-15T13:38:24,51,19,0,70
2022-06-15T13:48:55,51,19,0,70
2022-06-15T13:59:37,51,19,0,70
2022-06-15T14:10:07,51,19,0,70
2022-06-15T14:20:38,51,19,0,70
2022-06-15T14:31:10,51,19,0,70
2022-06-15T14:41:39,51,19,0,70
2022-06-15T14:52:21,51,19,0,70
2022-06-15T15:02:50,51,19,0,70
2022-06-15T15:13:18,51,19,0,70
2022-06-15T15:23:46,51,19,0,70
2022-06-15T15:34:13,51,19,0,70
2022-06-15T15:44:41,51,19,0,70
2022-06-15T15:55:20,51,19,0,70
2022-06-15T16:05:47,51,19,0,70
2022-06-15T16:16:15,51,19,0,70
2022-06-15T16:26:42,51,19,0,70
2022-06-15T16:37:09,51,19,0,70
2022-06-15T16:47:48,51,19,0,70
2022-06-15T16:58:15,51,19,0,70
2022-06-15T17:08:42,51,19,0,70
2022-06-15T17:19:09,51,19,0,70
2022-06-15T17:29:36,51,19,0,70
2022-06-15T17:40:02,51,19,0,70
2022-06-15T17:50:40,51,19,0,70
2022-06-15T18:01:07,51,19,0,70
2022-06-15T18:11:33,51,19,0,70
2022-06-15T18:22:03,51,19,0,70
2022-06-15T18:32:29,51,19,0,70
2022-06-15T18:42:54,51,19,0,70
2022-06-15T18:53:33,51,19,0,70
2022-06-15T19:04:03,51,19,0,70
2022-06-15T19:14:33,51,19,0,70
2022-06-15T19:25:02,51,19,0,70
2022-06-15T19:35:34,51,19,0,70
2022-06-15T19:46:05,51,19,0,70
2022-06-15T19:56:50,51,19,0,70
2022-06-15T20:07:26,51,19,0,70
2022-06-15T20:18:00,51,19,0,70
2022-06-15T20:28:31,51,19,0,70
2022-06-15T20:39:06,51,19,0,70
2022-06-15T20:49:39,51,19,0,70
2022-06-15T21:00:22,51,19,0,70
2022-06-15T21:10:56,51,19,0,70
2022-06-15T21:21:31,51,19,0,70
2022-06-15T21:32:05,51,19,0,70
2022-06-15T21:42:51,51,19,0,70
2022-06-15T21:53:26,51,19,0,70
2022-06-15T22:03:59,51,19,0,70
2022-06-15T22:14:33,51,19,0,70
2022-06-15T22:25:20,51,19,0,70
2022-06-15T22:35:53,51,19,0,70
2022-06-15T22:46:23,51,19,0,70
2022-06-15T22:56:53,51,19,0,70
2022-06-15T23:07:21,51,19,0,70
2022-06-15T23:18:01,51,19,0,70
2022-06-15T23:28:27,51,19,0,70
2022-06-15T23:38:54,51,19,0,70
2022-06-15T23:49:20,51,19,0,70
2022-06-15T23:59:45,51,19,0,70
2022-06-16T00:10:13,51,19,0,70
2022-06-16T00:20:42,51,19,0,70
2022-06-16T00:31:22,51,19,0,70
2022-06-16T00:41:50,51,19,0,70
2022-06-16T00:52:18,51,19,0,70
2022-06-16T01:02:46,51,19,0,70
2022-06-16T01:13:13,51,19,0,70
2022-06-16T01:23:40,51,19,0,70
2022-06-16T01:34:05,51,19,0,70
2022-06-16T01:44:31,51,19,0,70
2022-06-16T01:54:59,51,19,0,70
2022-06-16T02:05:40,51,19,0,70
2022-06-16T02:16:07,51,19,0,70
2022-06-16T02:26:33,51,19,0,70
2022-06-16T02:36:59,51,19,0,70
2022-06-16T02:47:26,51,19,0,70
2022-06-16T02:57:51,51,19,0,70
2022-06-16T03:08:15,51,19,0,70
2022-06-16T03:18:40,51,19,0,70
2022-06-16T03:29:05,51,19,0,70
2022-06-16T03:39:29,51,19,0,70
2022-06-16T03:49:53,51,19,0,70
2022-06-16T04:00:17,51,19,0,70
2022-06-16T04:10:42,51,19,0,70
2022-06-16T04:20:49,51,19,0,70
2022-06-16T04:31:37,51,19,0,70
2022-06-16T04:42:05,51,19,0,70
2022-06-16T04:52:34,51,19,0,70
2022-06-16T05:03:03,51,19,0,70
2022-06-16T05:13:33,51,19,0,70
2022-06-16T05:24:01,51,19,0,70
2022-06-16T05:34:29,51,19,0,70
2022-06-16T05:44:56,51,19,0,70
2022-06-16T05:55:27,51,19,0,70
2022-06-16T06:05:54,51,19,0,70
2022-06-16T06:16:21,51,19,0,70
2022-06-16T06:26:48,51,19,0,70
2022-06-16T06:37:15,51,19,0,70
2022-06-16T06:47:42,51,19,0,70
2022-06-16T06:58:09,51,19,0,70
2022-06-16T07:08:41,51,19,0,70
2022-06-16T07:19:08,51,19,0,70
2022-06-16T07:29:47,51,19,0,70
2022-06-16T07:40:15,51,19,0,70
2022-06-16T07:50:42,51,19,0,70
2022-06-16T08:01:09,51,19,0,70
2022-06-16T08:11:36,51,19,0,70
2022-06-16T08:22:02,51,19,0,70
2022-06-16T08:32:29,51,19,0,70
2022-06-16T08:42:56,51,19,0,70
2022-06-16T08:53:22,51,19,0,70
2022-06-16T09:03:49,51,19,0,70
2022-06-16T09:14:16,51,19,0,70
2022-06-16T09:24:43,51,19,0,70
2022-06-16T09:35:23,51,19,0,70
2022-06-16T09:45:50,51,19,0,70
2022-06-16T09:56:17,51,19,0,70
2022-06-16T10:06:44,51,19,0,70
2022-06-16T10:17:11,51,19,0,70
2022-06-16T10:27:38,51,19,0,70
2022-06-16T10:38:04,51,19,0,70
2022-06-16T10:48:44,51,19,0,70
2022-06-16T10:59:10,51,19,0,70
2022-06-16T11:09:38,51,19,0,70
2022-06-16T11:20:05,51,19,0,70
2022-06-16T11:30:32,51,19,0,70
2022-06-16T11:40:59,51,19,0,70
2022-06-16T11:51:25,51,19,0,70
2022-06-16T12:01:52,51,19,0,70
2022-06-16T12:12:30,51,19,0,70
2022-06-16T12:22:59,51,19,0,70
2022-06-16T12:33:27,51,19,0,70
2022-06-16T12:43:58,51,19,0,70
2022-06-16T12:54:30,51,19,0,70
2022-06-16T13:05:02,51,19,0,70
2022-06-16T13:15:45,51,19,0,70
2022-06-16T13:26:20,51,19,0,70
2022-06-16T13:36:59,51,19,0,70
2022-06-16T13:47:39,51,19,0,70
2022-06-16T13:58:19,51,19,0,70
2022-06-16T14:09:11,51,19,0,70
2022-06-16T14:19:52,51,19,0,70
2022-06-16T14:30:34,51,19,0,70
2022-06-16T14:41:11,51,19,0,70
2022-06-16T14:51:46,51,19,0,70
2022-06-16T15:02:19,51,19,0,70
2022-06-16T15:13:02,51,19,0,70
2022-06-16T15:23:32,51,19,0,70
2022-06-16T15:33:59,51,19,0,70
2022-06-16T15:44:26,51,19,0,70
2022-06-16T15:54:53,51,19,0,70
2022-06-16T16:05:20,51,19,0,70
2022-06-16T16:15:58,51,19,0,70
2022-06-16T16:26:25,51,19,0,70
2022-06-16T16:36:51,51,19,0,70
2022-06-16T16:47:18,51,19,0,70
2022-06-16T16:57:44,51,19,0,70
2022-06-16T17:08:10,51,19,0,70
2022-06-16T17:18:37,51,19,0,70
2022-06-16T17:29:02,51,19,0,70
2022-06-16T17:39:39,51,19,0,70
2022-06-16T17:50:05,51,19,0,70
2022-06-16T18:00:30,51,19,0,70
2022-06-16T18:10:57,51,19,0,70
2022-06-16T18:21:22,51,19,0,70
2022-06-16T18:31:47,51,19,0,70
2022-06-16T18:42:13,51,19,0,70
2022-06-16T18:52:39,51,19,0,70
2022-06-16T19:03:15,51,19,0,70
2022-06-16T19:13:41,51,19,0,70
2022-06-16T19:24:06,51,19,0,70
2022-06-16T19:34:33,51,19,0,70
2022-06-16T19:44:58,51,19,0,70
2022-06-16T19:55:24,51,19,0,70
2022-06-16T20:05:50,51,19,0,70
2022-06-16T20:16:16,51,19,0,70
2022-06-16T20:26:41,51,19,0,70
2022-06-16T20:37:18,51,19,0,70
2022-06-16T20:47:43,51,19,0,70
2022-06-16T20:58:09,51,19,0,70
2022-06-16T21:08:34,51,19,0,70
2022-06-16T21:19:00,51,19,0,70
2022-06-16T21:29:25,51,19,0,70
2022-06-16T21:39:51,51,19,0,70
2022-06-16T21:50:17,51,19,0,70
2022-06-16T22:00:54,51,19,0,70
2022-06-16T22:11:20,51,19,0,70
2022-06-16T22:21:46,51,19,0,70
2022-06-16T22:32:12,51,19,0,70
2022-06-16T22:42:49,51,19,0,70
2022-06-16T22:53:15,51,19,0,70
2022-06-16T23:03:40,51,19,0,70
2022-06-16T23:14:06,51,19,0,70
2022-06-16T23:24:32,51,19,0,70
2022-06-16T23:35:04,51,19,0,70
2022-06-16T23:45:39,51,19,0,70
2022-06-16T23:56:18,51,19,0,70
2022-06-17T00:06:58,51,19,0,70
2022-06-17T00:17:39,51,19,0,70
2022-06-17T00:28:49,51,19,0,70
2022-06-17T00:39:38,51,19,0,70
2022-06-17T00:50:24,51,19,0,70
2022-06-17T01:01:06,51,19,0,70
2022-06-17T01:11:45,51,19,0,70
2022-06-17T01:22:22,51,19,0,70
2022-06-17T01:32:57,51,19,0,70
2022-06-17T01:43:31,51,19,0,70
2022-06-17T01:54:04,51,19,0,70
2022-06-17T02:04:34,51,19,0,70
2022-06-17T02:15:16,51,19,0,70
2022-06-17T02:25:43,51,19,0,70
2022-06-17T02:36:08,51,19,0,70
2022-06-17T02:46:32,51,19,0,70
2022-06-17T02:56:57,51,19,0,70
2022-06-17T03:07:22,51,19,0,70
2022-06-17T03:17:46,51,19,0,70
2022-06-17T03:28:11,51,19,0,70
2022-06-17T03:38:36,51,19,0,70
2022-06-17T03:49:03,51,19,0,70
2022-06-17T03:59:29,51,19,0,70
2022-06-17T04:16:52,51,19,0,70
2022-06-17T04:27:43,51,19,0,70
2022-06-17T04:39:11,51,19,0,70
2022-06-17T04:53:06,51,19,0,70
2022-06-17T05:12:41,51,19,0,70
2022-06-17T05:32:09,51,19,0,70
2022-06-17T05:52:42,51,19,0,70
2022-06-17T06:05:53,51,19,0,70
2022-06-17T06:16:18,51,19,0,70
2022-06-17T06:26:46,51,19,0,70
2022-06-17T06:37:26,51,19,0,70
2022-06-17T06:47:56,51,19,0,70
2022-06-17T06:58:24,51,19,0,70
2022-06-17T07:08:53,51,19,0,70
2022-06-17T07:19:22,51,19,0,70
2022-06-17T07:29:50,51,19,0,70
2022-06-17T07:40:18,51,19,0,70
2022-06-17T07:50:45,51,19,0,70
2022-06-17T08:01:13,51,19,0,70
2022-06-17T08:11:41,51,19,0,70
2022-06-17T08:22:08,51,19,0,70
2022-06-17T08:32:37,51,19,0,70
2022-06-17T08:43:04,51,19,0,70
2022-06-17T08:53:41,51,19,0,70
2022-06-17T09:04:09,51,19,0,70
2022-06-17T09:14:36,51,19,0,70
2022-06-17T09:25:05,51,19,0,70
2022-06-17T09:35:33,51,19,0,70
2022-06-17T09:46:03,51,19,0,70
2022-06-17T09:56:32,51,19,0,70
2022-06-17T10:07:01,51,19,0,70
2022-06-17T10:17:30,51,19,0,70
2022-06-17T10:27:58,51,19,0,70
2022-06-17T10:38:26,51,19,0,70
2022-06-17T10:48:54,51,19,0,70
2022-06-17T10:59:35,51,19,0,70
2022-06-17T11:10:03,51,19,0,70
2022-06-17T11:20:31,51,19,0,70
2022-06-17T11:30:59,51,19,0,70
2022-06-17T11:41:26,51,19,0,70
2022-06-17T11:52:04,51,19,0,70
2022-06-17T12:02:32,51,19,0,70
2022-06-17T12:13:00,51,19,0,70
2022-06-17T12:23:28,51,19,0,70
2022-06-17T12:33:55,51,19,0,70
2022-06-17T12:44:23,51,19,0,70
2022-06-17T12:54:50,51,19,0,70
2022-06-17T13:05:18,51,19,0,70
2022-06-17T13:15:56,51,19,0,70
2022-06-17T13:26:23,51,19,0,70
2022-06-17T13:36:52,51,19,0,70
2022-06-17T13:47:19,51,19,0,70
2022-06-17T13:57:47,51,19,0,70
2022-06-17T14:08:15,51,19,0,70
2022-06-17T14:18:43,51,19,0,70
2022-06-17T14:29:11,51,19,0,70
2022-06-17T14:39:38,51,19,0,70
2022-06-17T14:50:11,51,19,0,70
2022-06-17T15:00:50,51,19,0,70
2022-06-17T15:11:18,51,19,0,70
2022-06-17T15:21:46,51,19,0,70
2022-06-17T15:32:13,51,19,0,70
2022-06-17T15:42:42,51,19,0,70
2022-06-17T15:53:10,51,19,0,70
2022-06-17T16:03:37,51,19,0,70
2022-06-17T16:14:05,51,19,0,70
2022-06-17T16:24:32,51,19,0,70
2022-06-17T16:35:11,51,19,0,70
2022-06-17T16:45:38,51,19,0,70
2022-06-17T16:56:04,51,19,0,70
2022-06-17T17:06:33,51,19,0,70
2022-06-17T17:17:00,51,19,0,70
2022-06-17T17:27:27,51,19,0,70
2022-06-17T17:37:54,51,19,0,70
2022-06-17T17:48:20,51,19,0,70
2022-06-17T17:58:58,51,19,0,70
2022-06-17T18:09:25,51,19,0,70
2022-06-17T18:19:51,51,19,0,70
2022-06-17T18:30:18,51,19,0,70
2022-06-17T18:40:45,51,19,0,70
2022-06-17T18:51:12,51,19,0,70
2022-06-17T19:01:38,51,19,0,70
2022-06-17T19:12:04,51,19,0,70
2022-06-17T19:22:31,51,19,0,70
2022-06-17T19:33:09,51,19,0,70
2022-06-17T19:43:35,51,19,0,70
2022-06-17T19:54:02,51,19,0,70
2022-06-17T20:04:29,51,19,0,70
2022-06-17T20:14:55,51,19,0,70
2022-06-17T20:25:22,51,19,0,70
2022-06-17T20:35:48,51,19,0,70
2022-06-17T20:46:15,51,19,0,70
2022-06-17T20:56:41,51,19,0,70
2022-06-17T21:07:07,51,19,0,70
2022-06-17T21:17:34,51,19,0,70
2022-06-17T21:28:11,51,19,0,70
2022-06-17T21:38:38,51,19,0,70
2022-06-17T21:49:05,51,19,0,70
2022-06-17T21:59:31,51,19,0,70
2022-06-17T22:09:57,51,19,0,70
2022-06-17T22:20:23,51,19,0,70
2022-06-17T22:30:50,51,19,0,70
2022-06-17T22:41:18,51,19,0,70
2022-06-17T22:51:55,51,19,0,70
2022-06-17T23:02:21,51,19,0,70
2022-06-17T23:12:48,51,19,0,70
2022-06-17T23:23:16,51,19,0,70
2022-06-17T23:33:45,51,19,0,70
2022-06-17T23:44:12,51,19,0,70
2022-06-17T23:54:38,51,19,0,70
2022-06-18T00:05:05,51,19,0,70
2022-06-18T00:15:34,51,19,0,70
2022-06-18T00:26:03,51,19,0,70
2022-06-18T00:36:31,51,19,0,70
2022-06-18T00:47:00,51,19,0,70
2022-06-18T00:57:28,51,19,0,70
2022-06-18T01:07:58,51,19,0,70
2022-06-18T01:18:32,51,19,0,70
2022-06-18T01:29:06,51,19,0,70
2022-06-18T01:39:42,51,19,0,70
2022-06-18T01:50:15,51,19,0,70
2022-06-18T02:00:57,51,19,0,70
2022-06-18T02:11:33,51,19,0,70
2022-06-18T02:22:12,51,19,0,70
2022-06-18T02:32:50,51,19,0,70
2022-06-18T02:43:28,51,19,0,70
2022-06-18T02:54:04,51,19,0,70
2022-06-18T03:04:40,51,19,0,70
2022-06-18T03:15:18,51,19,0,70
2022-06-18T03:25:54,51,19,0,70
2022-06-18T03:36:29,51,19,0,70
2022-06-18T03:47:08,51,19,0,70
2022-06-18T03:59:50,51,19,0,70
2022-06-18T04:18:20,51,19,0,70
2022-06-18T04:29:13,51,19,0,70
2022-06-18T04:39:45,51,19,0,70
2022-06-18T04:50:14,51,19,0,70
2022-06-18T05:00:42,51,19,0,70
2022-06-18T05:11:11,51,19,0,70
2022-06-18T05:21:40,51,19,0,70
2022-06-18T05:32:08,51,19,0,70
2022-06-18T05:42:36,51,19,0,70
2022-06-18T05:53:08,51,19,0,70
2022-06-18T06:03:36,51,19,0,70
2022-06-18T06:14:03,51,19,0,70
2022-06-18T06:24:31,51,19,0,70
2022-06-18T06:34:59,51,19,0,70
2022-06-18T06:45:27,51,19,0,70
2022-06-18T06:56:03,51,19,0,70
2022-06-18T07:06:32,51,19,0,70
2022-06-18T07:17:00,51,19,0,70
2022-06-18T07:27:28,51,19,0,70
2022-06-18T07:37:56,51,19,0,70
2022-06-18T07:48:24,51,19,0,70
2022-06-18T07:58:52,51,19,0,70
2022-06-18T08:09:20,51,19,0,70
2022-06-18T08:19:49,51,19,0,70
2022-06-18T08:30:16,51,19,0,70
2022-06-18T08:40:43,51,19,0,70
2022-06-18T08:51:23,51,19,0,70
2022-06-18T09:01:51,51,19,0,70
2022-06-18T09:12:18,51,19,0,70
2022-06-18T09:22:45,51,19,0,70
2022-06-18T09:33:12,51,19,0,70
2022-06-18T09:43:40,51,19,0,70
2022-06-18T09:54:08,51,19,0,70
2022-06-18T10:04:35,51,19,0,70
2022-06-18T10:15:01,51,19,0,70
2022-06-18T10:25:26,51,19,0,70
2022-06-18T10:36:02,51,19,0,70
2022-06-18T10:46:30,51,19,0,70
2022-06-18T10:57:10,51,19,0,70
2022-06-18T11:07:36,51,19,0,70
2022-06-18T11:18:02,51,19,0,70
2022-06-18T11:28:28,51,19,0,70
2022-06-18T11:38:54,51,19,0,70
2022-06-18T11:49:20,51,19,0,70
2022-06-18T11:59:46,51,19,0,70
2022-06-18T12:10:12,51,19,0,70
2022-06-18T12:20:38,51,19,0,70
2022-06-18T12:31:16,51,19,0,70
2022-06-18T12:41:42,51,19,0,70
2022-06-18T12:52:08,51,19,0,70
2022-06-18T13:02:33,51,19,0,70
2022-06-18T13:12:59,51,19,0,70
2022-06-18T13:23:25,51,19,0,70
2022-06-18T13:33:51,51,19,0,70
2022-06-18T13:44:17,51,19,0,70
2022-06-18T13:54:43,51,19,0,70
2022-06-18T14:05:16,51,19,0,70
2022-06-18T14:15:53,51,19,0,70
2022-06-18T14:26:19,51,19,0,70
2022-06-18T14:36:44,51,19,0,70
2022-06-18T14:47:10,51,19,0,70
2022-06-18T14:57:35,51,19,0,70
2022-06-18T15:08:01,51,19,0,70
2022-06-18T15:18:27,51,19,0,70
2022-06-18T15:28:52,51,19,0,70
2022-06-18T15:39:18,51,19,0,70
2022-06-18T15:49:44,51,19,0,70
2022-06-18T16:00:11,51,19,0,70
2022-06-18T16:10:36,51,19,0,70
2022-06-18T16:21:12,51,19,0,70
2022-06-18T16:31:38,51,19,0,70
2022-06-18T16:42:03,51,19,0,70
2022-06-18T16:52:29,51,19,0,70
2022-06-18T17:02:54,51,19,0,70
2022-06-18T17:13:21,51,19,0,70
2022-06-18T17:23:46,51,19,0,70
2022-06-18T17:34:12,51,19,0,70
2022-06-18T17:44:38,51,19,0,70
2022-06-18T17:55:04,51,19,0,70
2022-06-18T18:05:30,51,19,0,70
2022-06-18T18:16:05,51,19,0,70
2022-06-18T18:26:32,51,19,0,70
2022-06-18T18:36:58,51,19,0,70
2022-06-18T18:47:24,51,19,0,70
2022-06-18T18:57:49,51,19,0,70
2022-06-18T19:08:15,51,19,0,70
2022-06-18T19:18:43,51,19,0,70
2022-06-18T19:29:13,51,19,0,70
2022-06-18T19:39:45,51,19,0,70
2022-06-18T19:50:18,51,19,0,70
2022-06-18T20:00:49,51,19,0,70
2022-06-18T20:11:23,51,19,0,70
2022-06-18T20:21:59,51,19,0,70
2022-06-18T20:32:32,51,19,0,70
2022-06-18T20:43:13,51,19,0,70
2022-06-18T20:53:47,51,19,0,70
2022-06-18T21:04:18,51,19,0,70
2022-06-18T21:14:47,51,19,0,70
2022-06-18T21:25:20,51,19,0,70
2022-06-18T21:35:51,51,19,0,70
2022-06-18T21:46:23,51,19,0,70
2022-06-18T21:56:58,51,19,0,70
2022-06-18T22:07:30,51,19,0,70
2022-06-18T22:18:02,51,19,0,70
2022-06-18T22:28:35,51,19,0,70
2022-06-18T22:39:10,51,19,0,70
2022-06-18T22:49:51,51,19,0,70
2022-06-18T23:00:21,51,19,0,70
2022-06-18T23:10:51,51,19,0,70
2022-06-18T23:21:18,51,19,0,70
2022-06-18T23:31:44,51,19,0,70
2022-06-18T23:42:10,51,19,0,70
2022-06-18T23:52:36,51,19,0,70
2022-06-19T00:03:02,51,19,0,70
2022-06-19T02:20:42,51,19,0,70
2022-06-19T02:31:12,51,19,0,70
2022-06-19T02:41:42,51,19,0,70
2022-06-19T02:52:10,51,19,0,70
2022-06-19T06:48:30,51,19,0,70
2022-06-19T06:59:03,51,19,0,70
2022-06-19T07:09:31,51,19,0,70
2022-06-19T07:19:58,51,19,0,70
2022-06-19T07:30:36,51,19,0,70
2022-06-19T07:41:04,51,19,0,70
2022-06-19T07:51:32,51,19,0,70
2022-06-19T08:01:59,51,19,0,70
2022-06-19T08:12:26,51,19,0,70
2022-06-19T08:22:52,51,19,0,70
2022-06-19T08:33:19,51,19,0,70
2022-06-19T08:43:45,51,19,0,70
2022-06-19T08:54:11,51,19,0,70
2022-06-19T09:04:37,51,19,0,70
2022-06-19T09:15:03,51,19,0,70
2022-06-19T09:25:29,51,19,0,70
2022-06-19T09:35:55,51,19,0,70
2022-06-19T09:46:22,51,19,0,70
2022-06-19T09:56:48,51,19,0,70
2022-06-19T10:07:15,51,19,0,70
2022-06-19T10:17:41,51,19,0,70
2022-06-19T10:28:18,51,19,0,70
2022-06-19T10:38:44,51,19,0,70
2022-06-19T10:49:12,51,19,0,70
2022-06-19T10:59:41,51,19,0,70
2022-06-19T11:10:08,51,19,0,70
2022-06-19T11:20:35,51,19,0,70
2022-06-19T11:31:02,51,19,0,70
2022-06-19T11:41:28,51,19,0,70
2022-06-19T11:51:54,51,19,0,70
2022-06-19T12:02:20,51,19,0,70
2022-06-19T12:12:47,51,19,0,70
2022-06-19T12:23:24,51,19,0,70
2022-06-19T12:33:50,51,19,0,70
2022-06-19T12:44:16,51,19,0,70
2022-06-19T12:54:42,51,19,0,70
2022-06-19T13:05:09,51,19,0,70
2022-06-19T13:15:39,51,19,0,70
2022-06-19T13:26:10,51,19,0,70
2022-06-19T13:36:40,51,19,0,70
2022-06-19T13:47:14,51,19,0,70
2022-06-19T13:57:44,51,19,0,70
2022-06-19T14:08:15,51,19,0,70
2022-06-19T14:18:51,51,19,0,70
2022-06-19T14:29:27,51,19,0,70
2022-06-19T14:40:19,51,19,0,70
2022-06-19T14:50:59,51,19,0,70
2022-06-19T15:01:38,51,19,0,70
2022-06-19T15:12:21,51,19,0,70
2022-06-19T15:22:57,51,19,0,70
2022-06-19T15:33:32,51,19,0,70
2022-06-19T15:44:05,51,19,0,70
2022-06-19T15:54:35,51,19,0,70
2022-06-19T16:05:03,51,19,0,70
2022-06-19T16:15:31,51,19,0,70
2022-06-19T16:25:58,51,19,0,70
2022-06-19T16:36:35,51,19,0,70
2022-06-19T16:47:02,51,19,0,70
2022-06-19T16:57:28,51,19,0,70
2022-06-19T17:07:54,51,19,0,70
2022-06-19T17:18:20,51,19,0,70
2022-06-19T17:28:46,51,19,0,70
2022-06-19T17:39:12,51,19,0,70
2022-06-19T17:49:37,51,19,0,70
2022-06-19T18:00:03,51,19,0,70
2022-06-19T18:10:30,51,19,0,70
2022-06-19T18:20:56,51,19,0,70
2022-06-19T18:31:23,51,19,0,70
2022-06-19T18:42:00,51,19,0,70
2022-06-19T18:52:25,51,19,0,70
2022-06-19T19:02:52,51,19,0,70
2022-06-19T19:13:19,51,19,0,70
2022-06-19T19:23:45,51,19,0,70
2022-06-19T19:34:11,51,19,0,70
2022-06-19T19:44:38,51,19,0,70
2022-06-19T19:55:04,51,19,0,70
2022-06-19T20:05:30,51,19,0,70
2022-06-19T20:15:56,51,19,0,70
2022-06-19T20:26:23,51,19,0,70
2022-06-19T20:36:48,51,19,0,70
2022-06-19T20:47:15,51,19,0,70
2022-06-19T20:57:52,51,19,0,70
2022-06-19T21:08:18,51,19,0,70
2022-06-19T21:18:45,51,19,0,70
2022-06-19T21:29:12,51,19,0,70
2022-06-19T21:39:40,51,19,0,70
2022-06-19T21:50:06,51,19,0,70
2022-06-19T22:00:32,51,19,0,70
2022-06-19T22:10:59,51,19,0,70
2022-06-19T22:21:26,51,19,0,70
2022-06-19T22:31:52,51,19,0,70
2022-06-19T22:42:18,51,19,0,70
2022-06-19T22:52:57,51,19,0,70
2022-06-19T23:03:23,51,19,0,70
2022-06-19T23:13:50,51,19,0,70
2022-06-19T23:24:17,51,19,0,70
2022-06-19T23:34:43,51,19,0,70
2022-06-19T23:45:10,51,19,0,70
2022-06-19T23:55:36,51,19,0,70
2022-06-20T00:06:03,51,19,0,70
2022-06-20T00:16:38,51,19,0,70
2022-06-20T00:27:08,51,19,0,70
2022-06-20T00:37:41,51,19,0,70
2022-06-20T00:48:22,51,19,0,70
2022-06-20T00:58:49,51,19,0,70
2022-06-20T01:09:15,51,19,0,70
2022-06-20T01:19:49,51,19,0,70
2022-06-20T01:30:18,51,19,0,70
2022-06-20T01:40:46,51,19,0,70
2022-06-20T01:51:14,51,19,0,70
2022-06-20T02:01:50,51,19,0,70
2022-06-20T02:12:18,51,19,0,70
2022-06-20T02:22:45,51,19,0,70
2022-06-20T02:33:12,51,19,0,70
2022-06-20T02:43:39,51,19,0,70
2022-06-20T02:54:05,51,19,0,70
2022-06-20T03:04:32,51,19,0,70
2022-06-20T03:14:59,51,19,0,70
2022-06-20T03:25:25,51,19,0,70
2022-06-20T03:35:51,51,19,0,70
2022-06-20T03:46:20,51,19,0,70
2022-06-20T03:57:02,51,19,0,70
2022-06-20T04:07:29,51,19,0,70
2022-06-20T04:21:27,51,19,0,70
2022-06-20T04:32:23,51,19,0,70
2022-06-20T04:42:53,51,19,0,70
2022-06-20T04:53:24,51,19,0,70
2022-06-20T05:03:54,51,19,0,70
2022-06-20T05:14:24,51,19,0,70
2022-06-20T05:24:54,51,19,0,70
2022-06-20T05:35:24,51,19,0,70
2022-06-20T05:45:52,51,19,0,70
2022-06-20T05:56:19,51,19,0,70
2022-06-20T06:06:50,51,19,0,70
2022-06-20T06:17:19,51,19,0,70
2022-06-20T06:27:46,51,19,0,70
2022-06-20T06:38:13,51,19,0,70
2022-06-20T06:48:40,51,19,0,70
2022-06-20T06:59:08,51,19,0,70
2022-06-20T07:09:35,51,19,0,70
2022-06-20T07:20:00,51,19,0,70
2022-06-20T07:30:26,51,19,0,70
2022-06-20T07:40:52,51,19,0,70
2022-06-20T07:51:18,51,19,0,70
2022-06-20T08:01:44,51,19,0,70
2022-06-20T08:12:09,51,19,0,70
2022-06-20T08:22:35,51,19,0,70
2022-06-20T08:33:12,51,19,0,70
2022-06-20T08:43:38,51,19,0,70
2022-06-20T08:54:04,51,19,0,70
2022-06-20T09:04:32,51,19,0,70
2022-06-20T09:15:01,51,19,0,70
2022-06-20T09:25:31,51,19,0,70
2022-06-20T09:36:05,51,19,0,70
2022-06-20T09:46:41,51,19,0,70
2022-06-20T09:57:13,51,19,0,70
2022-06-20T10:07:45,51,19,0,70
2022-06-20T10:18:21,51,19,0,70
2022-06-20T10:29:03,51,19,0,70
2022-06-20T10:39:51,51,19,0,70
2022-06-20T10:50:31,51,19,0,70
2022-06-20T11:01:10,51,19,0,70
2022-06-20T11:11:46,51,19,0,70
2022-06-20T11:22:21,51,19,0,70
2022-06-20T11:32:57,51,19,0,70
2022-06-20T11:43:29,51,19,0,70
2022-06-20T11:53:58,51,19,0,70
2022-06-20T12:04:26,51,19,0,70
2022-06-20T12:15:04,51,19,0,70
2022-06-20T12:25:31,51,19,0,70
2022-06-20T12:35:57,51,19,0,70
2022-06-20T12:46:23,51,19,0,70
2022-06-20T12:56:49,51,19,0,70
2022-06-20T13:07:15,51,19,0,70
2022-06-20T13:17:42,51,19,0,70
2022-06-20T13:28:08,51,19,0,70
2022-06-20T13:38:34,51,19,0,70
2022-06-20T13:49:10,51,19,0,70
2022-06-20T13:59:36,51,19,0,70
2022-06-20T14:10:02,51,19,0,70
2022-06-20T14:20:28,51,19,0,70
2022-06-20T14:30:54,51,19,0,70
2022-06-20T14:41:20,51,19,0,70
2022-06-20T14:51:46,51,19,0,70
2022-06-20T15:02:12,51,19,0,70
2022-06-20T15:12:38,51,19,0,70
2022-06-20T15:23:04,51,19,0,70
2022-06-20T15:33:30,51,19,0,70
2022-06-20T15:44:08,51,19,0,70
2022-06-20T15:54:34,51,19,0,70
2022-06-20T16:05:01,51,19,0,70
2022-06-20T16:15:27,51,19,0,70
2022-06-20T16:25:54,51,19,0,70
2022-06-20T16:36:20,51,19,0,70
2022-06-20T16:46:46,51,19,0,70
2022-06-20T16:57:19,51,19,0,70
2022-06-20T17:07:45,51,19,0,70
2022-06-20T17:18:12,51,19,0,70
2022-06-20T17:28:40,51,19,0,70
2022-06-20T17:39:07,51,19,0,70
2022-06-20T17:49:33,51,19,0,70
2022-06-20T18:00:09,51,19,0,70
2022-06-20T18:10:35,51,19,0,70
2022-06-20T18:21:01,51,19,0,70
2022-06-20T18:31:28,51,19,0,70
2022-06-20T18:41:53,51,19,0,70
2022-06-20T18:52:20,51,19,0,70
2022-06-20T19:02:45,51,19,0,70
2022-06-20T19:13:11,51,19,0,70
2022-06-20T19:23:37,51,19,0,70
2022-06-20T19:34:03,51,19,0,70
2022-06-20T19:44:39,51,19,0,70
2022-06-20T19:55:05,51,19,0,70
2022-06-20T20:05:31,51,19,0,70
2022-06-20T20:15:57,51,19,0,70
2022-06-20T20:26:23,51,19,0,70
2022-06-20T20:36:49,51,19,0,70
2022-06-20T20:47:15,51,19,0,70
2022-06-20T20:57:41,51,19,0,70
2022-06-20T21:08:07,51,19,0,70
2022-06-20T21:18:33,51,19,0,70
2022-06-20T21:29:11,51,19,0,70
2022-06-20T21:39:38,51,19,0,70
2022-06-20T21:50:04,51,19,0,70
2022-06-20T22:00:30,51,19,0,70
2022-06-20T22:10:57,51,19,0,70
2022-06-20T22:21:23,51,19,0,70
2022-06-20T22:31:49,51,19,0,70
2022-06-20T22:42:17,51,19,0,70
2022-06-20T22:52:43,51,19,0,70
2022-06-20T23:03:10,51,19,0,70
2022-06-20T23:13:57,51,19,0,70
2022-06-20T23:24:23,51,19,0,70
2022-06-20T23:34:49,51,19,0,70
2022-06-20T23:45:15,51,19,0,70
2022-06-20T23:55:41,51,19,0,70
2022-06-21T00:06:08,51,19,0,70
2022-06-21T00:16:35,51,19,0,70
2022-06-21T00:27:15,51,19,0,70
2022-06-21T00:37:42,51,19,0,70
2022-06-21T00:48:09,51,19,0,70
2022-06-21T00:58:37,51,19,0,70
2022-06-21T01:09:05,51,19,0,70
2022-06-21T01:19:32,51,19,0,70
2022-06-21T01:29:59,51,19,0,70
2022-06-21T01:40:25,51,19,0,70
2022-06-21T01:50:53,51,19,0,70
2022-06-21T02:01:32,51,19,0,70
2022-06-21T02:12:05,51,19,0,70
2022-06-21T02:22:35,51,19,0,70
2022-06-21T02:33:08,51,19,0,70
2022-06-21T02:43:44,51,19,0,70
2022-06-21T02:54:14,51,19,0,70
2022-06-21T03:04:46,51,19,0,70
2022-06-21T03:15:19,51,19,0,70
2022-06-21T03:26:02,51,19,0,70
2022-06-21T03:36:34,51,19,0,70
2022-06-21T03:47:11,51,19,0,70
2022-06-21T03:57:52,51,19,0,70
2022-06-21T04:08:30,51,19,0,70
2022-06-21T04:19:05,51,19,0,70
2022-06-21T04:29:24,51,19,0,70
2022-06-21T04:40:17,51,19,0,70
2022-06-21T04:50:53,51,19,0,70
2022-06-21T05:01:28,51,19,0,70
2022-06-21T05:12:02,51,19,0,70
2022-06-21T05:22:34,51,19,0,70
2022-06-21T05:33:06,51,19,0,70
2022-06-21T05:43:34,51,19,0,70
2022-06-21T05:54:01,51,19,0,70
2022-06-21T06:04:32,51,19,0,70
2022-06-21T06:15:01,51,19,0,70
2022-06-21T06:25:29,51,19,0,70
2022-06-21T06:35:56,51,19,0,70
2022-06-21T06:46:22,51,19,0,70
2022-06-21T06:56:50,51,19,0,70
2022-06-21T07:07:16,51,19,0,70
2022-06-21T07:17:43,51,19,0,70
2022-06-21T07:28:09,51,19,0,70
2022-06-21T07:38:36,51,19,0,70
2022-06-21T07:49:03,51,19,0,70
2022-06-21T07:59:30,51,19,0,70
2022-06-21T08:09:57,51,19,0,70
2022-06-21T08:20:34,51,19,0,70
2022-06-21T08:31:02,51,19,0,70
2022-06-21T08:41:29,51,19,0,70
2022-06-21T08:51:58,51,19,0,70
2022-06-21T09:02:25,51,19,0,70
2022-06-21T09:12:53,51,19,0,70
2022-06-21T09:23:22,51,19,0,70
2022-06-21T09:33:50,51,19,0,70
2022-06-21T09:44:18,51,19,0,70
2022-06-21T09:54:48,51,19,0,70
2022-06-21T10:05:28,51,19,0,70
2022-06-21T10:15:56,51,19,0,70
2022-06-21T10:26:24,51,19,0,70
2022-06-21T10:36:53,51,19,0,70
2022-06-21T10:47:22,51,19,0,70
2022-06-21T10:57:50,51,19,0,70
2022-06-21T11:08:18,51,19,0,70
2022-06-21T11:18:47,51,19,0,70
2022-06-21T11:29:16,51,19,0,70
2022-06-21T11:39:55,51,19,0,70
2022-06-21T11:50:23,51,19,0,70
2022-06-21T12:00:51,51,19,0,70
2022-06-21T12:11:19,51,19,0,70
2022-06-21T12:21:50,51,19,0,70
2022-06-21T12:32:18,51,19,0,70
2022-06-21T12:42:47,51,19,0,70
2022-06-21T12:53:14,51,19,0,70
2022-06-21T13:03:54,51,19,0,70
2022-06-21T13:14:24,51,19,0,70
2022-06-21T13:24:54,51,19,0,70
2022-06-21T13:35:25,51,19,0,70
2022-06-21T13:45:55,51,19,0,70
2022-06-21T13:56:25,51,19,0,70
2022-06-21T14:06:54,51,19,0,70
2022-06-21T14:17:24,51,19,0,70
2022-06-21T14:27:53,51,19,0,70
2022-06-21T14:38:23,51,19,0,70
2022-06-21T14:49:03,51,19,0,70
2022-06-21T14:59:33,51,19,0,70
2022-06-21T15:10:01,51,19,0,70
2022-06-21T15:20:30,51,19,0,70
2022-06-21T15:30:59,51,19,0,70
2022-06-21T15:41:29,51,19,0,70
2022-06-21T15:51:57,51,19,0,70
2022-06-21T16:02:36,51,19,0,70
2022-06-21T16:13:04,51,19,0,70
2022-06-21T16:23:33,51,19,0,70
2022-06-21T16:34:01,51,19,0,70
2022-06-21T16:44:29,51,19,0,70
2022-06-21T16:54:57,51,19,0,70
2022-06-21T17:05:25,51,19,0,70
2022-06-21T17:15:54,51,19,0,70
2022-06-21T17:26:33,51,19,0,70
2022-06-21T17:37:00,51,19,0,70
2022-06-21T17:47:27,51,19,0,70
2022-06-21T17:57:55,51,19,0,70
2022-06-21T18:08:23,51,19,0,70
2022-06-21T18:18:50,51,19,0,70
2022-06-21T18:29:17,51,19,0,70
2022-06-21T18:39:45,51,19,0,70
2022-06-21T18:50:12,51,19,0,70
2022-06-21T19:00:52,51,19,0,70
2022-06-21T19:11:19,51,19,0,70
2022-06-21T19:21:47,51,19,0,70
2022-06-21T19:32:14,51,19,0,70
2022-06-21T19:42:42,51,19,0,70
2022-06-21T19:53:09,51,19,0,70
2022-06-21T20:03:39,51,19,0,70
2022-06-21T20:14:18,51,19,0,70
2022-06-21T20:24:45,51,19,0,70
2022-06-21T20:35:13,51,19,0,70
2022-06-21T20:45:40,51,19,0,70
2022-06-21T20:56:08,51,19,0,70
2022-06-21T21:06:36,51,19,0,70
2022-06-21T21:17:04,51,19,0,70
2022-06-21T21:27:31,51,19,0,70
2022-06-21T21:38:00,51,19,0,70
2022-06-21T21:48:40,51,19,0,70
2022-06-21T21:59:08,51,19,0,70
2022-06-21T22:09:36,51,19,0,70
2022-06-21T22:20:04,51,19,0,70
2022-06-21T22:30:33,51,19,0,70
2022-06-21T22:41:02,52,18,0,70
2022-06-21T22:51:30,52,18,0,70
2022-06-21T23:02:09,52,18,0,70
2022-06-21T23:12:38,52,18,0,70
2022-06-21T23:23:05,52,18,0,70
2022-06-21T23:33:34,52,18,0,70
2022-06-21T23:44:01,52,18,0,70
2022-06-21T23:54:28,52,18,0,70
2022-06-22T00:04:55,52,18,0,70
2022-06-22T00:15:24,52,18,0,70
2022-06-22T00:25:54,52,18,0,70
2022-06-22T00:36:35,52,18,0,70
2022-06-22T00:47:04,52,18,0,70
2022-06-22T00:57:34,52,18,0,70
2022-06-22T01:08:04,52,18,0,70
2022-06-22T01:18:34,52,18,0,70
2022-06-22T01:29:04,52,18,0,70
2022-06-22T01:39:33,52,18,0,70
2022-06-22T01:50:01,52,18,0,70
2022-06-22T02:00:30,52,18,0,70
2022-06-22T02:10:59,52,18,0,70
2022-06-22T02:21:26,52,18,0,70
2022-06-22T02:31:54,52,18,0,70
2022-06-22T02:42:33,52,18,0,70
2022-06-22T02:53:01,52,18,0,70
2022-06-22T03:03:31,52,18,0,70
2022-06-22T03:13:59,52,18,0,70
2022-06-22T03:24:27,52,18,0,70
2022-06-22T03:34:54,52,18,0,70
2022-06-22T03:45:22,52,18,0,70
2022-06-22T03:55:50,52,18,0,70
2022-06-22T04:06:20,52,18,0,70
2022-06-22T04:16:48,52,18,0,70
2022-06-22T04:26:04,52,18,0,70
2022-06-22T04:36:58,52,18,0,70
2022-06-22T04:47:28,52,18,0,70
2022-06-22T04:57:56,52,18,0,70
2022-06-22T05:08:26,52,18,0,70
2022-06-22T05:18:55,52,18,0,70
2022-06-22T05:29:23,52,18,0,70
2022-06-22T05:41:33,52,18,0,70
2022-06-22T05:52:16,52,18,0,70
2022-06-22T06:02:46,52,18,0,70
2022-06-22T06:13:15,52,18,0,70
2022-06-22T06:23:44,52,18,0,70
2022-06-22T06:34:13,52,18,0,70
2022-06-22T06:44:41,52,18,0,70
2022-06-22T06:55:08,52,18,0,70
2022-06-22T07:05:38,52,18,0,70
2022-06-22T07:16:05,52,18,0,70
2022-06-22T07:26:33,52,18,0,70
2022-06-22T07:37:00,52,18,0,70
2022-06-22T07:47:27,52,18,0,70
2022-06-22T07:58:04,52,18,0,70
2022-06-22T08:08:31,52,18,0,70
2022-06-22T08:18:59,52,18,0,70
2022-06-22T08:29:27,52,18,0,70
2022-06-22T08:39:55,52,18,0,70
2022-06-22T08:50:22,52,18,0,70
2022-06-22T09:00:50,52,18,0,70
2022-06-22T09:11:18,52,18,0,70
2022-06-22T09:21:46,52,18,0,70
2022-06-22T09:32:15,52,18,0,70
2022-06-22T09:42:45,52,18,0,70
2022-06-22T09:53:25,52,18,0,70
2022-06-22T10:03:54,52,18,0,70
2022-06-22T10:14:23,52,18,0,70
2022-06-22T10:24:52,52,18,0,70
2022-06-22T10:35:23,52,18,0,70
2022-06-22T10:45:53,52,18,0,70
2022-06-22T10:56:22,52,18,0,70
2022-06-22T11:06:51,52,18,0,70
2022-06-22T11:17:21,52,18,0,70
2022-06-22T11:28:01,52,18,0,70
2022-06-22T11:38:29,52,18,0,70
2022-06-22T11:48:58,52,18,0,70
2022-06-22T11:59:27,52,18,0,70
2022-06-22T12:09:58,52,18,0,70
2022-06-22T12:20:27,52,18,0,70
2022-06-22T12:30:56,52,18,0,70
2022-06-22T12:41:28,52,18,0,70
2022-06-22T12:51:56,52,18,0,70
2022-06-22T13:02:36,52,18,0,70
2022-06-22T13:13:05,52,18,0,70
2022-06-22T13:23:39,52,18,0,70
2022-06-22T13:34:09,52,18,0,70
2022-06-22T13:44:39,52,18,0,70
2022-06-22T13:55:10,52,18,0,70
2022-06-22T14:05:43,52,18,0,70
2022-06-22T14:16:13,52,18,0,70
2022-06-22T14:26:55,52,18,0,70
2022-06-22T14:37:25,52,18,0,70
2022-06-22T14:47:56,52,18,0,70
2022-06-22T14:58:32,52,18,0,70
2022-06-22T15:09:05,52,18,0,70
2022-06-22T15:19:40,52,18,0,70
2022-06-22T15:30:13,52,18,0,70
2022-06-22T15:40:48,52,18,0,70
2022-06-22T15:51:36,52,18,0,70
2022-06-22T16:02:11,52,18,0,70
2022-06-22T16:12:46,52,18,0,70
2022-06-22T16:23:21,52,18,0,70
2022-06-22T16:34:04,52,18,0,70
2022-06-22T16:44:47,52,18,0,70
2022-06-22T16:55:25,52,18,0,70
2022-06-22T17:06:10,52,18,0,70
2022-06-22T17:16:51,52,18,0,70
2022-06-22T17:27:36,52,18,0,70
2022-06-22T17:38:09,52,18,0,70
2022-06-22T17:48:44,52,18,0,70
2022-06-22T17:59:16,52,18,0,70
2022-06-22T18:09:47,52,18,0,70
2022-06-22T18:20:18,52,18,0,70
2022-06-22T18:30:45,52,18,0,70
2022-06-22T18:41:16,52,18,0,70
2022-06-22T18:51:43,52,18,0,70
2022-06-22T19:02:11,52,18,0,70
2022-06-22T19:12:50,52,18,0,70
2022-06-22T19:23:18,52,18,0,70
2022-06-22T19:33:47,52,18,0,70
2022-06-22T19:44:14,52,18,0,70
2022-06-22T19:54:42,52,18,0,70
2022-06-22T20:05:10,52,18,0,70
2022-06-22T20:15:38,52,18,0,70
2022-06-22T20:26:05,52,18,0,70
2022-06-22T20:36:32,52,18,0,70
2022-06-22T20:47:03,52,18,0,70
2022-06-22T20:57:41,52,18,0,70
2022-06-22T21:08:09,52,18,0,70
2022-06-22T21:18:36,52,18,0,70
2022-06-22T21:29:03,52,18,0,70
2022-06-22T21:39:31,52,18,0,70
2022-06-22T21:50:01,52,18,0,70
2022-06-22T22:00:29,52,18,0,70
2022-06-22T22:10:57,52,18,0,70
2022-06-22T22:21:28,52,18,0,70
2022-06-22T22:31:56,52,18,0,70
2022-06-22T22:42:23,52,18,0,70
2022-06-22T22:53:02,52,18,0,70
2022-06-22T23:03:30,52,18,0,70
2022-06-22T23:14:00,52,18,0,70
2022-06-22T23:24:28,52,18,0,70
2022-06-22T23:34:56,52,18,0,70
2022-06-22T23:45:24,52,18,0,70
2022-06-22T23:55:51,52,18,0,70
2022-06-23T00:06:19,52,18,0,70
2022-06-23T00:16:51,52,18,0,70
2022-06-23T00:27:31,52,18,0,70
2022-06-23T00:37:59,52,18,0,70
2022-06-23T00:48:29,52,18,0,70
2022-06-23T00:58:58,52,18,0,70
2022-06-23T01:09:28,52,18,0,70
2022-06-23T01:19:57,52,18,0,70
2022-06-23T01:30:27,52,18,0,70
2022-06-23T01:40:56,52,18,0,70
2022-06-23T01:51:25,52,18,0,70
2022-06-23T02:01:55,52,18,0,70
2022-06-23T02:12:23,52,18,0,70
2022-06-23T02:22:50,52,18,0,70
2022-06-23T02:33:17,52,18,0,70
2022-06-23T02:43:43,52,18,0,70
2022-06-23T02:54:10,52,18,0,70
2022-06-23T03:04:39,52,18,0,70
2022-06-23T03:15:16,52,18,0,70
2022-06-23T03:25:42,52,18,0,70
2022-06-23T03:36:08,52,18,0,70
2022-06-23T03:46:34,52,18,0,70
2022-06-23T03:59:42,52,18,0,70
2022-06-23T04:10:09,52,18,0,70
2022-06-23T04:24:43,52,18,0,70
2022-06-23T04:35:36,52,18,0,70
2022-06-23T04:46:04,52,18,0,70
2022-06-23T04:56:33,52,18,0,70
2022-06-23T05:07:05,52,18,0,70
2022-06-23T05:17:38,52,18,0,70
2022-06-23T05:28:10,52,18,0,70
2022-06-23T05:38:41,52,18,0,70
2022-06-23T05:49:35,52,18,0,70
2022-06-23T06:00:05,52,18,0,70
2022-06-23T06:10:36,52,18,0,70
2022-06-23T06:21:06,52,18,0,70
2022-06-23T06:31:40,52,18,0,70
2022-06-23T06:42:09,52,18,0,70
2022-06-23T06:52:39,52,18,0,70
2022-06-23T07:03:14,52,18,0,70
2022-06-23T07:13:45,52,18,0,70
2022-06-23T07:24:13,52,18,0,70
2022-06-23T07:34:42,52,18,0,70
2022-06-23T07:45:16,52,18,0,70
2022-06-23T07:55:49,52,18,0,70
2022-06-23T08:06:22,52,18,0,70
2022-06-23T08:16:56,52,18,0,70
2022-06-23T08:27:32,52,18,0,70
2022-06-23T08:38:06,52,18,0,70
2022-06-23T08:48:51,52,18,0,70
2022-06-23T08:59:33,52,18,0,70
2022-06-23T09:10:10,52,18,0,70
2022-06-23T09:20:45,52,18,0,70
2022-06-23T09:31:21,52,18,0,70
2022-06-23T09:42:00,52,18,0,70
2022-06-23T09:52:38,52,18,0,70
2022-06-23T10:03:23,52,18,0,70
2022-06-23T10:14:02,52,18,0,70
2022-06-23T10:24:37,52,18,0,70
2022-06-23T10:35:11,52,18,0,70
2022-06-23T10:45:44,52,18,0,70
2022-06-23T10:56:31,52,18,0,70
2022-06-23T11:07:05,52,18,0,70
2022-06-23T11:17:38,52,18,0,70
2022-06-23T11:28:10,52,18,0,70
2022-06-23T11:38:39,52,18,0,70
2022-06-23T11:49:08,52,18,0,70
2022-06-23T11:59:37,52,18,0,70
2022-06-23T12:10:06,52,18,0,70
2022-06-23T12:20:35,52,18,0,70
2022-06-23T12:31:04,52,18,0,70
2022-06-23T12:41:35,52,18,0,70
2022-06-23T12:52:17,53,17,0,70
2022-06-23T13:02:47,53,17,0,70
2022-06-23T13:13:19,53,17,0,70
2022-06-23T13:23:49,53,17,0,70
2022-06-23T13:34:18,53,17,0,70
2022-06-23T13:44:48,53,17,0,70
2022-06-23T13:55:18,53,17,0,70
2022-06-23T14:05:48,53,17,0,70
2022-06-23T14:16:17,53,17,0,70
2022-06-23T14:27:01,53,17,0,70
2022-06-23T14:37:30,53,17,0,70
2022-06-23T14:47:59,53,17,0,70
2022-06-23T14:58:29,53,17,0,70
2022-06-23T15:08:58,53,17,0,70
2022-06-23T15:19:27,53,17,0,70
2022-06-23T15:29:56,53,17,0,70
2022-06-23T15:40:37,53,17,0,70
2022-06-23T15:51:06,53,17,0,70
2022-06-23T16:01:35,53,17,0,70
2022-06-23T16:12:05,53,17,0,70
2022-06-23T16:22:34,53,17,0,70
2022-06-23T16:33:03,53,17,0,70
2022-06-23T16:43:32,53,17,0,70
2022-06-23T16:54:01,53,17,0,70
2022-06-23T17:04:31,53,17,0,70
2022-06-23T17:15:00,53,17,0,70
2022-06-23T17:25:39,53,17,0,70
2022-06-23T17:36:06,53,17,0,70
2022-06-23T17:46:34,53,17,0,70
2022-06-23T17:57:03,53,17,0,70
2022-06-23T18:07:31,53,17,0,70
2022-06-23T18:18:00,53,17,0,70
2022-06-23T18:28:28,53,17,0,70
2022-06-23T18:38:56,53,17,0,70
2022-06-23T18:49:24,53,17,0,70
2022-06-23T18:59:51,53,17,0,70
2022-06-23T19:10:20,53,17,0,70
2022-06-23T19:20:58,53,17,0,70
2022-06-23T19:31:27,53,17,0,70
2022-06-23T19:41:55,53,17,0,70
2022-06-23T19:52:22,53,17,0,70
2022-06-23T20:02:50,53,17,0,70
2022-06-23T20:13:18,53,17,0,70
2022-06-23T20:23:45,53,17,0,70
2022-06-23T20:34:13,53,17,0,70
2022-06-23T20:44:40,53,17,0,70
2022-06-23T20:55:08,53,17,0,70
2022-06-23T21:05:38,53,17,0,70
2022-06-23T21:16:05,53,17,0,70
2022-06-23T21:26:33,53,17,0,70
2022-06-23T21:37:11,53,17,0,70
2022-06-23T21:47:41,53,17,0,70
2022-06-23T21:58:08,53,17,0,70
2022-06-23T22:08:37,53,17,0,70
2022-06-23T22:19:04,53,17,0,70
2022-06-23T22:29:32,53,17,0,70
2022-06-23T22:40:00,53,17,0,70
2022-06-23T22:50:28,53,17,0,70
2022-06-23T23:01:08,53,17,0,70
2022-06-23T23:11:37,53,17,0,70
2022-06-23T23:22:05,53,17,0,70
2022-06-23T23:32:33,53,17,0,70
2022-06-23T23:43:00,53,17,0,70
2022-06-23T23:53:29,53,17,0,70
2022-06-24T00:03:57,53,17,0,70
2022-06-24T00:14:27,53,17,0,70
2022-06-24T00:24:58,53,17,0,70
2022-06-24T00:35:27,53,17,0,70
2022-06-24T00:45:58,53,17,0,70
2022-06-24T00:56:28,53,17,0,70
2022-06-24T01:07:00,53,17,0,70
2022-06-24T01:17:30,53,17,0,70
2022-06-24T01:28:12,53,17,0,70
2022-06-24T01:38:40,53,17,0,70
2022-06-24T01:49:12,53,17,0,70
2022-06-24T01:59:46,53,17,0,70
2022-06-24T02:10:20,53,17,0,70
2022-06-24T02:20:54,53,17,0,70
2022-06-24T02:31:28,53,17,0,70
2022-06-24T02:42:05,53,17,0,70
2022-06-24T02:52:39,53,17,0,70
2022-06-24T03:03:17,53,17,0,70
2022-06-24T03:14:01,53,17,0,70
2022-06-24T03:24:38,53,17,0,70
2022-06-24T03:35:17,53,17,0,70
2022-06-24T03:45:58,53,17,0,70
2022-06-24T03:56:36,53,17,0,70
2022-06-24T04:07:13,53,17,0,70
2022-06-24T04:33:39,53,17,0,70
2022-06-24T04:44:14,53,17,0,70
2022-06-24T04:54:48,53,17,0,70
2022-06-24T05:05:23,53,17,0,70
2022-06-24T05:15:55,53,17,0,70
2022-06-24T05:26:25,53,17,0,70
2022-06-24T05:36:55,53,17,0,70
2022-06-24T05:47:28,53,17,0,70
2022-06-24T05:57:57,53,17,0,70
2022-06-24T06:08:29,53,17,0,70
2022-06-24T06:18:59,53,17,0,70
2022-06-24T06:29:28,53,17,0,70
2022-06-24T06:39:59,53,17,0,70
2022-06-24T06:50:28,53,17,0,70
2022-06-24T07:01:00,53,17,0,70
2022-06-24T07:11:30,53,17,0,70
2022-06-24T07:21:58,53,17,0,70
2022-06-24T07:32:26,53,17,0,70
2022-06-24T07:42:54,53,17,0,70
2022-06-24T07:53:22,53,17,0,70
2022-06-24T08:03:50,53,17,0,70
2022-06-24T08:14:19,53,17,0,70
2022-06-24T08:24:47,53,17,0,70
2022-06-24T08:35:16,53,17,0,70
2022-06-24T08:45:44,53,17,0,70
2022-06-24T08:56:24,53,17,0,70
2022-06-24T09:06:53,53,17,0,70
2022-06-24T09:17:21,53,17,0,70
2022-06-24T09:27:49,53,17,0,70
2022-06-24T09:38:23,53,17,0,70
2022-06-24T09:48:52,53,17,0,70
2022-06-24T09:59:21,53,17,0,70
2022-06-24T10:09:50,53,17,0,70
2022-06-24T10:20:34,53,17,0,70
2022-06-24T10:31:04,53,17,0,70
2022-06-24T10:41:33,53,17,0,70
2022-06-24T10:52:02,53,17,0,70
2022-06-24T11:02:32,53,17,0,70
2022-06-24T11:13:01,53,17,0,70
2022-06-24T11:23:30,53,17,0,70
2022-06-24T11:33:59,53,17,0,70
2022-06-24T11:44:29,53,17,0,70
2022-06-24T11:55:10,53,17,0,70
2022-06-24T12:05:40,53,17,0,70
2022-06-24T12:16:08,53,17,0,70
2022-06-24T12:26:37,53,17,0,70
2022-06-24T12:37:06,53,17,0,70
2022-06-24T12:47:35,53,17,0,70
2022-06-24T12:58:03,53,17,0,70
2022-06-24T13:08:32,53,17,0,70
2022-06-24T13:19:01,53,17,0,70
2022-06-24T13:29:32,53,17,0,70
2022-06-24T13:40:12,53,17,0,70
2022-06-24T13:50:42,53,17,0,70
2022-06-24T14:01:11,53,17,0,70
2022-06-24T14:11:43,53,17,0,70
2022-06-24T14:22:11,53,17,0,70
2022-06-24T14:32:41,53,17,0,70
2022-06-24T14:43:14,53,17,0,70
2022-06-24T14:53:43,53,17,0,70
2022-06-24T15:04:23,53,17,0,70
2022-06-24T15:14:52,53,17,0,70
2022-06-24T15:25:21,53,17,0,70
2022-06-24T15:35:51,53,17,0,70
2022-06-24T15:46:20,53,17,0,70
2022-06-24T15:56:49,53,17,0,70
2022-06-24T16:07:18,53,17,0,70
2022-06-24T16:17:46,53,17,0,70
2022-06-24T16:28:15,53,17,0,70
2022-06-24T16:38:44,53,17,0,70
2022-06-24T16:49:12,53,17,0,70
2022-06-24T16:59:40,53,17,0,70
2022-06-24T17:10:21,53,17,0,70
2022-06-24T17:20:49,53,17,0,70
2022-06-24T17:31:17,53,17,0,70
2022-06-24T17:41:44,53,17,0,70
2022-06-24T17:52:12,53,17,0,70
2022-06-24T18:02:39,53,17,0,70
2022-06-24T18:13:07,53,17,0,70
2022-06-24T18:23:35,53,17,0,70
2022-06-24T18:34:03,53,17,0,70
2022-06-24T18:44:31,53,17,0,70
2022-06-24T18:54:58,53,17,0,70
2022-06-24T19:05:26,53,17,0,70
2022-06-24T19:15:53,53,17,0,70
2022-06-24T19:26:21,53,17,0,70
2022-06-24T19:37:00,53,17,0,70
2022-06-24T19:47:27,53,17,0,70
2022-06-24T19:57:54,53,17,0,70
2022-06-24T20:08:22,53,17,0,70
2022-06-24T20:18:50,53,17,0,70
2022-06-24T20:29:17,53,17,0,70
2022-06-24T20:39:45,53,17,0,70
2022-06-24T20:50:12,53,17,0,70
2022-06-24T21:00:39,53,17,0,70
2022-06-24T21:11:06,53,17,0,70
2022-06-24T21:21:34,53,17,0,70
2022-06-24T21:32:01,53,17,0,70
2022-06-24T21:42:41,53,17,0,70
2022-06-24T21:53:09,53,17,0,70
2022-06-24T22:03:37,53,17,0,70
2022-06-24T22:14:04,53,17,0,70
2022-06-24T22:24:32,53,17,0,70
2022-06-24T22:35:01,53,17,0,70
2022-06-24T22:45:31,53,17,0,70
2022-06-24T22:55:59,53,17,0,70
2022-06-24T23:06:28,53,17,0,70
2022-06-24T23:16:56,53,17,0,70
2022-06-24T23:27:24,53,17,0,70
2022-06-24T23:38:03,53,17,0,70
2022-06-24T23:48:30,53,17,0,70
2022-06-24T23:58:58,53,17,0,70
2022-06-25T00:09:27,53,17,0,70
2022-06-25T00:20:06,53,17,0,70
2022-06-25T00:30:35,53,17,0,70
2022-06-25T00:41:04,53,17,0,70
2022-06-25T00:51:34,53,17,0,70
2022-06-25T01:02:06,53,17,0,70
2022-06-25T01:12:36,53,17,0,70
2022-06-25T01:23:05,53,17,0,70
2022-06-25T01:33:34,53,17,0,70
2022-06-25T01:44:04,53,17,0,70
2022-06-25T01:54:33,53,17,0,70
2022-06-25T02:05:14,53,17,0,70
2022-06-25T02:15:42,53,17,0,70
2022-06-25T02:26:10,53,17,0,70
2022-06-25T02:36:39,53,17,0,70
2022-06-25T02:47:07,53,17,0,70
2022-06-25T02:57:34,53,17,0,70
2022-06-25T03:08:01,53,17,0,70
2022-06-25T03:18:28,53,17,0,70
2022-06-25T03:28:55,53,17,0,70
2022-06-25T03:39:23,53,17,0,70
2022-06-25T03:49:51,53,17,0,70
2022-06-25T04:00:20,53,17,0,70
2022-06-25T04:18:03,53,17,0,70
2022-06-25T04:28:58,53,17,0,70
2022-06-25T04:39:30,53,17,0,70
2022-06-25T04:50:01,53,17,0,70
2022-06-25T05:00:31,53,17,0,70
2022-06-25T05:11:02,53,17,0,70
2022-06-25T05:21:34,53,17,0,70
2022-06-25T05:32:05,53,17,0,70
2022-06-25T05:42:35,53,17,0,70
2022-06-25T05:53:05,53,17,0,70
2022-06-25T06:03:34,53,17,0,70
2022-06-25T06:14:04,53,17,0,70
2022-06-25T06:24:34,53,17,0,70
2022-06-25T06:35:04,53,17,0,70
2022-06-25T06:45:34,53,17,0,70
2022-06-25T06:56:14,53,17,0,70
2022-06-25T07:06:47,53,17,0,70
2022-06-25T07:17:16,53,17,0,70
2022-06-25T07:27:46,53,17,0,70
2022-06-25T07:38:15,53,17,0,70
2022-06-25T07:48:45,53,17,0,70
2022-06-25T07:59:15,53,17,0,70
2022-06-25T08:09:56,53,17,0,70
2022-06-25T08:20:25,53,17,0,70
2022-06-25T08:30:55,53,17,0,70
2022-06-25T08:41:23,53,17,0,70
2022-06-25T08:51:52,53,17,0,70
2022-06-25T09:02:21,53,17,0,70
2022-06-25T09:12:49,53,17,0,70
2022-06-25T09:23:18,53,17,0,70
2022-06-25T09:33:58,53,17,0,70
2022-06-25T09:44:27,53,17,0,70
2022-06-25T09:54:55,53,17,0,70
2022-06-25T10:05:23,53,17,0,70
2022-06-25T10:15:50,53,17,0,70
2022-06-25T10:26:18,53,17,0,70
2022-06-25T10:36:45,53,17,0,70
2022-06-25T10:47:13,53,17,0,70
2022-06-25T10:57:49,53,17,0,70
2022-06-25T11:08:17,53,17,0,70
2022-06-25T11:18:44,53,17,0,70
2022-06-25T11:29:11,53,17,0,70
2022-06-25T11:39:38,53,17,0,70
2022-06-25T11:50:05,53,17,0,70
2022-06-25T12:00:43,53,17,0,70
2022-06-25T12:11:10,53,17,0,70
2022-06-25T12:21:37,53,17,0,70
2022-06-25T12:32:05,53,17,0,70
2022-06-25T12:42:32,53,17,0,70
2022-06-25T12:52:59,53,17,0,70
2022-06-25T13:03:26,53,17,0,70
2022-06-25T13:13:54,53,17,0,70
2022-06-25T13:24:21,53,17,0,70
2022-06-25T13:34:48,53,17,0,70
2022-06-25T13:45:15,53,17,0,70
2022-06-25T13:55:43,53,17,0,70
2022-06-25T14:06:10,53,17,0,70
2022-06-25T14:16:37,53,17,0,70
2022-06-25T14:27:14,53,17,0,70
2022-06-25T14:37:42,53,17,0,70
2022-06-25T14:48:08,53,17,0,70
2022-06-25T14:58:35,53,17,0,70
2022-06-25T15:09:03,53,17,0,70
2022-06-25T15:19:31,53,17,0,70
2022-06-25T15:29:59,53,17,0,70
2022-06-25T15:40:26,53,17,0,70
2022-06-25T15:50:53,53,17,0,70
2022-06-25T16:01:20,53,17,0,70
2022-06-25T16:11:47,53,17,0,70
2022-06-25T16:22:14,53,17,0,70
2022-06-25T16:32:42,53,17,0,70
2022-06-25T16:43:10,53,17,0,70
2022-06-25T16:53:46,53,17,0,70
2022-06-25T17:04:14,53,17,0,70
2022-06-25T17:14:42,53,17,0,70
2022-06-25T17:25:09,53,17,0,70
2022-06-25T17:35:36,53,17,0,70
2022-06-25T17:46:04,53,17,0,70
2022-06-25T17:56:31,53,17,0,70
2022-06-25T18:07:00,53,17,0,70
2022-06-25T18:17:28,53,17,0,70
2022-06-25T18:27:55,53,17,0,70
2022-06-25T18:38:23,53,17,0,70
2022-06-25T18:48:50,53,17,0,70
2022-06-25T18:59:17,53,17,0,70
2022-06-25T19:09:44,53,17,0,70
2022-06-25T19:20:12,53,17,0,70
2022-06-25T19:30:39,53,17,0,70
2022-06-25T19:41:06,53,17,0,70
2022-06-25T19:51:44,53,17,0,70
2022-06-25T20:02:11,53,17,0,70
2022-06-25T20:12:39,53,17,0,70
2022-06-25T20:23:06,53,17,0,70
2022-06-25T20:33:33,53,17,0,70
2022-06-25T20:44:00,53,17,0,70
2022-06-25T20:54:27,53,17,0,70
2022-06-25T21:04:54,53,17,0,70
2022-06-25T21:15:22,53,17,0,70
2022-06-25T21:25:49,53,17,0,70
2022-06-25T21:36:16,53,17,0,70
2022-06-25T21:46:44,53,17,0,70
2022-06-25T21:57:11,53,17,0,70
2022-06-25T22:07:39,53,17,0,70
2022-06-25T22:18:06,53,17,0,70
2022-06-25T22:28:33,53,17,0,70
2022-06-25T22:39:02,53,17,0,70
2022-06-25T22:49:29,53,17,0,70
2022-06-25T22:59:56,53,17,0,70
2022-06-25T23:10:25,53,17,0,70
2022-06-25T23:21:03,53,17,0,70
2022-06-25T23:31:30,53,17,0,70
2022-06-25T23:41:57,53,17,0,70
2022-06-25T23:52:25,54,16,0,70
2022-06-26T00:02:52,54,16,0,70
2022-06-26T00:13:21,54,16,0,70
2022-06-26T00:23:50,54,16,0,70
2022-06-26T00:34:18,54,16,0,70
2022-06-26T00:44:46,54,16,0,70
2022-06-26T00:55:13,54,16,0,70
2022-06-26T01:05:51,54,16,0,70
2022-06-26T01:16:18,54,16,0,70
2022-06-26T01:26:45,54,16,0,70
2022-06-26T01:37:12,54,16,0,70
2022-06-26T01:47:39,54,16,0,70
2022-06-26T01:58:06,54,16,0,70
2022-06-26T02:08:33,54,16,0,70
2022-06-26T02:19:00,54,16,0,70
2022-06-26T02:29:30,54,16,0,70
2022-06-26T02:40:02,54,16,0,70
2022-06-26T02:50:33,54,16,0,70
2022-06-26T03:01:12,54,16,0,70
2022-06-26T03:11:52,54,16,0,70
2022-06-26T03:22:23,54,16,0,70
2022-06-26T03:32:53,54,16,0,70
2022-06-26T03:43:24,54,16,0,70
2022-06-26T03:53:54,54,16,0,70
2022-06-26T04:04:25,54,16,0,70
2022-06-26T04:14:54,54,16,0,70
2022-06-26T04:30:44,54,16,0,70
2022-06-26T04:41:33,54,16,0,70
2022-06-26T04:52:04,54,16,0,70
2022-06-26T05:02:36,54,16,0,70
2022-06-26T05:13:08,54,16,0,70
2022-06-26T05:23:38,54,16,0,70
2022-06-26T05:34:06,54,16,0,70
2022-06-26T05:44:36,54,16,0,70
2022-06-26T05:55:05,54,16,0,70
2022-06-26T06:05:35,54,16,0,70
2022-06-26T06:16:05,54,16,0,70
2022-06-26T06:26:38,54,16,0,70
2022-06-26T06:37:08,54,16,0,70
2022-06-26T06:47:38,54,16,0,70
2022-06-26T06:58:07,54,16,0,70
2022-06-26T07:08:36,54,16,0,70
2022-06-26T07:19:08,54,16,0,70
2022-06-26T07:29:39,54,16,0,70
2022-06-26T07:40:11,54,16,0,70
2022-06-26T07:50:48,54,16,0,70
2022-06-26T08:01:24,54,16,0,70
2022-06-26T08:11:59,54,16,0,70
2022-06-26T08:22:48,54,16,0,70
2022-06-26T08:33:25,54,16,0,70
2022-06-26T08:43:58,54,16,0,70
2022-06-26T08:54:35,54,16,0,70
2022-06-26T09:05:09,54,16,0,70
2022-06-26T09:15:39,54,16,0,70
2022-06-26T09:26:15,54,16,0,70
2022-06-26T09:36:51,54,16,0,70
2022-06-26T09:47:26,54,16,0,70
2022-06-26T09:58:03,54,16,0,70
2022-06-26T10:08:40,54,16,0,70
2022-06-26T10:19:16,54,16,0,70
2022-06-26T10:29:53,54,16,0,70
2022-06-26T10:40:28,54,16,0,70
2022-06-26T10:51:02,54,16,0,70
2022-06-26T11:01:33,54,16,0,70
2022-06-26T11:12:15,54,16,0,70
2022-06-26T11:22:44,54,16,0,70
2022-06-26T11:33:11,54,16,0,70
2022-06-26T11:43:38,54,16,0,70
2022-06-26T11:54:05,54,16,0,70
2022-06-26T12:04:32,54,16,0,70
2022-06-26T12:15:00,54,16,0,70
2022-06-26T12:25:27,54,16,0,70
2022-06-26T12:35:54,54,16,0,70
2022-06-26T12:46:21,54,16,0,70
2022-06-26T12:56:49,54,16,0,70
2022-06-26T13:07:26,54,16,0,70
2022-06-26T13:17:53,54,16,0,70
2022-06-26T13:28:20,54,16,0,70
2022-06-26T13:38:47,54,16,0,70
2022-06-26T13:49:14,54,16,0,70
2022-06-26T13:59:42,54,16,0,70
2022-06-26T14:10:09,54,16,0,70
2022-06-26T14:20:36,54,16,0,70
2022-06-26T14:31:03,54,16,0,70
2022-06-26T14:41:30,54,16,0,70
2022-06-26T14:51:57,54,16,0,70
2022-06-26T15:02:26,54,16,0,70
2022-06-26T15:13:04,54,16,0,70
2022-06-26T15:23:31,54,16,0,70
2022-06-26T15:33:58,54,16,0,70
2022-06-26T15:44:25,54,16,0,70
2022-06-26T15:54:52,54,16,0,70
2022-06-26T16:05:19,54,16,0,70
2022-06-26T16:15:47,54,16,0,70
2022-06-26T16:26:15,54,16,0,70
2022-06-26T16:36:42,54,16,0,70
2022-06-26T16:47:10,54,16,0,70
2022-06-26T16:57:38,54,16,0,70
2022-06-26T17:08:05,54,16,0,70
2022-06-26T17:18:32,54,16,0,70
2022-06-26T17:29:10,54,16,0,70
2022-06-26T17:39:37,54,16,0,70
2022-06-26T17:50:05,54,16,0,70
2022-06-26T18:00:32,54,16,0,70
2022-06-26T18:11:00,54,16,0,70
2022-06-26T18:21:28,54,16,0,70
2022-06-26T18:31:55,54,16,0,70
2022-06-26T18:42:22,54,16,0,70
2022-06-26T18:52:50,54,16,0,70
2022-06-26T19:03:17,54,16,0,70
2022-06-26T19:13:55,54,16,0,70
2022-06-26T19:24:22,54,16,0,70
2022-06-26T19:34:49,54,16,0,70
2022-06-26T19:45:17,54,16,0,70
2022-06-26T19:55:44,54,16,0,70
2022-06-26T20:06:11,54,16,0,70
2022-06-26T20:16:38,54,16,0,70
2022-06-26T20:27:06,54,16,0,70
2022-06-26T20:37:33,54,16,0,70
2022-06-26T20:48:00,54,16,0,70
2022-06-26T20:58:39,54,16,0,70
2022-06-26T21:09:06,54,16,0,70
2022-06-26T21:19:34,54,16,0,70
2022-06-26T21:30:01,54,16,0,70
2022-06-26T21:40:29,54,16,0,70
2022-06-26T21:50:57,54,16,0,70
2022-06-26T22:01:24,54,16,0,70
2022-06-26T22:11:52,54,16,0,70
2022-06-26T22:22:20,54,16,0,70
2022-06-26T22:32:59,54,16,0,70
2022-06-26T22:43:27,54,16,0,70
2022-06-26T22:53:54,54,16,0,70
2022-06-26T23:04:22,53,17,0,70
2022-06-26T23:14:51,53,17,0,70
2022-06-26T23:25:20,53,17,0,70
2022-06-26T23:35:48,53,17,0,70
2022-06-26T23:46:16,53,17,0,70
2022-06-26T23:56:44,53,17,0,70
2022-06-27T00:07:13,53,17,0,70
2022-06-27T00:17:44,53,17,0,70
2022-06-27T00:28:25,53,17,0,70
2022-06-27T00:38:54,53,17,0,70
2022-06-27T00:49:22,53,17,0,70
2022-06-27T00:59:51,53,17,0,70
2022-06-27T01:10:19,53,17,0,70
2022-06-27T01:20:51,53,17,0,70
2022-06-27T01:31:25,53,17,0,70
2022-06-27T01:41:55,53,17,0,70
2022-06-27T01:52:25,53,17,0,70
2022-06-27T02:03:09,53,17,0,70
2022-06-27T02:13:40,53,17,0,70
2022-06-27T02:24:21,53,17,0,70
2022-06-27T02:34:50,53,17,0,70
2022-06-27T02:45:19,53,17,0,70
2022-06-27T02:55:47,53,17,0,70
2022-06-27T03:06:14,53,17,0,70
2022-06-27T03:16:42,53,17,0,70
2022-06-27T03:27:10,53,17,0,70
2022-06-27T03:37:39,53,17,0,70
2022-06-27T03:48:09,53,17,0,70
2022-06-27T03:58:39,53,17,0,70
2022-06-27T04:09:08,53,17,0,70
2022-06-27T04:18:08,53,17,0,70
2022-06-27T04:28:40,53,17,0,70
2022-06-27T04:40:54,53,17,0,70
2022-06-27T04:51:28,53,17,0,70
2022-06-27T05:01:59,53,17,0,70
2022-06-27T05:12:31,53,17,0,70
2022-06-27T05:23:01,53,17,0,70
2022-06-27T05:33:32,53,17,0,70
2022-06-27T05:44:02,53,17,0,70
2022-06-27T05:54:32,53,17,0,70
2022-06-27T06:05:01,53,17,0,70
2022-06-27T06:15:31,53,17,0,70
2022-06-27T06:26:00,53,17,0,70
2022-06-27T06:36:29,53,17,0,70
2022-06-27T06:46:56,53,17,0,70
2022-06-27T06:57:24,53,17,0,70
2022-06-27T07:07:53,53,17,0,70
2022-06-27T07:18:22,53,17,0,70
2022-06-27T07:28:50,53,17,0,70
2022-06-27T07:39:20,53,17,0,70
2022-06-27T07:49:49,53,17,0,70
2022-06-27T08:00:34,53,17,0,70
2022-06-27T08:11:04,53,17,0,70
2022-06-27T08:21:33,53,17,0,70
2022-06-27T08:32:02,53,17,0,70
2022-06-27T08:42:31,53,17,0,70
2022-06-27T08:53:00,53,17,0,70
2022-06-27T09:03:30,53,17,0,70
2022-06-27T09:13:59,53,17,0,70
2022-06-27T09:24:31,53,17,0,70
2022-06-27T09:35:13,53,17,0,70
2022-06-27T09:45:44,53,17,0,70
2022-06-27T09:56:16,53,17,0,70
2022-06-27T10:06:48,53,17,0,70
2022-06-27T10:17:20,53,17,0,70
2022-06-27T10:27:51,53,17,0,70
2022-06-27T10:38:39,53,17,0,70
2022-06-27T10:49:11,53,17,0,70
2022-06-27T10:59:42,53,17,0,70
2022-06-27T11:10:14,53,17,0,70
2022-06-27T11:20:45,53,17,0,70
2022-06-27T11:31:27,53,17,0,70
2022-06-27T11:41:58,53,17,0,70
2022-06-27T11:52:28,53,17,0,70
2022-06-27T12:02:59,53,17,0,70
2022-06-27T12:13:29,53,17,0,70
2022-06-27T12:23:59,53,17,0,70
2022-06-27T12:34:41,53,17,0,70
2022-06-27T12:45:11,53,17,0,70
2022-06-27T12:55:41,53,17,0,70
2022-06-27T13:06:11,53,17,0,70
2022-06-27T13:16:40,53,17,0,70
2022-06-27T13:27:11,53,17,0,70
2022-06-27T13:37:41,53,17,0,70
2022-06-27T13:48:30,53,17,0,70
2022-06-27T13:59:00,53,17,0,70
2022-06-27T14:09:30,53,17,0,70
2022-06-27T14:20:00,53,17,0,70
2022-06-27T14:30:30,53,17,0,70
2022-06-27T14:41:00,53,17,0,70
2022-06-27T14:51:30,53,17,0,70
2022-06-27T15:02:12,53,17,0,70
2022-06-27T15:12:41,53,17,0,70
2022-06-27T15:23:11,53,17,0,70
2022-06-27T15:33:41,53,17,0,70
2022-06-27T15:44:11,53,17,0,70
2022-06-27T15:54:40,53,17,0,70
2022-06-27T16:05:09,53,17,0,70
2022-06-27T16:15:49,53,17,0,70
2022-06-27T16:26:18,53,17,0,70
2022-06-27T16:36:47,53,17,0,70
2022-06-27T16:47:16,53,17,0,70
2022-06-27T16:57:44,53,17,0,70
2022-06-27T17:08:14,53,17,0,70
2022-06-27T17:18:43,53,17,0,70
2022-06-27T17:29:11,53,17,0,70
2022-06-27T17:39:49,53,17,0,70
2022-06-27T17:50:17,53,17,0,70
2022-06-27T18:00:45,53,17,0,70
2022-06-27T18:11:13,53,17,0,70
2022-06-27T18:21:45,53,17,0,70
2022-06-27T18:32:16,53,17,0,70
2022-06-27T18:42:49,53,17,0,70
2022-06-27T18:53:23,53,17,0,70
2022-06-27T19:03:57,53,17,0,70
2022-06-27T19:14:51,53,17,0,70
2022-06-27T19:25:24,53,17,0,70
2022-06-27T19:35:58,53,17,0,70
2022-06-27T19:46:33,53,17,0,70
2022-06-27T19:57:09,53,17,0,70
2022-06-27T20:07:47,53,17,0,70
2022-06-27T20:18:23,53,17,0,70
2022-06-27T20:29:00,53,17,0,70
2022-06-27T20:39:37,53,17,0,70
2022-06-27T20:50:12,53,17,0,70
2022-06-27T21:00:43,53,17,0,70
2022-06-27T21:11:23,53,17,0,70
2022-06-27T21:21:52,53,17,0,70
2022-06-27T21:32:21,53,17,0,70
2022-06-27T21:42:49,53,17,0,70
2022-06-27T21:53:17,53,17,0,70
2022-06-27T22:03:45,53,17,0,70
2022-06-27T22:14:13,53,17,0,70
2022-06-27T22:24:41,53,17,0,70
2022-06-27T22:35:09,53,17,0,70
2022-06-27T22:45:48,53,17,0,70
2022-06-27T22:56:16,53,17,0,70
2022-06-27T23:06:45,53,17,0,70
2022-06-27T23:17:13,53,17,0,70
2022-06-27T23:27:41,53,17,0,70
2022-06-27T23:38:09,53,17,0,70
2022-06-27T23:48:36,53,17,0,70
2022-06-27T23:59:03,53,17,0,70
2022-06-28T00:09:33,53,17,0,70
2022-06-28T00:20:05,53,17,0,70
2022-06-28T00:30:55,53,17,0,70
2022-06-28T00:41:25,53,17,0,70
2022-06-28T00:51:55,53,17,0,70
2022-06-28T01:02:25,53,17,0,70
2022-06-28T01:12:54,53,17,0,70
2022-06-28T01:23:24,53,17,0,70
2022-06-28T01:33:54,53,17,0,70
2022-06-28T01:44:23,53,17,0,70
2022-06-28T01:55:03,53,17,0,70
2022-06-28T02:05:33,53,17,0,70
2022-06-28T02:16:01,53,17,0,70
2022-06-28T02:26:29,53,17,0,70
2022-06-28T02:36:57,53,17,0,70
2022-06-28T02:47:24,53,17,0,70
2022-06-28T02:57:51,53,17,0,70
2022-06-28T03:08:19,53,17,0,70
2022-06-28T03:18:46,53,17,0,70
2022-06-28T03:29:13,53,17,0,70
2022-06-28T03:39:42,53,17,0,70
2022-06-28T03:50:23,53,17,0,70
2022-06-28T04:00:52,53,17,0,70
2022-06-28T04:11:23,53,17,0,70
2022-06-28T04:26:11,53,17,0,70
2022-06-28T04:38:06,53,17,0,70
2022-06-28T04:48:39,53,17,0,70
2022-06-28T04:59:10,53,17,0,70
2022-06-28T05:09:41,53,17,0,70
2022-06-28T05:20:14,53,17,0,70
2022-06-28T05:30:44,53,17,0,70
2022-06-28T05:41:13,53,17,0,70
2022-06-28T05:51:42,53,17,0,70
2022-06-28T06:02:11,53,17,0,70
2022-06-28T06:12:41,53,17,0,70
2022-06-28T06:23:10,53,17,0,70
2022-06-28T06:33:39,53,17,0,70
2022-06-28T06:44:08,53,17,0,70
2022-06-28T06:54:38,53,17,0,70
2022-06-28T07:05:08,53,17,0,70
2022-06-28T07:15:37,53,17,0,70
2022-06-28T07:26:07,53,17,0,70
2022-06-28T07:36:46,53,17,0,70
2022-06-28T07:47:15,53,17,0,70
2022-06-28T07:57:45,53,17,0,70
2022-06-28T08:08:14,53,17,0,70
2022-06-28T08:18:44,53,17,0,70
2022-06-28T08:29:13,53,17,0,70
2022-06-28T08:39:43,53,17,0,70
2022-06-28T08:50:13,53,17,0,70
2022-06-28T09:00:42,53,17,0,70
2022-06-28T09:11:12,53,17,0,70
2022-06-28T09:21:42,53,17,0,70
2022-06-28T09:32:13,53,17,0,70
2022-06-28T09:42:54,53,17,0,70
2022-06-28T09:53:24,53,17,0,70
2022-06-28T10:03:55,53,17,0,70
2022-06-28T10:14:25,53,17,0,70
2022-06-28T10:24:58,53,17,0,70
2022-06-28T10:35:35,53,17,0,70
2022-06-28T10:46:09,53,17,0,70
2022-06-28T10:56:42,53,17,0,70
2022-06-28T11:07:27,53,17,0,70
2022-06-28T11:18:03,53,17,0,70
2022-06-28T11:28:39,53,17,0,70
2022-06-28T11:39:14,53,17,0,70
2022-06-28T11:49:50,53,17,0,70
2022-06-28T12:00:29,53,17,0,70
2022-06-28T12:11:32,53,17,0,70
2022-06-28T12:22:14,53,17,0,70
2022-06-28T12:32:54,53,17,0,70
2022-06-28T12:43:39,53,17,0,70
2022-06-28T12:54:22,53,17,0,70
2022-06-28T13:04:58,53,17,0,70
2022-06-28T13:15:33,53,17,0,70
2022-06-28T13:26:21,53,17,0,70
2022-06-28T13:36:55,53,17,0,70
2022-06-28T13:47:29,53,17,0,70
2022-06-28T13:58:01,53,17,0,70
2022-06-28T14:08:32,53,17,0,70
2022-06-28T14:19:02,53,17,0,70
2022-06-28T14:29:34,53,17,0,70
2022-06-28T14:40:15,53,17,0,70
2022-06-28T14:50:45,53,17,0,70
2022-06-28T15:01:15,53,17,0,70
2022-06-28T15:11:44,53,17,0,70
2022-06-28T15:22:14,53,17,0,70
2022-06-28T15:32:44,53,17,0,70
2022-06-28T15:43:13,53,17,0,70
2022-06-28T15:53:55,53,17,0,70
2022-06-28T16:04:25,53,17,0,70
2022-06-28T16:14:54,53,17,0,70
2022-06-28T16:25:23,53,17,0,70
2022-06-28T16:35:53,53,17,0,70
2022-06-28T16:46:44,53,17,0,70
2022-06-28T16:57:12,53,17,0,70
2022-06-28T17:07:42,53,17,0,70
2022-06-28T17:18:11,53,17,0,70
2022-06-28T17:28:39,53,17,0,70
2022-06-28T17:39:08,53,17,0,70
2022-06-28T17:49:36,53,17,0,70
2022-06-28T18:00:05,53,17,0,70
2022-06-28T18:10:44,53,17,0,70
2022-06-28T18:21:13,53,17,0,70
2022-06-28T18:31:41,53,17,0,70
2022-06-28T18:42:09,53,17,0,70
2022-06-28T18:52:39,53,17,0,70
2022-06-28T19:03:07,53,17,0,70
2022-06-28T19:13:46,53,17,0,70
2022-06-28T19:24:14,53,17,0,70
2022-06-28T19:34:43,53,17,0,70
2022-06-28T19:45:10,53,17,0,70
2022-06-28T19:55:40,53,17,0,70
2022-06-28T20:06:08,53,17,0,70
2022-06-28T20:16:37,53,17,0,70
2022-06-28T20:27:05,53,17,0,70
2022-06-28T20:37:34,53,17,0,70
2022-06-28T20:48:13,53,17,0,70
2022-06-28T20:58:41,53,17,0,70
2022-06-28T21:09:08,53,17,0,70
2022-06-28T21:19:36,53,17,0,70
2022-06-28T21:30:04,53,17,0,70
2022-06-28T21:40:33,53,17,0,70
2022-06-28T21:51:01,53,17,0,70
2022-06-28T22:01:29,53,17,0,70
2022-06-28T22:11:57,53,17,0,70
2022-06-28T22:22:25,53,17,0,70
2022-06-28T22:32:54,53,17,0,70
2022-06-28T22:43:33,53,17,0,70
2022-06-28T22:54:01,53,17,0,70
2022-06-28T23:04:30,53,17,0,70
2022-06-28T23:14:59,53,17,0,70
2022-06-28T23:25:27,53,17,0,70
2022-06-28T23:35:55,53,17,0,70
2022-06-28T23:46:23,53,17,0,70
2022-06-28T23:56:51,53,17,0,70
2022-06-29T00:07:20,53,17,0,70
2022-06-29T00:17:51,53,17,0,70
2022-06-29T00:28:31,53,17,0,70
2022-06-29T00:39:02,53,17,0,70
2022-06-29T00:49:33,53,17,0,70
2022-06-29T01:00:04,53,17,0,70
2022-06-29T01:10:35,53,17,0,70
2022-06-29T01:21:05,53,17,0,70
2022-06-29T01:31:37,53,17,0,70
2022-06-29T01:42:06,53,17,0,70
2022-06-29T01:52:36,53,17,0,70
2022-06-29T02:03:16,53,17,0,70
2022-06-29T02:13:46,53,17,0,70
2022-06-29T02:24:14,53,17,0,70
2022-06-29T02:34:42,53,17,0,70
2022-06-29T02:45:10,53,17,0,70
2022-06-29T02:55:38,53,17,0,70
2022-06-29T03:06:06,53,17,0,70
2022-06-29T03:16:34,53,17,0,70
2022-06-29T03:27:12,53,17,0,70
2022-06-29T03:37:40,53,17,0,70
2022-06-29T03:48:09,53,17,0,70
2022-06-29T03:58:39,53,17,0,70
2022-06-29T04:09:10,53,17,0,70
2022-06-29T04:21:28,53,17,0,70
2022-06-29T04:32:23,53,17,0,70
2022-06-29T04:42:54,53,17,0,70
2022-06-29T04:53:26,53,17,0,70
2022-06-29T05:04:05,53,17,0,70
2022-06-29T05:14:35,53,17,0,70
2022-06-29T05:25:06,53,17,0,70
2022-06-29T05:37:01,53,17,0,70
2022-06-29T05:47:52,53,17,0,70
2022-06-29T05:58:23,53,17,0,70
2022-06-29T06:08:52,53,17,0,70
2022-06-29T06:19:24,53,17,0,70
2022-06-29T06:29:53,53,17,0,70
2022-06-29T06:40:23,53,17,0,70
2022-06-29T06:50:54,53,17,0,70
2022-06-29T07:01:25,53,17,0,70
2022-06-29T07:12:04,53,17,0,70
2022-06-29T07:22:34,53,17,0,70
2022-06-29T07:33:04,53,17,0,70
2022-06-29T07:43:35,53,17,0,70
2022-06-29T07:54:05,53,17,0,70
2022-06-29T08:04:36,53,17,0,70
2022-06-29T08:15:07,53,17,0,70
2022-06-29T08:25:38,53,17,0,70
2022-06-29T08:36:09,53,17,0,70
2022-06-29T08:46:38,53,17,0,70
2022-06-29T08:57:08,53,17,0,70
2022-06-29T09:07:38,53,17,0,70
2022-06-29T09:18:08,53,17,0,70
2022-06-29T09:28:38,53,17,0,70
2022-06-29T09:39:08,53,17,0,70
2022-06-29T09:49:48,53,17,0,70
2022-06-29T10:00:19,53,17,0,70
2022-06-29T10:10:50,53,17,0,70
2022-06-29T10:21:21,53,17,0,70
2022-06-29T10:31:51,53,17,0,70
2022-06-29T10:42:21,53,17,0,70
2022-06-29T10:52:51,53,17,0,70
2022-06-29T11:03:22,53,17,0,70
2022-06-29T11:14:04,53,17,0,70
2022-06-29T11:24:34,53,17,0,70
2022-06-29T11:35:05,53,17,0,70
2022-06-29T11:45:35,53,17,0,70
2022-06-29T11:56:06,53,17,0,70
2022-06-29T12:06:38,53,17,0,70
2022-06-29T12:17:08,53,17,0,70
2022-06-29T12:27:38,53,17,0,70
2022-06-29T12:38:19,53,17,0,70
2022-06-29T12:48:48,53,17,0,70
2022-06-29T12:59:17,53,17,0,70
2022-06-29T13:09:47,53,17,0,70
2022-06-29T13:20:17,53,17,0,70
2022-06-29T13:30:47,53,17,0,70
2022-06-29T13:41:17,53,17,0,70
2022-06-29T13:51:47,53,17,0,70
2022-06-29T14:02:18,53,17,0,70
2022-06-29T14:12:59,53,17,0,70
2022-06-29T14:23:29,53,17,0,70
2022-06-29T14:33:59,53,17,0,70
2022-06-29T14:44:30,53,17,0,70
2022-06-29T14:55:00,53,17,0,70
2022-06-29T15:05:31,53,17,0,70
2022-06-29T15:16:01,53,17,0,70
2022-06-29T15:26:42,53,17,0,70
2022-06-29T15:37:13,53,17,0,70
2022-06-29T15:47:43,53,17,0,70
2022-06-29T15:58:13,53,17,0,70
2022-06-29T16:08:45,53,17,0,70
2022-06-29T16:19:14,53,17,0,70
2022-06-29T16:29:44,53,17,0,70
2022-06-29T16:40:13,53,17,0,70
2022-06-29T16:50:42,53,17,0,70
2022-06-29T17:01:22,53,17,0,70
2022-06-29T17:11:51,53,17,0,70
2022-06-29T17:22:21,53,17,0,70
2022-06-29T17:32:50,53,17,0,70
2022-06-29T17:43:19,53,17,0,70
2022-06-29T17:53:48,53,17,0,70
2022-06-29T18:04:18,53,17,0,70
2022-06-29T18:14:47,53,17,0,70
2022-06-29T18:25:27,53,17,0,70
2022-06-29T18:35:56,53,17,0,70
2022-06-29T18:46:25,53,17,0,70
2022-06-29T18:56:54,53,17,0,70
2022-06-29T19:07:22,53,17,0,70
2022-06-29T19:17:51,53,17,0,70
2022-06-29T19:28:20,53,17,0,70
2022-06-29T19:38:49,53,17,0,70
2022-06-29T19:49:18,53,17,0,70
2022-06-29T19:59:56,53,17,0,70
2022-06-29T20:10:26,53,17,0,70
2022-06-29T20:20:55,53,17,0,70
2022-06-29T20:31:24,53,17,0,70
2022-06-29T20:41:53,53,17,0,70
2022-06-29T20:52:21,53,17,0,70
2022-06-29T21:02:50,53,17,0,70
2022-06-29T21:13:18,53,17,0,70
2022-06-29T21:23:47,53,17,0,70
2022-06-29T21:34:26,53,17,0,70
2022-06-29T21:44:56,53,17,0,70
2022-06-29T21:55:25,53,17,0,70
2022-06-29T22:05:53,53,17,0,70
2022-06-29T22:16:22,53,17,0,70
2022-06-29T22:26:50,53,17,0,70
2022-06-29T22:37:20,53,17,0,70
2022-06-29T22:47:48,53,17,0,70
2022-06-29T22:58:28,53,17,0,70
2022-06-29T23:08:58,53,17,0,70
2022-06-29T23:19:27,53,17,0,70
2022-06-29T23:29:56,53,17,0,70
2022-06-29T23:40:25,53,17,0,70
2022-06-29T23:50:53,53,17,0,70
2022-06-30T00:01:22,53,17,0,70
2022-06-30T00:11:52,53,17,0,70
2022-06-30T00:22:24,53,17,0,70
2022-06-30T00:32:53,53,17,0,70
2022-06-30T00:43:25,53,17,0,70
2022-06-30T00:53:56,53,17,0,70
2022-06-30T01:04:27,53,17,0,70
2022-06-30T01:15:08,53,17,0,70
2022-06-30T01:25:39,53,17,0,70
2022-06-30T01:36:09,53,17,0,70
2022-06-30T01:46:39,53,17,0,70
2022-06-30T01:57:10,53,17,0,70
2022-06-30T02:07:39,53,17,0,70
2022-06-30T02:18:18,53,17,0,70
2022-06-30T02:28:47,53,17,0,70
2022-06-30T02:39:15,53,17,0,70
2022-06-30T02:49:43,53,17,0,70
2022-06-30T03:00:11,53,17,0,70
2022-06-30T03:10:40,53,17,0,70
2022-06-30T03:21:08,53,17,0,70
2022-06-30T03:31:35,53,17,0,70
2022-06-30T03:42:05,53,17,0,70
2022-06-30T03:52:36,53,17,0,70
2022-06-30T04:05:26,53,17,0,70
2022-06-30T04:26:20,53,17,0,70
2022-06-30T04:36:53,53,17,0,70
2022-06-30T04:47:25,53,17,0,70
2022-06-30T04:57:56,53,17,0,70
2022-06-30T05:08:29,53,17,0,70
2022-06-30T05:19:00,53,17,0,70
2022-06-30T05:29:31,53,17,0,70
2022-06-30T05:40:01,53,17,0,70
2022-06-30T05:50:37,53,17,0,70
2022-06-30T06:01:08,53,17,0,70
2022-06-30T06:11:38,53,17,0,70
2022-06-30T06:22:10,53,17,0,70
2022-06-30T06:32:40,53,17,0,70
2022-06-30T06:43:19,53,17,0,70
2022-06-30T06:53:53,53,17,0,70
2022-06-30T07:04:37,53,17,0,70
2022-06-30T07:15:18,53,17,0,70
2022-06-30T07:26:01,53,17,0,70
2022-06-30T07:36:47,53,17,0,70
2022-06-30T07:47:29,53,17,0,70
2022-06-30T07:58:12,53,17,0,70
2022-06-30T08:08:56,53,17,0,70
2022-06-30T08:19:37,53,17,0,70
2022-06-30T08:30:10,53,17,0,70
2022-06-30T08:40:42,53,17,0,70
2022-06-30T08:51:18,53,17,0,70
2022-06-30T09:01:56,53,17,0,70
2022-06-30T09:12:35,53,17,0,70
2022-06-30T09:23:16,53,17,0,70
2022-06-30T09:34:06,53,17,0,70
2022-06-30T09:44:44,53,17,0,70
2022-06-30T09:55:22,53,17,0,70
2022-06-30T10:06:01,53,17,0,70
2022-06-30T10:16:39,53,17,0,70
2022-06-30T10:27:14,53,17,0,70
2022-06-30T10:37:48,53,17,0,70
2022-06-30T10:48:22,53,17,0,70
2022-06-30T10:58:52,53,17,0,70
2022-06-30T11:09:35,53,17,0,70
2022-06-30T11:20:05,53,17,0,70
2022-06-30T11:30:35,53,17,0,70
2022-06-30T11:41:05,53,17,0,70
2022-06-30T11:51:36,53,17,0,70
2022-06-30T12:02:06,53,17,0,70
2022-06-30T12:12:38,53,17,0,70
2022-06-30T12:23:19,53,17,0,70
2022-06-30T12:33:50,53,17,0,70
2022-06-30T12:44:20,53,17,0,70
2022-06-30T12:54:51,53,17,0,70
2022-06-30T13:05:22,53,17,0,70
2022-06-30T13:15:53,53,17,0,70
2022-06-30T13:26:24,53,17,0,70
2022-06-30T13:36:55,53,17,0,70
2022-06-30T13:47:25,53,17,0,70
2022-06-30T13:58:08,53,17,0,70
2022-06-30T14:08:40,53,17,0,70
2022-06-30T14:19:11,53,17,0,70
2022-06-30T14:29:42,53,17,0,70
2022-06-30T14:40:14,53,17,0,70
2022-06-30T14:50:45,53,17,0,70
2022-06-30T15:01:16,53,17,0,70
2022-06-30T15:11:47,53,17,0,70
2022-06-30T15:22:28,53,17,0,70
2022-06-30T15:32:59,53,17,0,70
2022-06-30T15:43:30,53,17,0,70
2022-06-30T15:54:01,53,17,0,70
2022-06-30T16:04:31,53,17,0,70
2022-06-30T16:15:02,53,17,0,70
2022-06-30T16:25:32,53,17,0,70
2022-06-30T16:36:03,53,17,0,70
2022-06-30T16:46:44,53,17,0,70
2022-06-30T16:57:14,53,17,0,70
2022-06-30T17:07:44,53,17,0,70
2022-06-30T17:18:14,53,17,0,70
2022-06-30T17:28:44,53,17,0,70
2022-06-30T17:39:13,53,17,0,70
2022-06-30T17:49:43,53,17,0,70
2022-06-30T18:00:13,53,17,0,70
2022-06-30T18:10:43,53,17,0,70
2022-06-30T18:21:13,53,17,0,70
2022-06-30T18:31:43,53,17,0,70
2022-06-30T18:42:23,53,17,0,70
2022-06-30T18:52:53,53,17,0,70
2022-06-30T19:03:22,53,17,0,70
2022-06-30T19:13:51,53,17,0,70
2022-06-30T19:24:21,53,17,0,70
2022-06-30T19:34:50,53,17,0,70
2022-06-30T19:45:19,53,17,0,70
2022-06-30T19:55:48,53,17,0,70
2022-06-30T20:06:18,53,17,0,70
2022-06-30T20:16:47,53,17,0,70
2022-06-30T20:27:16,53,17,0,70
2022-06-30T20:37:46,53,17,0,70
2022-06-30T20:48:17,53,17,0,70
2022-06-30T20:58:58,53,17,0,70
2022-06-30T21:09:28,53,17,0,70
2022-06-30T21:19:57,53,17,0,70
2022-06-30T21:30:26,53,17,0,70
2022-06-30T21:40:56,53,17,0,70
2022-06-30T21:51:25,53,17,0,70
2022-06-30T22:01:54,53,17,0,70
2022-06-30T22:12:24,53,17,0,70
2022-06-30T22:22:53,53,17,0,70
2022-06-30T22:33:22,53,17,0,70
2022-06-30T22:43:52,53,17,0,70
2022-06-30T22:54:32,53,17,0,70
2022-06-30T23:05:02,53,17,0,70
2022-06-30T23:15:32,53,17,0,70
2022-06-30T23:26:01,53,17,0,70
2022-06-30T23:36:31,53,17,0,70
2022-06-30T23:47:00,53,17,0,70
2022-06-30T23:57:30,53,17,0,70
2022-07-01T00:08:00,53,17,0,70
2022-07-01T00:18:39,53,17,0,70
2022-07-01T00:29:10,53,17,0,70
2022-07-01T00:39:52,53,17,0,70
2022-07-01T00:50:24,53,17,0,70
2022-07-01T01:00:57,53,17,0,70
2022-07-01T01:11:28,53,17,0,70
2022-07-01T01:22:01,53,17,0,70
2022-07-01T01:32:34,53,17,0,70
2022-07-01T01:43:05,53,17,0,70
2022-07-01T01:53:37,53,17,0,70
2022-07-01T02:04:11,53,17,0,70
2022-07-01T02:14:42,53,17,0,70
2022-07-01T02:25:13,53,17,0,70
2022-07-01T02:35:55,53,17,0,70
2022-07-01T02:46:25,53,17,0,70
2022-07-01T02:56:55,53,17,0,70
2022-07-01T03:07:24,53,17,0,70
2022-07-01T03:17:54,53,17,0,70
2022-07-01T03:28:24,53,17,0,70
2022-07-01T03:38:54,53,17,0,70
2022-07-01T03:49:25,53,17,0,70
2022-07-01T03:59:57,53,17,0,70
2022-07-01T04:15:32,53,17,0,70
2022-07-01T04:27:15,53,17,0,70
2022-07-01T04:38:05,53,17,0,70
2022-07-01T04:48:39,53,17,0,70
2022-07-01T04:59:11,53,17,0,70
2022-07-01T05:09:44,53,17,0,70
2022-07-01T05:20:17,53,17,0,70
2022-07-01T05:30:48,53,17,0,70
2022-07-01T05:41:20,53,17,0,70
2022-07-01T05:51:52,53,17,0,70
2022-07-01T06:02:22,53,17,0,70
2022-07-01T06:12:53,53,17,0,70
2022-07-01T06:23:22,53,17,0,70
2022-07-01T06:33:52,53,17,0,70
2022-07-01T06:44:21,53,17,0,70
2022-07-01T06:54:51,53,17,0,70
2022-07-01T07:05:21,53,17,0,70
2022-07-01T07:15:51,53,17,0,70
2022-07-01T07:26:20,53,17,0,70
2022-07-01T07:36:50,53,17,0,70
2022-07-01T07:47:20,53,17,0,70
2022-07-01T07:58:00,53,17,0,70
2022-07-01T08:08:30,53,17,0,70
2022-07-01T08:19:00,53,17,0,70
2022-07-01T08:29:31,53,17,0,70
2022-07-01T08:40:02,53,17,0,70
2022-07-01T08:50:32,53,17,0,70
2022-07-01T09:01:03,53,17,0,70
2022-07-01T09:11:33,53,17,0,70
2022-07-01T09:22:05,53,17,0,70
2022-07-01T09:32:36,53,17,0,70
2022-07-01T09:43:08,53,17,0,70
2022-07-01T09:53:39,53,17,0,70
2022-07-01T10:04:10,53,17,0,70
2022-07-01T10:14:51,53,17,0,70
2022-07-01T10:25:23,53,17,0,70
2022-07-01T10:35:53,53,17,0,70
2022-07-01T10:46:24,53,17,0,70
2022-07-01T10:56:54,53,17,0,70
2022-07-01T11:07:25,53,17,0,70
2022-07-01T11:17:58,53,17,0,70
2022-07-01T11:28:28,53,17,0,70
2022-07-01T11:38:59,53,17,0,70
2022-07-01T11:49:30,53,17,0,70
2022-07-01T12:00:01,53,17,0,70
2022-07-01T12:10:32,53,17,0,70
2022-07-01T12:21:14,53,17,0,70
2022-07-01T12:31:44,53,17,0,70
2022-07-01T12:42:14,53,17,0,70
2022-07-01T12:52:44,53,17,0,70
2022-07-01T13:03:15,53,17,0,70
2022-07-01T13:13:46,53,17,0,70
2022-07-01T13:24:16,53,17,0,70
2022-07-01T13:34:47,53,17,0,70
2022-07-01T13:45:18,53,17,0,70
2022-07-01T13:56:00,53,17,0,70
2022-07-01T14:06:31,53,17,0,70
2022-07-01T14:17:02,53,17,0,70
2022-07-01T14:27:32,53,17,0,70
2022-07-01T14:38:04,53,17,0,70
2022-07-01T14:48:35,53,17,0,70
2022-07-01T14:59:06,53,17,0,70
2022-07-01T15:09:37,53,17,0,70
2022-07-01T15:20:07,53,17,0,70
2022-07-01T15:30:37,53,17,0,70
2022-07-01T15:41:08,53,17,0,70
2022-07-01T15:51:50,53,17,0,70
2022-07-01T16:02:21,53,17,0,70
2022-07-01T16:12:51,53,17,0,70
2022-07-01T16:23:21,53,17,0,70
2022-07-01T16:33:51,53,17,0,70
2022-07-01T16:44:20,53,17,0,70
2022-07-01T16:54:50,53,17,0,70
2022-07-01T17:05:20,53,17,0,70
2022-07-01T17:15:51,53,17,0,70
2022-07-01T17:26:20,53,17,0,70
2022-07-01T17:36:50,53,17,0,70
2022-07-01T17:47:19,53,17,0,70
2022-07-01T17:57:59,53,17,0,70
2022-07-01T18:08:29,53,17,0,70
2022-07-01T18:18:58,53,17,0,70
2022-07-01T18:29:27,53,17,0,70
2022-07-01T18:39:57,53,17,0,70
2022-07-01T18:50:26,53,17,0,70
2022-07-01T19:00:55,53,17,0,70
2022-07-01T19:11:24,53,17,0,70
2022-07-01T19:21:54,53,17,0,70
2022-07-01T19:32:23,53,17,0,70
2022-07-01T19:42:55,53,17,0,70
2022-07-01T19:53:24,53,17,0,70
2022-07-01T20:04:04,53,17,0,70
2022-07-01T20:14:33,53,17,0,70
2022-07-01T20:25:02,53,17,0,70
2022-07-01T20:35:31,53,17,0,70
2022-07-01T20:46:00,53,17,0,70
2022-07-01T20:56:28,53,17,0,70
2022-07-01T21:06:58,53,17,0,70
2022-07-01T21:17:27,53,17,0,70
2022-07-01T21:27:56,53,17,0,70
2022-07-01T21:38:25,53,17,0,70
2022-07-01T21:48:54,53,17,0,70
2022-07-01T21:59:23,53,17,0,70
2022-07-01T22:10:03,53,17,0,70
2022-07-01T22:20:32,53,17,0,70
2022-07-01T22:31:02,53,17,0,70
2022-07-01T22:41:31,53,17,0,70
2022-07-01T22:52:00,53,17,0,70
2022-07-01T23:02:29,53,17,0,70
2022-07-01T23:13:01,53,17,0,70
2022-07-01T23:23:31,53,17,0,70
2022-07-01T23:34:00,53,17,0,70
2022-07-01T23:44:29,53,17,0,70
2022-07-01T23:54:58,53,17,0,70
2022-07-02T00:05:28,53,17,0,70
2022-07-02T00:16:11,53,17,0,70
2022-07-02T00:26:42,53,17,0,70
2022-07-02T00:37:13,53,17,0,70
2022-07-02T00:47:46,53,17,0,70
2022-07-02T00:58:19,53,17,0,70
2022-07-02T01:08:51,53,17,0,70
2022-07-02T01:19:23,53,17,0,70
2022-07-02T01:29:55,53,17,0,70
2022-07-02T01:42:55,53,17,0,70
2022-07-02T02:03:58,53,17,0,70
2022-07-02T02:21:02,53,17,0,70
2022-07-02T02:31:32,53,17,0,70
2022-07-02T02:42:02,53,17,0,70
2022-07-02T02:52:33,53,17,0,70
2022-07-02T03:03:03,53,17,0,70
2022-07-02T03:13:32,53,17,0,70
2022-07-02T03:24:00,53,17,0,70
2022-07-02T03:34:40,53,17,0,70
2022-07-02T03:45:10,53,17,0,70
2022-07-02T03:55:41,53,17,0,70
2022-07-02T04:06:12,53,17,0,70
2022-07-02T04:21:25,53,17,0,70
2022-07-02T04:33:25,53,17,0,70
2022-07-02T04:43:58,53,17,0,70
2022-07-02T04:54:30,53,17,0,70
2022-07-02T05:05:01,53,17,0,70
2022-07-02T05:15:32,53,17,0,70
2022-07-02T05:26:05,53,17,0,70
2022-07-02T05:36:36,53,17,0,70
2022-07-02T05:47:06,53,17,0,70
2022-07-02T05:57:37,53,17,0,70
2022-07-02T06:08:07,53,17,0,70
2022-07-02T06:18:38,53,17,0,70
2022-07-02T06:29:08,53,17,0,70
2022-07-02T06:39:39,53,17,0,70
2022-07-02T06:50:09,53,17,0,70
2022-07-02T07:00:40,53,17,0,70
2022-07-02T07:11:12,53,17,0,70
2022-07-02T07:21:43,53,17,0,70
2022-07-02T07:32:15,53,17,0,70
2022-07-02T07:42:56,53,17,0,70
2022-07-02T07:53:27,53,17,0,70
2022-07-02T08:03:57,53,17,0,70
2022-07-02T08:14:28,53,17,0,70
2022-07-02T08:24:59,53,17,0,70
2022-07-02T08:35:29,53,17,0,70
2022-07-02T08:45:59,53,17,0,70
2022-07-02T08:56:30,53,17,0,70
2022-07-02T09:07:00,53,17,0,70
2022-07-02T09:17:29,53,17,0,70
2022-07-02T09:27:58,53,17,0,70
2022-07-02T09:38:33,53,17,0,70
2022-07-02T09:49:06,53,17,0,70
2022-07-02T09:59:48,53,17,0,70
2022-07-02T10:10:19,53,17,0,70
2022-07-02T10:20:48,53,17,0,70
2022-07-02T10:31:19,53,17,0,70
2022-07-02T10:41:49,53,17,0,70
2022-07-02T10:52:18,53,17,0,70
2022-07-02T11:02:48,53,17,0,70
2022-07-02T11:13:18,53,17,0,70
2022-07-02T11:23:59,53,17,0,70
2022-07-02T11:34:32,53,17,0,70
2022-07-02T11:45:03,53,17,0,70
2022-07-02T11:55:33,53,17,0,70
2022-07-02T12:06:03,53,17,0,70
2022-07-02T12:16:35,53,17,0,70
2022-07-02T12:27:06,53,17,0,70
2022-07-02T12:37:36,53,17,0,70
2022-07-02T12:48:07,53,17,0,70
2022-07-02T12:58:37,53,17,0,70
2022-07-02T13:09:08,53,17,0,70
2022-07-02T13:19:39,53,17,0,70
2022-07-02T13:30:09,53,17,0,70
2022-07-02T13:40:39,53,17,0,70
2022-07-02T13:51:09,53,17,0,70
2022-07-02T14:01:40,53,17,0,70
2022-07-02T14:12:11,53,17,0,70
2022-07-02T14:22:52,53,17,0,70
2022-07-02T14:33:22,53,17,0,70
2022-07-02T14:43:50,53,17,0,70
2022-07-02T14:54:19,53,17,0,70
2022-07-02T15:04:48,53,17,0,70
2022-07-02T15:15:16,53,17,0,70
2022-07-02T15:25:45,53,17,0,70
2022-07-02T15:36:15,53,17,0,70
2022-07-02T15:46:43,53,17,0,70
2022-07-02T15:57:12,53,17,0,70
2022-07-02T16:07:52,53,17,0,70
2022-07-02T16:18:21,53,17,0,70
2022-07-02T16:28:49,53,17,0,70
2022-07-02T16:39:18,53,17,0,70
2022-07-02T16:49:47,53,17,0,70
2022-07-02T17:00:16,53,17,0,70
2022-07-02T17:10:45,53,17,0,70
2022-07-02T17:21:15,53,17,0,70
2022-07-02T17:31:43,53,17,0,70
2022-07-02T17:42:12,53,17,0,70
2022-07-02T17:52:42,53,17,0,70
2022-07-02T18:03:11,53,17,0,70
2022-07-02T18:13:40,53,17,0,70
2022-07-02T18:24:09,53,17,0,70
2022-07-02T18:34:38,53,17,0,70
2022-07-02T18:45:07,53,17,0,70
2022-07-02T18:55:36,53,17,0,70
2022-07-02T19:06:16,53,17,0,70
2022-07-02T19:16:45,53,17,0,70
2022-07-02T19:27:14,53,17,0,70
2022-07-02T19:37:44,53,17,0,70
2022-07-02T19:48:14,53,17,0,70
2022-07-02T19:58:45,53,17,0,70
2022-07-02T20:09:15,53,17,0,70
2022-07-02T20:19:46,53,17,0,70
2022-07-02T20:30:17,53,17,0,70
2022-07-02T20:40:47,53,17,0,70
2022-07-02T20:51:18,53,17,0,70
2022-07-02T21:01:48,53,17,0,70
2022-07-02T21:12:18,53,17,0,70
2022-07-02T21:22:49,53,17,0,70
2022-07-02T21:33:19,53,17,0,70
2022-07-02T21:43:59,53,17,0,70
2022-07-02T21:54:28,53,17,0,70
2022-07-02T22:04:57,53,17,0,70
2022-07-02T22:15:26,53,17,0,70
2022-07-02T22:25:56,53,17,0,70
2022-07-02T22:36:26,53,17,0,70
2022-07-02T22:46:55,53,17,0,70
2022-07-02T22:57:24,53,17,0,70
2022-07-02T23:07:54,53,17,0,70
2022-07-02T23:18:24,53,17,0,70
2022-07-02T23:28:54,53,17,0,70
2022-07-02T23:39:24,53,17,0,70
2022-07-02T23:49:54,53,17,0,70
2022-07-03T00:00:23,53,17,0,70
2022-07-03T00:10:53,53,17,0,70
2022-07-03T00:21:25,53,17,0,70
2022-07-03T00:31:55,53,17,0,70
2022-07-03T00:42:26,53,17,0,70
2022-07-03T00:52:58,53,17,0,70
2022-07-03T01:03:38,53,17,0,70
2022-07-03T01:14:08,53,17,0,70
2022-07-03T01:24:38,53,17,0,70
2022-07-03T01:35:09,53,17,0,70
2022-07-03T01:45:39,53,17,0,70
2022-07-03T01:56:11,53,17,0,70
2022-07-03T02:06:42,53,17,0,70
2022-07-03T02:17:12,53,17,0,70
2022-07-03T02:27:43,53,17,0,70
2022-07-03T02:38:14,53,17,0,70
2022-07-03T02:48:46,53,17,0,70
2022-07-03T02:59:18,53,17,0,70
2022-07-03T03:09:58,53,17,0,70
2022-07-03T03:20:28,53,17,0,70
2022-07-03T03:30:59,53,17,0,70
2022-07-03T03:41:30,53,17,0,70
2022-07-03T03:52:00,53,17,0,70
2022-07-03T04:02:32,53,17,0,70
2022-07-03T04:13:04,53,17,0,70
2022-07-03T04:23:19,53,17,0,70
2022-07-03T04:34:13,53,17,0,70
2022-07-03T04:44:45,53,17,0,70
2022-07-03T04:55:18,53,17,0,70
2022-07-03T05:05:50,53,17,0,70
2022-07-03T05:16:22,53,17,0,70
2022-07-03T05:26:53,53,17,0,70
2022-07-03T05:37:23,53,17,0,70
2022-07-03T05:47:52,53,17,0,70
2022-07-03T05:58:22,53,17,0,70
2022-07-03T06:08:52,53,17,0,70
2022-07-03T06:19:23,53,17,0,70
2022-07-03T06:29:53,53,17,0,70
2022-07-03T06:40:23,53,17,0,70
2022-07-03T06:50:52,53,17,0,70
2022-07-03T07:01:21,53,17,0,70
2022-07-03T07:11:50,53,17,0,70
2022-07-03T07:22:20,53,17,0,70
2022-07-03T07:32:52,53,17,0,70
2022-07-03T07:43:21,53,17,0,70
2022-07-03T07:53:51,53,17,0,70
2022-07-03T08:04:20,53,17,0,70
2022-07-03T08:14:50,53,17,0,70
2022-07-03T08:25:20,53,17,0,70
2022-07-03T08:35:50,53,17,0,70
2022-07-03T08:46:19,53,17,0,70
2022-07-03T08:56:49,53,17,0,70
2022-07-03T09:07:17,53,17,0,70
2022-07-03T09:17:55,53,17,0,70
2022-07-03T09:28:24,53,17,0,70
2022-07-03T09:38:54,53,17,0,70
2022-07-03T09:49:23,53,17,0,70
2022-07-03T09:59:52,53,17,0,70
2022-07-03T10:10:22,53,17,0,70
2022-07-03T10:20:51,53,17,0,70
2022-07-03T10:31:20,53,17,0,70
2022-07-03T10:41:49,53,17,0,70
2022-07-03T10:52:18,53,17,0,70
2022-07-03T11:02:47,53,17,0,70
2022-07-03T11:13:15,53,17,0,70
2022-07-03T11:23:45,53,17,0,70
2022-07-03T11:34:15,53,17,0,70
2022-07-03T11:44:45,53,17,0,70
2022-07-03T11:55:14,53,17,0,70
2022-07-03T12:05:55,53,17,0,70
2022-07-03T12:16:25,53,17,0,70
2022-07-03T12:26:55,53,17,0,70
2022-07-03T12:37:24,53,17,0,70
2022-07-03T12:47:54,53,17,0,70
2022-07-03T12:58:24,53,17,0,70
2022-07-03T13:08:58,53,17,0,70
2022-07-03T13:19:28,53,17,0,70
2022-07-03T13:29:59,53,17,0,70
2022-07-03T13:40:29,53,17,0,70
2022-07-03T13:50:58,53,17,0,70
2022-07-03T14:01:28,53,17,0,70
2022-07-03T14:12:07,53,17,0,70
2022-07-03T14:22:36,53,17,0,70
2022-07-03T14:33:05,53,17,0,70
2022-07-03T14:43:34,53,17,0,70
2022-07-03T14:54:03,53,17,0,70
2022-07-03T15:04:33,53,17,0,70
2022-07-03T15:15:02,53,17,0,70
2022-07-03T15:25:31,53,17,0,70
2022-07-03T15:36:00,53,17,0,70
2022-07-03T15:46:29,53,17,0,70
2022-07-03T15:56:59,53,17,0,70
2022-07-03T16:07:28,53,17,0,70
2022-07-03T16:17:57,53,17,0,70
2022-07-03T16:28:26,53,17,0,70
2022-07-03T16:39:04,53,17,0,70
2022-07-03T16:49:33,53,17,0,70
2022-07-03T17:00:02,53,17,0,70
2022-07-03T17:10:33,53,17,0,70
2022-07-03T17:23:13,53,17,0,70
2022-07-03T17:33:42,53,17,0,70
2022-07-03T17:44:11,53,17,0,70
2022-07-03T17:54:40,53,17,0,70
2022-07-03T18:05:09,53,17,0,70
2022-07-03T18:15:38,53,17,0,70
2022-07-03T18:26:07,53,17,0,70
2022-07-03T18:36:36,53,17,0,70
2022-07-03T18:47:04,53,17,0,70
2022-07-03T18:57:43,53,17,0,70
2022-07-03T19:08:12,53,17,0,70
2022-07-03T19:18:44,53,17,0,70
2022-07-03T19:29:13,53,17,0,70
2022-07-03T19:39:44,53,17,0,70
2022-07-03T19:50:19,53,17,0,70
2022-07-03T20:00:53,53,17,0,70
2022-07-03T20:11:22,53,17,0,70
2022-07-03T20:21:51,53,17,0,70
2022-07-03T20:32:19,53,17,0,70
2022-07-03T20:42:48,53,17,0,70
2022-07-03T20:53:17,53,17,0,70
2022-07-03T21:03:45,53,17,0,70
2022-07-03T21:14:15,53,17,0,70
2022-07-03T21:24:44,53,17,0,70
2022-07-03T21:35:13,53,17,0,70
2022-07-03T21:45:42,53,17,0,70
2022-07-03T21:56:12,53,17,0,70
2022-07-03T22:06:51,53,17,0,70
2022-07-03T22:17:20,53,17,0,70
2022-07-03T22:27:49,53,17,0,70
2022-07-03T22:38:19,53,17,0,70
2022-07-03T22:48:48,53,17,0,70
2022-07-03T22:59:17,53,17,0,70
2022-07-03T23:09:47,53,17,0,70
2022-07-03T23:20:17,53,17,0,70
2022-07-03T23:30:48,53,17,0,70
2022-07-03T23:41:17,53,17,0,70
2022-07-03T23:51:47,53,17,0,70
2022-07-04T00:02:16,53,17,0,70
2022-07-04T00:12:49,53,17,0,70
2022-07-04T00:23:24,53,17,0,70
2022-07-04T00:34:06,53,17,0,70
2022-07-04T00:44:36,53,17,0,70
2022-07-04T00:55:06,53,17,0,70
2022-07-04T01:05:36,53,17,0,70
2022-07-04T01:16:11,53,17,0,70
2022-07-04T01:26:43,53,17,0,70
2022-07-04T01:37:15,53,17,0,70
2022-07-04T01:47:45,53,17,0,70
2022-07-04T01:58:16,53,17,0,70
2022-07-04T02:08:48,53,17,0,70
2022-07-04T02:19:18,53,17,0,70
2022-07-04T02:29:48,53,17,0,70
2022-07-04T02:40:20,53,17,0,70
2022-07-04T02:50:59,53,17,0,70
2022-07-04T03:01:28,53,17,0,70
2022-07-04T03:11:57,53,17,0,70
2022-07-04T03:22:28,53,17,0,70
2022-07-04T03:33:00,53,17,0,70
2022-07-04T03:43:32,53,17,0,70
2022-07-04T03:54:04,53,17,0,70
2022-07-04T04:04:34,53,17,0,70
2022-07-04T04:31:47,53,17,0,70
2022-07-04T04:42:20,53,17,0,70
2022-07-04T04:52:51,53,17,0,70
2022-07-04T05:03:24,53,17,0,70
2022-07-04T05:13:57,53,17,0,70
2022-07-04T05:24:30,53,17,0,70
2022-07-04T05:35:02,53,17,0,70
2022-07-04T05:45:33,53,17,0,70
2022-07-04T05:56:03,53,17,0,70
2022-07-04T06:06:36,53,17,0,70
2022-07-04T06:17:06,53,17,0,70
2022-07-04T06:27:36,53,17,0,70
2022-07-04T06:38:07,53,17,0,70
2022-07-04T06:48:38,53,17,0,70
2022-07-04T06:59:07,53,17,0,70
2022-07-04T07:09:46,53,17,0,70
2022-07-04T07:20:14,53,17,0,70
2022-07-04T07:30:44,53,17,0,70
2022-07-04T07:41:13,53,17,0,70
2022-07-04T07:51:41,53,17,0,70
2022-07-04T08:02:10,53,17,0,70
2022-07-04T08:12:39,53,17,0,70
2022-07-04T08:23:09,53,17,0,70
2022-07-04T08:33:38,53,17,0,70
2022-07-04T08:44:07,53,17,0,70
2022-07-04T08:54:36,53,17,0,70
2022-07-04T09:05:24,53,17,0,70
2022-07-04T09:15:53,53,17,0,70
2022-07-04T09:26:22,53,17,0,70
2022-07-04T09:36:51,53,17,0,70
2022-07-04T09:47:20,53,17,0,70
2022-07-04T09:57:49,53,17,0,70
2022-07-04T10:08:18,53,17,0,70
2022-07-04T10:18:47,53,17,0,70
2022-07-04T10:29:16,53,17,0,70
2022-07-04T10:39:57,53,17,0,70
2022-07-04T10:50:26,53,17,0,70
2022-07-04T11:00:55,53,17,0,70
2022-07-04T11:11:24,53,17,0,70
2022-07-04T11:21:52,53,17,0,70
2022-07-04T11:32:21,53,17,0,70
2022-07-04T11:42:50,53,17,0,70
2022-07-04T11:53:18,53,17,0,70
2022-07-04T12:03:47,53,17,0,70
2022-07-04T12:14:16,53,17,0,70
2022-07-04T12:24:46,53,17,0,70
2022-07-04T12:35:14,53,17,0,70
2022-07-04T12:45:43,53,17,0,70
2022-07-04T12:56:12,53,17,0,70
2022-07-04T13:06:41,53,17,0,70
2022-07-04T13:17:19,53,17,0,70
2022-07-04T13:27:48,53,17,0,70
2022-07-04T13:38:18,53,17,0,70
2022-07-04T13:48:47,53,17,0,70
2022-07-04T13:59:15,53,17,0,70
2022-07-04T14:09:44,53,17,0,70
2022-07-04T14:20:12,53,17,0,70
2022-07-04T14:30:42,53,17,0,70
2022-07-04T14:41:11,53,17,0,70
2022-07-04T14:51:40,53,17,0,70
2022-07-04T15:02:09,53,17,0,70
2022-07-04T15:12:49,53,17,0,70
2022-07-04T15:23:18,53,17,0,70
2022-07-04T15:33:47,53,17,0,70
2022-07-04T15:44:17,53,17,0,70
2022-07-04T15:54:46,53,17,0,70
2022-07-04T16:05:16,53,17,0,70
2022-07-04T16:15:45,53,17,0,70
2022-07-04T16:26:14,53,17,0,70
2022-07-04T16:36:43,53,17,0,70
2022-07-04T16:47:11,53,17,0,70
2022-07-04T16:57:42,53,17,0,70
2022-07-04T17:08:11,53,17,0,70
2022-07-04T17:18:40,53,17,0,70
2022-07-04T17:29:09,53,17,0,70
2022-07-04T17:39:38,53,17,0,70
2022-07-04T17:50:16,53,17,0,70
2022-07-04T18:00:45,53,17,0,70
2022-07-04T18:11:13,53,17,0,70
2022-07-04T18:21:41,53,17,0,70
2022-07-04T18:32:10,53,17,0,70
2022-07-04T18:42:38,53,17,0,70
2022-07-04T18:53:07,53,17,0,70
2022-07-04T19:03:36,53,17,0,70
2022-07-04T19:14:05,53,17,0,70
2022-07-04T19:24:34,53,17,0,70
2022-07-04T19:35:03,53,17,0,70
2022-07-04T19:45:32,53,17,0,70
2022-07-04T19:56:00,53,17,0,70
2022-07-04T20:06:29,53,17,0,70
2022-07-04T20:16:57,53,17,0,70
2022-07-04T20:27:26,53,17,0,70
2022-07-04T20:37:54,53,17,0,70
2022-07-04T20:48:33,53,17,0,70
2022-07-04T20:59:02,53,17,0,70
2022-07-04T21:09:31,53,17,0,70
2022-07-04T21:19:59,53,17,0,70
2022-07-04T21:30:28,53,17,0,70
2022-07-04T21:40:56,53,17,0,70
2022-07-04T21:51:25,53,17,0,70
2022-07-04T22:01:54,53,17,0,70
2022-07-04T22:12:23,53,17,0,70
2022-07-04T22:22:51,53,17,0,70
2022-07-04T22:33:21,53,17,0,70
2022-07-04T22:43:50,53,17,0,70
2022-07-04T22:54:18,53,17,0,70
2022-07-04T23:04:59,53,17,0,70
2022-07-04T23:15:28,53,17,0,70
2022-07-04T23:25:58,53,17,0,70
2022-07-04T23:36:27,53,17,0,70
2022-07-04T23:46:58,53,17,0,70
2022-07-04T23:57:27,53,17,0,70
2022-07-05T00:07:58,53,17,0,70
2022-07-05T00:18:30,53,17,0,70
2022-07-05T00:28:59,53,17,0,70
2022-07-05T00:39:29,53,17,0,70
2022-07-05T00:50:00,53,17,0,70
2022-07-05T01:00:30,53,17,0,70
2022-07-05T01:11:10,53,17,0,70
2022-07-05T01:21:40,53,17,0,70
2022-07-05T01:32:12,53,17,0,70
2022-07-05T01:42:41,53,17,0,70
2022-07-05T01:53:11,53,17,0,70
2022-07-05T02:03:53,53,17,0,70
2022-07-05T02:14:23,53,17,0,70
2022-07-05T02:24:53,53,17,0,70
2022-07-05T02:35:25,53,17,0,70
2022-07-05T02:45:55,53,17,0,70
2022-07-05T02:56:24,53,17,0,70
2022-07-05T03:06:56,53,17,0,70
2022-07-05T03:17:35,53,17,0,70
2022-07-05T03:28:05,53,17,0,70
2022-07-05T03:38:41,53,17,0,70
2022-07-05T03:49:22,53,17,0,70
2022-07-05T03:59:59,53,17,0,70
2022-07-05T04:12:42,53,17,0,70
2022-07-05T04:25:48,53,17,0,70
2022-07-05T04:36:49,53,17,0,70
2022-07-05T04:47:26,53,17,0,70
2022-07-05T04:58:02,53,17,0,70
2022-07-05T05:08:38,53,17,0,70
2022-07-05T05:19:12,53,17,0,70
2022-07-05T05:29:45,53,17,0,70
2022-07-05T05:40:20,53,17,0,70
2022-07-05T05:50:50,53,17,0,70
2022-07-05T06:01:21,53,17,0,70
2022-07-05T06:11:51,53,17,0,70
2022-07-05T06:22:22,53,17,0,70
2022-07-05T06:32:52,53,17,0,70
2022-07-05T06:43:21,53,17,0,70
2022-07-05T06:53:50,53,17,0,70
2022-07-05T07:04:20,53,17,0,70
2022-07-05T07:14:49,53,17,0,70
2022-07-05T07:25:19,53,17,0,70
2022-07-05T07:35:48,53,17,0,70
2022-07-05T07:46:18,53,17,0,70
2022-07-05T07:56:48,53,17,0,70
2022-07-05T08:07:17,53,17,0,70
2022-07-05T08:17:48,53,17,0,70
2022-07-05T08:28:19,53,17,0,70
2022-07-05T08:39:00,53,17,0,70
2022-07-05T08:49:30,53,17,0,70
2022-07-05T09:00:01,53,17,0,70
2022-07-05T09:10:32,53,17,0,70
2022-07-05T09:21:03,53,17,0,70
2022-07-05T09:31:34,53,17,0,70
2022-07-05T09:42:06,53,17,0,70
2022-07-05T09:52:36,53,17,0,70
2022-07-05T10:03:07,53,17,0,70
2022-07-05T10:13:38,53,17,0,70
2022-07-05T10:24:10,53,17,0,70
2022-07-05T10:34:41,53,17,0,70
2022-07-05T10:45:12,53,17,0,70
2022-07-05T10:55:43,53,17,0,70
2022-07-05T11:06:13,53,17,0,70
2022-07-05T11:16:45,53,17,0,70
2022-07-05T11:27:26,53,17,0,70
2022-07-05T11:37:57,53,17,0,70
2022-07-05T11:48:28,53,17,0,70
2022-07-05T11:58:58,53,17,0,70
2022-07-05T12:09:29,53,17,0,70
2022-07-05T12:20:00,53,17,0,70
2022-07-05T12:30:31,53,17,0,70
2022-07-05T12:41:01,53,17,0,70
2022-07-05T12:51:32,53,17,0,70
2022-07-05T13:02:02,53,17,0,70
2022-07-05T13:12:33,53,17,0,70
2022-07-05T13:23:04,53,17,0,70
2022-07-05T13:33:45,53,17,0,70
2022-07-05T13:44:18,53,17,0,70
2022-07-05T13:54:49,53,17,0,70
2022-07-05T14:05:20,53,17,0,70
2022-07-05T14:15:51,53,17,0,70
2022-07-05T14:26:23,53,17,0,70
2022-07-05T14:36:53,53,17,0,70
2022-07-05T14:47:24,53,17,0,70
2022-07-05T14:58:05,53,17,0,70
2022-07-05T15:08:36,53,17,0,70
2022-07-05T15:19:07,53,17,0,70
2022-07-05T15:29:38,53,17,0,70
2022-07-05T15:40:09,53,17,0,70
2022-07-05T15:50:40,53,17,0,70
2022-07-05T16:01:12,53,17,0,70
2022-07-05T16:11:43,53,17,0,70
2022-07-05T16:22:14,53,17,0,70
2022-07-05T16:32:45,53,17,0,70
2022-07-05T16:43:16,53,17,0,70
2022-07-05T16:53:56,53,17,0,70
2022-07-05T17:04:27,53,17,0,70
2022-07-05T17:14:58,53,17,0,70
2022-07-05T17:25:28,53,17,0,70
2022-07-05T17:35:58,53,17,0,70
2022-07-05T17:46:30,53,17,0,70
2022-07-05T17:57:01,53,17,0,70
2022-07-05T18:07:31,53,17,0,70
2022-07-05T18:18:01,53,17,0,70
2022-07-05T18:28:31,53,17,0,70
2022-07-05T18:39:01,53,17,0,70
2022-07-05T18:49:34,53,17,0,70
2022-07-05T19:00:13,53,17,0,70
2022-07-05T19:10:43,53,17,0,70
2022-07-05T19:21:14,53,17,0,70
2022-07-05T19:31:45,53,17,0,70
2022-07-05T19:42:15,53,17,0,70
2022-07-05T19:52:45,53,17,0,70
2022-07-05T20:03:15,53,17,0,70
2022-07-05T20:13:46,53,17,0,70
2022-07-05T20:24:15,53,17,0,70
2022-07-05T20:34:45,53,17,0,70
2022-07-05T20:45:15,53,17,0,70
2022-07-05T20:55:45,53,17,0,70
2022-07-05T21:06:15,53,17,0,70
2022-07-05T21:16:44,53,17,0,70
2022-07-05T21:27:14,53,17,0,70
2022-07-05T21:37:43,53,17,0,70
2022-07-05T21:48:13,53,17,0,70
2022-07-05T21:58:44,53,17,0,70
2022-07-05T22:09:24,53,17,0,70
2022-07-05T22:19:53,53,17,0,70
2022-07-05T22:30:24,53,17,0,70
2022-07-05T22:40:54,53,17,0,70
2022-07-05T22:51:23,53,17,0,70
2022-07-05T23:01:53,53,17,0,70
2022-07-05T23:12:23,53,17,0,70
2022-07-05T23:22:54,53,17,0,70
2022-07-05T23:33:24,53,17,0,70
2022-07-05T23:43:54,53,17,0,70
2022-07-05T23:54:24,53,17,0,70
2022-07-06T00:04:55,53,17,0,70
2022-07-06T00:15:26,53,17,0,70
2022-07-06T00:25:59,53,17,0,70
2022-07-06T00:36:31,53,17,0,70
2022-07-06T00:47:03,53,17,0,70
2022-07-06T00:57:36,53,17,0,70
2022-07-06T01:08:08,53,17,0,70
2022-07-06T01:18:50,53,17,0,70
2022-07-06T01:29:23,53,17,0,70
2022-07-06T01:39:54,53,17,0,70
2022-07-06T01:50:25,53,17,0,70
2022-07-06T02:00:57,53,17,0,70
2022-07-06T02:11:27,53,17,0,70
2022-07-06T02:21:58,53,17,0,70
2022-07-06T02:32:28,53,17,0,70
2022-07-06T02:43:01,53,17,0,70
2022-07-06T02:53:50,53,17,0,70
2022-07-06T03:04:23,53,17,0,70
2022-07-06T03:14:54,53,17,0,70
2022-07-06T03:25:25,53,17,0,70
2022-07-06T03:35:56,53,17,0,70
2022-07-06T03:46:28,53,17,0,70
2022-07-06T03:57:01,53,17,0,70
2022-07-06T04:07:33,53,17,0,70
2022-07-06T04:24:04,53,17,0,70
2022-07-06T04:34:38,53,17,0,70
2022-07-06T04:45:11,53,17,0,70
2022-07-06T04:56:56,53,17,0,70
2022-07-06T05:07:48,53,17,0,70
2022-07-06T05:18:21,53,17,0,70
2022-07-06T05:28:54,53,17,0,70
2022-07-06T05:39:26,53,17,0,70
2022-07-06T05:49:57,53,17,0,70
2022-07-06T06:00:29,53,17,0,70
2022-07-06T06:11:01,53,17,0,70
2022-07-06T06:21:34,53,17,0,70
2022-07-06T06:32:06,53,17,0,70
2022-07-06T06:42:37,53,17,0,70
2022-07-06T06:53:07,53,17,0,70
2022-07-06T07:03:37,53,17,0,70
2022-07-06T07:14:08,53,17,0,70
2022-07-06T07:24:38,53,17,0,70
2022-07-06T07:35:08,53,17,0,70
2022-07-06T07:45:39,53,17,0,70
2022-07-06T07:56:08,53,17,0,70
2022-07-06T08:06:39,53,17,0,70
2022-07-06T08:17:09,53,17,0,70
2022-07-06T08:27:40,53,17,0,70
2022-07-06T08:38:10,53,17,0,70
2022-07-06T08:48:42,53,17,0,70
2022-07-06T08:59:13,53,17,0,70
2022-07-06T09:09:44,53,17,0,70
2022-07-06T09:20:16,53,17,0,70
2022-07-06T09:30:50,53,17,0,70
2022-07-06T09:41:21,53,17,0,70
2022-07-06T09:51:54,53,17,0,70
2022-07-06T10:02:38,53,17,0,70
2022-07-06T10:13:09,53,17,0,70
2022-07-06T10:23:41,53,17,0,70
2022-07-06T10:34:12,53,17,0,70
2022-07-06T10:44:44,53,17,0,70
2022-07-06T10:55:15,53,17,0,70
2022-07-06T11:05:48,53,17,0,70
2022-07-06T11:16:20,53,17,0,70
2022-07-06T11:26:51,53,17,0,70
2022-07-06T11:37:23,53,17,0,70
2022-07-06T11:47:55,53,17,0,70
2022-07-06T11:58:26,53,17,0,70
2022-07-06T12:09:10,53,17,0,70
2022-07-06T12:19:41,53,17,0,70
2022-07-06T12:30:12,53,17,0,70
2022-07-06T12:40:43,53,17,0,70
2022-07-06T12:51:14,53,17,0,70
2022-07-06T13:01:45,53,17,0,70
2022-07-06T13:12:16,53,17,0,70
2022-07-06T13:22:47,53,17,0,70
2022-07-06T13:33:19,53,17,0,70
2022-07-06T13:43:51,53,17,0,70
2022-07-06T13:54:23,53,17,0,70
2022-07-06T14:04:56,53,17,0,70
2022-07-06T14:15:29,53,17,0,70
2022-07-06T14:26:13,53,17,0,70
2022-07-06T14:36:45,53,17,0,70
2022-07-06T14:47:16,53,17,0,70
2022-07-06T14:57:48,53,17,0,70
2022-07-06T15:08:20,53,17,0,70
2022-07-06T15:18:52,53,17,0,70
2022-07-06T15:29:24,53,17,0,70
2022-07-06T15:39:55,53,17,0,70
2022-07-06T15:50:27,53,17,0,70
2022-07-06T16:00:58,53,17,0,70
2022-07-06T16:11:29,53,17,0,70
2022-07-06T16:22:10,53,17,0,70
2022-07-06T16:32:41,53,17,0,70
2022-07-06T16:43:11,53,17,0,70
2022-07-06T16:53:41,53,17,0,70
2022-07-06T17:04:12,53,17,0,70
2022-07-06T17:14:43,53,17,0,70
2022-07-06T17:25:13,53,17,0,70
2022-07-06T17:35:44,53,17,0,70
2022-07-06T17:46:14,53,17,0,70
2022-07-06T17:56:44,53,17,0,70
2022-07-06T18:07:15,53,17,0,70
2022-07-06T18:17:46,53,17,0,70
2022-07-06T18:28:17,53,17,0,70
2022-07-06T18:38:47,53,17,0,70
2022-07-06T18:49:17,53,17,0,70
2022-07-06T18:59:58,53,17,0,70
2022-07-06T19:10:29,53,17,0,70
2022-07-06T19:20:59,53,17,0,70
2022-07-06T19:31:30,53,17,0,70
2022-07-06T19:42:00,53,17,0,70
2022-07-06T19:52:29,53,17,0,70
2022-07-06T20:02:59,53,17,0,70
2022-07-06T20:13:29,53,17,0,70
2022-07-06T20:23:58,53,17,0,70
2022-07-06T20:34:29,53,17,0,70
2022-07-06T20:44:59,53,17,0,70
2022-07-06T20:55:28,53,17,0,70
2022-07-06T21:05:59,53,17,0,70
2022-07-06T21:16:28,53,17,0,70
2022-07-06T21:26:58,53,17,0,70
2022-07-06T21:37:28,53,17,0,70
2022-07-06T21:47:57,53,17,0,70
2022-07-06T21:58:27,53,17,0,70
2022-07-06T22:08:57,53,17,0,70
2022-07-06T22:19:27,53,17,0,70
2022-07-06T22:29:56,53,17,0,70
2022-07-06T22:40:26,53,17,0,70
2022-07-06T22:50:56,53,17,0,70
2022-07-06T23:01:26,53,17,0,70
2022-07-06T23:12:10,53,17,0,70
2022-07-06T23:22:40,53,17,0,70
2022-07-06T23:33:11,53,17,0,70
2022-07-06T23:43:40,53,17,0,70
2022-07-06T23:54:10,53,17,0,70
2022-07-07T00:04:40,53,17,0,70
2022-07-07T00:15:12,53,17,0,70
2022-07-07T00:25:44,53,17,0,70
2022-07-07T00:36:15,53,17,0,70
2022-07-07T00:46:48,53,17,0,70
2022-07-07T00:57:20,53,17,0,70
2022-07-07T01:07:52,53,17,0,70
2022-07-07T01:18:23,53,17,0,70
2022-07-07T01:28:55,53,17,0,70
2022-07-07T01:39:27,53,17,0,70
2022-07-07T01:49:59,53,17,0,70
2022-07-07T02:00:30,53,17,0,70
2022-07-07T02:11:01,53,17,0,70
2022-07-07T02:21:31,53,17,0,70
2022-07-07T02:32:01,53,17,0,70
2022-07-07T02:42:31,53,17,0,70
2022-07-07T02:53:00,53,17,0,70
2022-07-07T03:03:29,53,17,0,70
2022-07-07T03:13:59,53,17,0,70
2022-07-07T03:24:27,53,17,0,70
2022-07-07T03:34:56,53,17,0,70
2022-07-07T03:45:25,53,17,0,70
2022-07-07T03:58:02,53,17,0,70
2022-07-07T04:08:43,53,17,0,70
2022-07-07T04:19:46,53,17,0,70
2022-07-07T04:30:38,53,17,0,70
2022-07-07T04:41:09,53,17,0,70
2022-07-07T04:51:39,53,17,0,70
2022-07-07T05:02:09,53,17,0,70
2022-07-07T05:12:39,53,17,0,70
2022-07-07T05:23:09,53,17,0,70
2022-07-07T05:33:39,53,17,0,70
2022-07-07T05:44:11,53,17,0,70
2022-07-07T05:54:44,53,17,0,70
2022-07-07T06:05:18,53,17,0,70
2022-07-07T06:15:51,53,17,0,70
2022-07-07T06:26:25,53,17,0,70
2022-07-07T06:36:58,53,17,0,70
2022-07-07T06:47:31,53,17,0,70
2022-07-07T06:58:05,53,17,0,70
2022-07-07T07:08:39,53,17,0,70
2022-07-07T07:19:13,53,17,0,70
2022-07-07T07:29:46,53,17,0,70
2022-07-07T07:40:19,53,17,0,70
2022-07-07T07:51:02,53,17,0,70
2022-07-07T08:01:45,53,17,0,70
2022-07-07T08:12:28,53,17,0,70
2022-07-07T08:23:12,53,17,0,70
2022-07-07T08:33:55,53,17,0,70
2022-07-07T08:44:46,53,17,0,70
2022-07-07T08:55:29,53,17,0,70
2022-07-07T09:06:13,53,17,0,70
2022-07-07T09:17:02,53,17,0,70
2022-07-07T09:27:41,53,17,0,70
2022-07-07T09:38:20,53,17,0,70
2022-07-07T09:49:01,53,17,0,70
2022-07-07T09:59:42,53,17,0,70
2022-07-07T10:10:22,53,17,0,70
2022-07-07T10:21:01,53,17,0,70
2022-07-07T10:31:40,53,17,0,70
2022-07-07T10:42:21,53,17,0,70
2022-07-07T10:53:00,53,17,0,70
2022-07-07T11:03:41,53,17,0,70
2022-07-07T11:14:30,53,17,0,70
2022-07-07T11:25:07,53,17,0,70
2022-07-07T11:35:43,53,17,0,70
2022-07-07T11:46:17,53,17,0,70
2022-07-07T11:56:50,53,17,0,70
2022-07-07T12:07:22,53,17,0,70
2022-07-07T12:17:53,53,17,0,70
2022-07-07T12:28:24,53,17,0,70
2022-07-07T12:38:56,53,17,0,70
2022-07-07T12:49:27,53,17,0,70
2022-07-07T13:00:08,53,17,0,70
2022-07-07T13:10:39,53,17,0,70
2022-07-07T13:21:10,53,17,0,70
2022-07-07T13:31:43,53,17,0,70
2022-07-07T13:42:15,53,17,0,70
2022-07-07T13:52:47,53,17,0,70
2022-07-07T14:03:20,53,17,0,70
2022-07-07T14:13:51,53,17,0,70
2022-07-07T14:24:24,53,17,0,70
2022-07-07T14:34:55,53,17,0,70
2022-07-07T14:45:29,53,17,0,70
2022-07-07T14:56:11,53,17,0,70
2022-07-07T15:06:43,53,17,0,70
2022-07-07T15:17:15,53,17,0,70
2022-07-07T15:27:47,53,17,0,70
2022-07-07T15:38:18,53,17,0,70
2022-07-07T15:48:50,53,17,0,70
2022-07-07T15:59:31,53,17,0,70
2022-07-07T16:10:03,53,17,0,70
2022-07-07T16:20:34,53,17,0,70
2022-07-07T16:31:04,53,17,0,70
2022-07-07T16:41:36,53,17,0,70
2022-07-07T16:52:07,53,17,0,70
2022-07-07T17:02:38,53,17,0,70
2022-07-07T17:13:10,53,17,0,70
2022-07-07T17:23:43,53,17,0,70
2022-07-07T17:34:14,53,17,0,70
2022-07-07T17:44:45,53,17,0,70
2022-07-07T17:55:27,53,17,0,70
2022-07-07T18:05:58,53,17,0,70
2022-07-07T18:16:29,53,17,0,70
2022-07-07T18:26:59,53,17,0,70
2022-07-07T18:37:29,53,17,0,70
2022-07-07T18:47:59,53,17,0,70
2022-07-07T18:58:29,53,17,0,70
2022-07-07T19:09:00,53,17,0,70
2022-07-07T19:19:30,53,17,0,70
2022-07-07T19:30:00,53,17,0,70
2022-07-07T19:40:31,53,17,0,70
2022-07-07T19:51:01,53,17,0,70
2022-07-07T20:01:32,53,17,0,70
2022-07-07T20:12:02,53,17,0,70
2022-07-07T20:22:32,53,17,0,70
2022-07-07T20:33:02,53,17,0,70
2022-07-07T20:43:32,53,17,0,70
2022-07-07T20:54:02,53,17,0,70
2022-07-07T21:04:43,53,17,0,70
2022-07-07T21:15:13,53,17,0,70
2022-07-07T21:25:43,53,17,0,70
2022-07-07T21:36:13,53,17,0,70
2022-07-07T21:46:43,53,17,0,70
2022-07-07T21:57:14,53,17,0,70
2022-07-07T22:07:55,53,17,0,70
2022-07-07T22:18:27,53,17,0,70
2022-07-07T22:28:58,53,17,0,70
2022-07-07T22:39:28,53,17,0,70
2022-07-07T22:49:58,53,17,0,70
2022-07-07T23:00:28,53,17,0,70
2022-07-07T23:10:59,53,17,0,70
2022-07-07T23:21:30,53,17,0,70
2022-07-07T23:32:01,53,17,0,70
2022-07-07T23:42:31,53,17,0,70
2022-07-07T23:53:02,53,17,0,70
2022-07-08T00:03:32,53,17,0,70
2022-07-08T00:14:04,53,17,0,70
2022-07-08T00:24:37,53,17,0,70
2022-07-08T00:35:09,53,17,0,70
2022-07-08T00:45:42,53,17,0,70
2022-07-08T00:56:25,53,17,0,70
2022-07-08T01:06:59,53,17,0,70
2022-07-08T01:17:33,53,17,0,70
2022-07-08T01:28:06,53,17,0,70
2022-07-08T01:38:38,53,17,0,70
2022-07-08T01:49:10,53,17,0,70
2022-07-08T01:59:41,53,17,0,70
2022-07-08T02:10:13,53,17,0,70
2022-07-08T02:20:47,53,17,0,70
2022-07-08T02:31:29,53,17,0,70
2022-07-08T02:42:02,53,17,0,70
2022-07-08T02:52:34,53,17,0,70
2022-07-08T03:03:07,53,17,0,70
2022-07-08T03:13:39,53,17,0,70
2022-07-08T03:24:10,53,17,0,70
2022-07-08T03:34:41,53,17,0,70
2022-07-08T03:45:52,53,17,0,70
2022-07-08T03:58:11,53,17,0,70
2022-07-08T04:08:44,53,17,0,70
2022-07-08T04:24:25,53,17,0,70
2022-07-08T04:35:21,53,17,0,70
2022-07-08T04:45:54,53,17,0,70
2022-07-08T04:56:28,53,17,0,70
2022-07-08T05:07:02,53,17,0,70
2022-07-08T05:17:38,53,17,0,70
2022-07-08T05:28:11,53,17,0,70
2022-07-08T05:38:45,53,17,0,70
2022-07-08T05:49:17,53,17,0,70
2022-07-08T05:59:51,53,17,0,70
2022-07-08T06:10:25,53,17,0,70
2022-07-08T06:20:57,53,17,0,70
2022-07-08T06:31:29,53,17,0,70
2022-07-08T06:42:00,53,17,0,70
2022-07-08T06:52:30,53,17,0,70
2022-07-08T07:03:01,53,17,0,70
2022-07-08T07:13:32,53,17,0,70
2022-07-08T07:24:03,53,17,0,70
2022-07-08T07:34:34,53,17,0,70
2022-07-08T07:45:05,53,17,0,70
2022-07-08T07:55:39,53,17,0,70
2022-07-08T08:06:09,53,17,0,70
2022-07-08T08:16:40,53,17,0,70
2022-07-08T08:27:11,53,17,0,70
2022-07-08T08:37:42,53,17,0,70
2022-07-08T08:48:13,53,17,0,70
2022-07-08T08:58:44,53,17,0,70
2022-07-08T09:09:15,53,17,0,70
2022-07-08T09:19:56,53,17,0,70
2022-07-08T09:30:27,53,17,0,70
2022-07-08T09:40:58,53,17,0,70
2022-07-08T09:51:32,53,17,0,70
2022-07-08T10:02:04,53,17,0,70
2022-07-08T10:12:35,53,17,0,70
2022-07-08T10:23:06,53,17,0,70
2022-07-08T10:33:37,53,17,0,70
2022-07-08T10:44:08,53,17,0,70
2022-07-08T10:54:40,53,17,0,70
2022-07-08T11:05:11,53,17,0,70
2022-07-08T11:15:43,53,17,0,70
2022-07-08T11:26:14,53,17,0,70
2022-07-08T11:36:45,53,17,0,70
2022-07-08T11:47:17,53,17,0,70
2022-07-08T11:58:01,53,17,0,70
2022-07-08T12:08:32,53,17,0,70
2022-07-08T12:19:03,53,17,0,70
2022-07-08T12:29:34,53,17,0,70
2022-07-08T12:40:05,53,17,0,70
2022-07-08T12:50:37,53,17,0,70
2022-07-08T13:01:09,53,17,0,70
2022-07-08T13:11:43,53,17,0,70
2022-07-08T13:22:16,53,17,0,70
2022-07-08T13:32:49,53,17,0,70
2022-07-08T13:43:31,53,17,0,70
2022-07-08T13:54:03,53,17,0,70
2022-07-08T14:04:35,53,17,0,70
2022-07-08T14:15:07,53,17,0,70
2022-07-08T14:25:38,53,17,0,70
2022-07-08T14:36:09,53,17,0,70
2022-07-08T14:46:41,53,17,0,70
2022-07-08T14:57:12,53,17,0,70
2022-07-08T15:07:43,53,17,0,70
2022-07-08T15:18:14,53,17,0,70
2022-07-08T15:28:56,53,17,0,70
2022-07-08T15:39:27,53,17,0,70
2022-07-08T15:49:59,53,17,0,70
2022-07-08T16:00:30,53,17,0,70
2022-07-08T16:11:00,53,17,0,70
2022-07-08T16:21:30,53,17,0,70
2022-07-08T16:32:01,53,17,0,70
2022-07-08T16:42:32,53,17,0,70
2022-07-08T16:53:02,53,17,0,70
2022-07-08T17:03:32,53,17,0,70
2022-07-08T17:14:04,53,17,0,70
2022-07-08T17:24:34,53,17,0,70
2022-07-08T17:35:15,53,17,0,70
2022-07-08T17:45:45,53,17,0,70
2022-07-08T17:56:15,53,17,0,70
2022-07-08T18:06:47,53,17,0,70
2022-07-08T18:17:18,53,17,0,70
2022-07-08T18:27:48,53,17,0,70
2022-07-08T18:38:18,53,17,0,70
2022-07-08T18:48:48,53,17,0,70
2022-07-08T18:59:18,53,17,0,70
2022-07-08T19:09:49,53,17,0,70
2022-07-08T19:20:20,53,17,0,70
2022-07-08T19:30:51,53,17,0,70
2022-07-08T19:41:22,53,17,0,70
2022-07-08T19:51:51,53,17,0,70
2022-07-08T20:02:33,53,17,0,70
2022-07-08T20:13:03,53,17,0,70
2022-07-08T20:23:33,53,17,0,70
2022-07-08T20:34:03,53,17,0,70
2022-07-08T20:44:32,53,17,0,70
2022-07-08T20:55:03,53,17,0,70
2022-07-08T21:05:33,53,17,0,70
2022-07-08T21:16:03,53,17,0,70
2022-07-08T21:26:33,53,17,0,70
2022-07-08T21:37:03,53,17,0,70
2022-07-08T21:47:33,53,17,0,70
2022-07-08T21:58:05,53,17,0,70
2022-07-08T22:08:35,53,17,0,70
2022-07-08T22:19:05,53,17,0,70
2022-07-08T22:29:35,53,17,0,70
2022-07-08T22:40:06,53,17,0,70
2022-07-08T22:50:50,53,17,0,70
2022-07-08T23:01:31,53,17,0,70
2022-07-08T23:12:01,53,17,0,70
2022-07-08T23:22:32,53,17,0,70
2022-07-08T23:33:02,53,17,0,70
2022-07-08T23:43:32,53,17,0,70
2022-07-08T23:54:02,53,17,0,70
2022-07-09T00:04:33,53,17,0,70
2022-07-09T00:15:05,53,17,0,70
2022-07-09T00:25:37,53,17,0,70
2022-07-09T00:36:09,53,17,0,70
2022-07-09T00:46:41,53,17,0,70
2022-07-09T00:57:15,53,17,0,70
2022-07-09T01:07:47,53,17,0,70
2022-07-09T01:18:21,53,17,0,70
2022-07-09T01:28:53,53,17,0,70
2022-07-09T01:39:26,53,17,0,70
2022-07-09T01:49:58,53,17,0,70
2022-07-09T02:00:31,53,17,0,70
2022-07-09T02:11:03,53,17,0,70
2022-07-09T02:21:42,53,17,0,70
2022-07-09T02:32:12,53,17,0,70
2022-07-09T02:42:41,53,17,0,70
2022-07-09T02:53:11,53,17,0,70
2022-07-09T03:03:41,53,17,0,70
2022-07-09T03:14:11,53,17,0,70
2022-07-09T03:24:40,53,17,0,70
2022-07-09T03:35:10,53,17,0,70
2022-07-09T03:45:41,53,17,0,70
2022-07-09T03:56:13,53,17,0,70
2022-07-09T04:06:46,53,17,0,70
2022-07-09T04:25:33,53,17,0,70
2022-07-09T04:36:08,53,17,0,70
2022-07-09T04:46:42,53,17,0,70
2022-07-09T04:57:15,53,17,0,70
2022-07-09T05:07:49,53,17,0,70
2022-07-09T05:18:34,53,17,0,70
2022-07-09T05:29:07,53,17,0,70
2022-07-09T05:39:40,53,17,0,70
2022-07-09T05:50:15,53,17,0,70
2022-07-09T06:00:48,53,17,0,70
2022-07-09T06:11:21,53,17,0,70
2022-07-09T06:21:53,53,17,0,70
2022-07-09T06:32:25,53,17,0,70
2022-07-09T06:42:58,53,17,0,70
2022-07-09T06:53:30,53,17,0,70
2022-07-09T07:04:02,53,17,0,70
2022-07-09T07:14:35,53,17,0,70
2022-07-09T07:25:08,53,17,0,70
2022-07-09T07:35:40,53,17,0,70
2022-07-09T07:46:14,53,17,0,70
2022-07-09T07:56:48,53,17,0,70
2022-07-09T08:07:22,53,17,0,70
2022-07-09T08:17:55,53,17,0,70
2022-07-09T08:28:27,53,17,0,70
2022-07-09T08:39:00,53,17,0,70
2022-07-09T08:57:17,53,17,0,70
2022-07-09T09:18:02,53,17,0,70
2022-07-09T09:39:28,53,17,0,70
2022-07-09T10:01:07,53,17,0,70
2022-07-09T10:22:03,53,17,0,70
2022-07-09T10:38:11,53,17,0,70
2022-07-09T10:48:43,53,17,0,70
2022-07-09T10:59:14,53,17,0,70
2022-07-09T11:09:44,53,17,0,70
2022-07-09T11:20:14,53,17,0,70
2022-07-09T11:30:44,53,17,0,70
2022-07-09T11:41:23,53,17,0,70
2022-07-09T11:51:53,53,17,0,70
2022-07-09T12:02:25,53,17,0,70
2022-07-09T12:12:55,53,17,0,70
2022-07-09T12:23:25,53,17,0,70
2022-07-09T12:33:55,53,17,0,70
2022-07-09T12:44:25,53,17,0,70
2022-07-09T12:54:55,53,17,0,70
2022-07-09T13:05:27,53,17,0,70
2022-07-09T13:15:57,53,17,0,70
2022-07-09T13:26:30,53,17,0,70
2022-07-09T13:37:00,53,17,0,70
2022-07-09T13:47:31,53,17,0,70
2022-07-09T13:58:06,53,17,0,70
2022-07-09T14:08:52,53,17,0,70
2022-07-09T14:19:30,53,17,0,70
2022-07-09T14:30:06,53,17,0,70
2022-07-09T14:40:42,53,17,0,70
2022-07-09T14:51:19,53,17,0,70
2022-07-09T15:01:56,53,17,0,70
2022-07-09T15:12:32,53,17,0,70
2022-07-09T15:23:09,53,17,0,70
2022-07-09T15:33:42,53,17,0,70
2022-07-09T15:44:15,53,17,0,70
2022-07-09T15:54:48,53,17,0,70
2022-07-09T16:05:26,53,17,0,70
2022-07-09T16:15:56,53,17,0,70
2022-07-09T16:26:27,53,17,0,70
2022-07-09T16:36:57,53,17,0,70
2022-07-09T16:47:27,53,17,0,70
2022-07-09T16:57:57,53,17,0,70
2022-07-09T17:08:38,53,17,0,70
2022-07-09T17:19:08,53,17,0,70
2022-07-09T17:29:39,53,17,0,70
2022-07-09T17:40:10,53,17,0,70
2022-07-09T17:50:40,53,17,0,70
2022-07-09T18:01:10,53,17,0,70
2022-07-09T18:11:39,53,17,0,70
2022-07-09T18:22:09,53,17,0,70
2022-07-09T18:32:39,53,17,0,70
2022-07-09T18:43:08,53,17,0,70
2022-07-09T18:53:38,53,17,0,70
2022-07-09T19:04:08,53,17,0,70
2022-07-09T19:14:38,53,17,0,70
2022-07-09T19:25:07,53,17,0,70
2022-07-09T19:35:37,53,17,0,70
2022-07-09T19:46:16,53,17,0,70
2022-07-09T19:56:46,53,17,0,70
2022-07-09T20:07:15,53,17,0,70
2022-07-09T20:17:45,53,17,0,70
2022-07-09T20:28:15,53,17,0,70
2022-07-09T20:38:45,53,17,0,70
2022-07-09T20:49:15,53,17,0,70
2022-07-09T20:59:44,53,17,0,70
2022-07-09T21:10:14,53,17,0,70
2022-07-09T21:20:44,53,17,0,70
2022-07-09T21:31:14,53,17,0,70
2022-07-09T21:41:44,53,17,0,70
2022-07-09T21:52:15,53,17,0,70
2022-07-09T22:02:46,53,17,0,70
2022-07-09T22:13:15,53,17,0,70
2022-07-09T22:23:45,53,17,0,70
2022-07-09T22:34:24,53,17,0,70
2022-07-09T22:44:54,53,17,0,70
2022-07-09T22:55:23,53,17,0,70
2022-07-09T23:05:54,53,17,0,70
2022-07-09T23:16:25,53,17,0,70
2022-07-09T23:26:56,53,17,0,70
2022-07-09T23:37:25,53,17,0,70
2022-07-09T23:47:55,53,17,0,70
2022-07-09T23:58:28,53,17,0,70
2022-07-10T00:08:58,53,17,0,70
2022-07-10T00:19:31,53,17,0,70
2022-07-10T00:30:02,53,17,0,70
2022-07-10T00:40:32,53,17,0,70
2022-07-10T00:51:02,53,17,0,70
2022-07-10T01:01:32,53,17,0,70
2022-07-10T01:12:02,53,17,0,70
2022-07-10T01:22:33,53,17,0,70
2022-07-10T01:33:02,53,17,0,70
2022-07-10T01:43:32,53,17,0,70
2022-07-10T01:54:02,53,17,0,70
2022-07-10T02:04:31,53,17,0,70
2022-07-10T02:15:01,53,17,0,70
2022-07-10T02:25:41,53,17,0,70
2022-07-10T02:36:14,53,17,0,70
2022-07-10T02:46:47,53,17,0,70
2022-07-10T02:57:20,53,17,0,70
2022-07-10T03:08:00,53,17,0,70
2022-07-10T03:18:32,53,17,0,70
2022-07-10T03:29:07,53,17,0,70
2022-07-10T03:39:40,53,17,0,70
2022-07-10T03:50:13,53,17,0,70
2022-07-10T04:00:46,53,17,0,70
2022-07-10T04:11:19,53,17,0,70
2022-07-10T04:26:57,53,17,0,70
2022-07-10T04:37:53,53,17,0,70
2022-07-10T04:48:26,53,17,0,70
2022-07-10T04:58:59,53,17,0,70
2022-07-10T05:09:36,53,17,0,70
2022-07-10T05:20:09,53,17,0,70
2022-07-10T05:30:42,53,17,0,70
2022-07-10T05:41:14,53,17,0,70
2022-07-10T05:51:48,53,17,0,70
2022-07-10T06:02:21,53,17,0,70
2022-07-10T06:12:54,53,17,0,70
2022-07-10T06:23:27,53,17,0,70
2022-07-10T06:34:00,53,17,0,70
2022-07-10T06:44:31,53,17,0,70
2022-07-10T06:55:03,53,17,0,70
2022-07-10T07:05:33,53,17,0,70
2022-07-10T07:16:04,53,17,0,70
2022-07-10T07:26:35,53,17,0,70
2022-07-10T07:37:05,53,17,0,70
2022-07-10T07:47:36,53,17,0,70
2022-07-10T07:58:06,53,17,0,70
2022-07-10T08:08:37,53,17,0,70
2022-07-10T08:19:07,53,17,0,70
2022-07-10T08:29:39,53,17,0,70
2022-07-10T08:40:20,53,17,0,70
2022-07-10T08:50:50,53,17,0,70
2022-07-10T09:01:20,53,17,0,70
2022-07-10T09:11:50,53,17,0,70
2022-07-10T09:22:20,53,17,0,70
2022-07-10T09:32:50,53,17,0,70
2022-07-10T09:43:20,53,17,0,70
2022-07-10T09:53:50,53,17,0,70
2022-07-10T10:04:21,53,17,0,70
2022-07-10T10:14:51,53,17,0,70
2022-07-10T10:25:23,53,17,0,70
2022-07-10T10:35:53,53,17,0,70
2022-07-10T10:46:24,53,17,0,70
2022-07-10T10:57:05,53,17,0,70
2022-07-10T11:07:36,53,17,0,70
2022-07-10T11:18:12,53,17,0,70
2022-07-10T11:28:42,53,17,0,70
2022-07-10T11:39:13,53,17,0,70
2022-07-10T11:49:45,53,17,0,70
2022-07-10T12:00:16,53,17,0,70
2022-07-10T12:10:46,53,17,0,70
2022-07-10T12:21:16,53,17,0,70
2022-07-10T12:31:46,53,17,0,70
2022-07-10T12:42:16,53,17,0,70
2022-07-10T12:52:46,53,17,0,70
2022-07-10T13:03:16,53,17,0,70
2022-07-10T13:13:47,53,17,0,70
2022-07-10T13:24:17,53,17,0,70
2022-07-10T13:34:47,53,17,0,70
2022-07-10T13:45:27,53,17,0,70
2022-07-10T13:55:57,53,17,0,70
2022-07-10T14:06:27,53,17,0,70
2022-07-10T14:16:57,53,17,0,70
2022-07-10T14:27:27,53,17,0,70
2022-07-10T14:37:57,53,17,0,70
2022-07-10T14:48:27,53,17,0,70
2022-07-10T14:58:57,53,17,0,70
2022-07-10T15:09:27,53,17,0,70
2022-07-10T15:19:57,53,17,0,70
2022-07-10T15:30:27,53,17,0,70
2022-07-10T15:40:58,53,17,0,70
2022-07-10T15:51:28,53,17,0,70
2022-07-10T16:01:58,53,17,0,70
2022-07-10T16:12:28,53,17,0,70
2022-07-10T16:22:58,53,17,0,70
2022-07-10T16:33:38,53,17,0,70
2022-07-10T16:44:09,53,17,0,70
2022-07-10T16:54:40,53,17,0,70
2022-07-10T17:05:10,53,17,0,70
2022-07-10T17:15:41,53,17,0,70
2022-07-10T17:26:11,53,17,0,70
2022-07-10T17:36:42,53,17,0,70
2022-07-10T17:47:12,53,17,0,70
2022-07-10T17:57:43,53,17,0,70
2022-07-10T18:08:14,53,17,0,70
2022-07-10T18:18:44,53,17,0,70
2022-07-10T18:29:14,53,17,0,70
2022-07-10T18:39:44,53,17,0,70
2022-07-10T18:50:14,53,17,0,70
2022-07-10T19:00:44,53,17,0,70
2022-07-10T19:11:16,53,17,0,70
2022-07-10T19:21:46,53,17,0,70
2022-07-10T19:32:17,53,17,0,70
2022-07-10T19:42:48,53,17,0,70
2022-07-10T19:53:28,53,17,0,70
2022-07-10T20:03:59,53,17,0,70
2022-07-10T20:14:30,53,17,0,70
2022-07-10T20:25:00,53,17,0,70
2022-07-10T20:35:30,53,17,0,70
2022-07-10T20:46:00,53,17,0,70
2022-07-10T20:56:30,53,17,0,70
2022-07-10T21:07:00,53,17,0,70
2022-07-10T21:17:31,53,17,0,70
2022-07-10T21:28:02,53,17,0,70
2022-07-10T21:38:33,53,17,0,70
2022-07-10T21:49:04,53,17,0,70
2022-07-10T21:59:34,53,17,0,70
2022-07-10T22:10:04,53,17,0,70
2022-07-10T22:20:34,53,17,0,70
2022-07-10T22:31:16,53,17,0,70
2022-07-10T22:41:46,53,17,0,70
2022-07-10T22:52:15,53,17,0,70
2022-07-10T23:02:46,53,17,0,70
2022-07-10T23:13:17,53,17,0,70
2022-07-10T23:23:48,53,17,0,70
2022-07-10T23:34:19,53,17,0,70
2022-07-10T23:44:49,53,17,0,70
2022-07-10T23:55:19,53,17,0,70
2022-07-11T00:05:50,53,17,0,70
2022-07-11T00:16:26,53,17,0,70
2022-07-11T00:27:00,53,17,0,70
2022-07-11T00:37:33,53,17,0,70
2022-07-11T00:48:04,53,17,0,70
2022-07-11T00:58:35,53,17,0,70
2022-07-11T01:09:23,53,17,0,70
2022-07-11T01:19:55,53,17,0,70
2022-07-11T01:30:29,53,17,0,70
2022-07-11T01:41:01,53,17,0,70
2022-07-11T01:51:32,53,17,0,70
2022-07-11T02:02:05,53,17,0,70
2022-07-11T02:12:48,53,17,0,70
2022-07-11T02:23:19,53,17,0,70
2022-07-11T02:33:51,53,17,0,70
2022-07-11T02:44:23,53,17,0,70
2022-07-11T02:54:53,53,17,0,70
2022-07-11T03:05:24,53,17,0,70
2022-07-11T03:15:54,53,17,0,70
2022-07-11T03:26:25,53,17,0,70
2022-07-11T03:36:56,53,17,0,70
2022-07-11T03:50:06,53,17,0,70
2022-07-11T04:00:44,53,17,0,70
2022-07-11T04:11:17,53,17,0,70
2022-07-11T04:27:12,53,17,0,70
2022-07-11T04:38:17,53,17,0,70
2022-07-11T04:48:50,53,17,0,70
2022-07-11T04:59:23,53,17,0,70
2022-07-11T05:09:58,53,17,0,70
2022-07-11T05:20:31,53,17,0,70
2022-07-11T05:31:05,53,17,0,70
2022-07-11T05:41:37,53,17,0,70
2022-07-11T05:52:08,53,17,0,70
2022-07-11T06:02:42,53,17,0,70
2022-07-11T06:13:14,53,17,0,70
2022-07-11T06:23:46,53,17,0,70
2022-07-11T06:34:17,53,17,0,70
2022-07-11T06:44:48,53,17,0,70
2022-07-11T06:55:19,53,17,0,70
2022-07-11T07:05:50,53,17,0,70
2022-07-11T07:16:22,53,17,0,70
2022-07-11T07:26:53,53,17,0,70
2022-07-11T07:37:32,53,17,0,70
2022-07-11T07:48:03,53,17,0,70
2022-07-11T07:58:34,53,17,0,70
2022-07-11T08:09:05,53,17,0,70
2022-07-11T08:19:36,53,17,0,70
2022-07-11T08:30:09,53,17,0,70
2022-07-11T08:40:41,53,17,0,70
2022-07-11T08:51:12,53,17,0,70
2022-07-11T09:01:43,53,17,0,70
2022-07-11T09:12:14,53,17,0,70
2022-07-11T09:22:46,53,17,0,70
2022-07-11T09:33:17,53,17,0,70
2022-07-11T09:43:49,53,17,0,70
2022-07-11T09:54:22,53,17,0,70
2022-07-11T10:04:55,53,17,0,70
2022-07-11T10:15:26,53,17,0,70
2022-07-11T10:25:58,53,17,0,70
2022-07-11T10:36:30,53,17,0,70
2022-07-11T10:47:01,53,17,0,70
2022-07-11T10:57:46,53,17,0,70
2022-07-11T11:08:19,53,17,0,70
2022-07-11T11:18:54,53,17,0,70
2022-07-11T11:29:31,53,17,0,70
2022-07-11T11:40:04,53,17,0,70
2022-07-11T11:50:36,53,17,0,70
2022-07-11T12:01:08,53,17,0,70
2022-07-11T12:11:40,53,17,0,70
2022-07-11T12:22:11,53,17,0,70
2022-07-11T12:32:41,53,17,0,70
2022-07-11T12:43:22,53,17,0,70
2022-07-11T12:53:54,53,17,0,70
2022-07-11T13:04:25,53,17,0,70
2022-07-11T13:14:57,53,17,0,70
2022-07-11T13:25:28,53,17,0,70
2022-07-11T13:36:00,53,17,0,70
2022-07-11T13:46:32,53,17,0,70
2022-07-11T13:57:04,53,17,0,70
2022-07-11T14:07:37,53,17,0,70
2022-07-11T14:18:08,53,17,0,70
2022-07-11T14:28:52,53,17,0,70
2022-07-11T14:39:24,53,17,0,70
2022-07-11T14:49:55,53,17,0,70
2022-07-11T15:00:27,53,17,0,70
2022-07-11T15:11:01,53,17,0,70
2022-07-11T15:21:33,53,17,0,70
2022-07-11T15:32:05,53,17,0,70
2022-07-11T15:42:37,53,17,0,70
2022-07-11T15:53:10,53,17,0,70
2022-07-11T16:03:42,53,17,0,70
2022-07-11T16:14:13,53,17,0,70
2022-07-11T16:24:44,53,17,0,70
2022-07-11T16:35:15,53,17,0,70
2022-07-11T16:45:46,53,17,0,70
2022-07-11T16:56:17,53,17,0,70
2022-07-11T17:06:58,53,17,0,70
2022-07-11T17:17:30,53,17,0,70
2022-07-11T17:28:02,53,17,0,70
2022-07-11T17:38:34,53,17,0,70
2022-07-11T17:49:05,53,17,0,70
2022-07-11T17:59:35,53,17,0,70
2022-07-11T18:10:06,53,17,0,70
2022-07-11T18:20:36,53,17,0,70
2022-07-11T18:31:06,53,17,0,70
2022-07-11T18:41:38,53,17,0,70
2022-07-11T18:52:09,53,17,0,70
2022-07-11T19:02:40,53,17,0,70
2022-07-11T19:13:11,53,17,0,70
2022-07-11T19:23:42,53,17,0,70
2022-07-11T19:34:22,53,17,0,70
2022-07-11T19:44:52,53,17,0,70
2022-07-11T19:55:22,53,17,0,70
2022-07-11T20:05:52,53,17,0,70
2022-07-11T20:16:22,53,17,0,70
2022-07-11T20:26:53,53,17,0,70
2022-07-11T20:37:24,53,17,0,70
2022-07-11T20:47:54,53,17,0,70
2022-07-11T20:58:24,53,17,0,70
2022-07-11T21:08:54,53,17,0,70
2022-07-11T21:19:27,53,17,0,70
2022-07-11T21:30:08,53,17,0,70
2022-07-11T21:40:38,53,17,0,70
2022-07-11T21:51:11,53,17,0,70
2022-07-11T22:01:41,53,17,0,70
2022-07-11T22:12:12,53,17,0,70
2022-07-11T22:22:42,53,17,0,70
2022-07-11T22:33:12,53,17,0,70
2022-07-11T22:43:43,53,17,0,70
2022-07-11T22:54:12,53,17,0,70
2022-07-11T23:04:43,53,17,0,70
2022-07-11T23:15:14,53,17,0,70
2022-07-11T23:25:55,53,17,0,70
2022-07-11T23:36:26,53,17,0,70
2022-07-11T23:46:56,53,17,0,70
2022-07-11T23:57:26,53,17,0,70
2022-07-12T00:07:57,53,17,0,70
2022-07-12T00:18:34,53,17,0,70
2022-07-12T00:29:07,53,17,0,70
2022-07-12T00:39:40,53,17,0,70
2022-07-12T00:50:13,53,17,0,70
2022-07-12T01:00:46,53,17,0,70
2022-07-12T01:11:18,53,17,0,70
2022-07-12T01:22:01,53,17,0,70
2022-07-12T01:32:34,53,17,0,70
2022-07-12T01:43:06,53,17,0,70
2022-07-12T01:53:37,53,17,0,70
2022-07-12T02:04:09,53,17,0,70
2022-07-12T02:14:40,53,17,0,70
2022-07-12T02:25:12,53,17,0,70
2022-07-12T02:35:43,53,17,0,70
2022-07-12T02:46:13,53,17,0,70
2022-07-12T02:56:43,53,17,0,70
2022-07-12T03:07:13,53,17,0,70
2022-07-12T03:17:44,53,17,0,70
2022-07-12T03:19:59,53,17,0,70
2022-07-12T03:28:53,53,17,0,70
2022-07-12T03:37:49,53,17,0,70
2022-07-12T03:46:45,53,17,0,70
2022-07-12T03:55:41,53,17,0,70
2022-07-12T04:04:40,53,17,0,70
2022-07-12T04:21:23,53,17,0,70
2022-07-12T04:30:47,53,17,0,70
2022-07-12T04:39:46,53,17,0,70
2022-07-12T04:48:43,53,17,0,70
2022-07-12T04:57:39,53,17,0,70
2022-07-12T05:06:35,53,17,0,70
2022-07-12T05:15:30,53,17,0,70
2022-07-12T05:24:25,53,17,0,70
2022-07-12T05:33:21,53,17,0,70
2022-07-12T05:42:17,53,17,0,70
2022-07-12T05:51:15,53,17,0,70
2022-07-12T06:00:21,53,17,0,70
2022-07-12T06:09:19,53,17,0,70
2022-07-12T06:18:17,53,17,0,70
2022-07-12T06:27:13,53,17,0,70
2022-07-12T06:36:10,53,17,0,70
2022-07-12T06:45:10,53,17,0,70
2022-07-12T06:54:08,53,17,0,70
2022-07-12T07:03:07,53,17,0,70
2022-07-12T07:12:04,53,17,0,70
2022-07-12T07:21:00,53,17,0,70
2022-07-12T07:29:57,53,17,0,70
2022-07-12T07:38:52,53,17,0,70
2022-07-12T07:47:49,53,17,0,70
2022-07-12T07:56:46,53,17,0,70
2022-07-12T08:05:42,53,17,0,70
2022-07-12T08:14:39,53,17,0,70
2022-07-12T08:23:36,53,17,0,70
2022-07-12T08:32:34,53,17,0,70
2022-07-12T08:41:31,53,17,0,70
2022-07-12T08:50:29,53,17,0,70
2022-07-12T08:59:26,53,17,0,70
2022-07-12T09:08:24,53,17,0,70
2022-07-12T09:17:32,53,17,0,70
2022-07-12T09:26:28,53,17,0,70
2022-07-12T09:35:24,53,17,0,70
2022-07-12T09:44:20,53,17,0,70
2022-07-12T09:53:17,53,17,0,70
2022-07-12T10:02:13,53,17,0,70
2022-07-12T10:11:09,53,17,0,70
2022-07-12T10:20:06,53,17,0,70
2022-07-12T10:29:03,53,17,0,70
2022-07-12T10:38:00,53,17,0,70
2022-07-12T10:46:57,53,17,0,70
2022-07-12T10:55:54,53,17,0,70
2022-07-12T11:04:51,53,17,0,70
2022-07-12T11:13:48,53,17,0,70
2022-07-12T11:22:57,53,17,0,70
2022-07-12T11:31:53,53,17,0,70
2022-07-12T11:40:50,53,17,0,70
2022-07-12T11:49:46,53,17,0,70
2022-07-12T11:58:42,53,17,0,70
2022-07-12T12:07:39,53,17,0,70
2022-07-12T12:16:35,53,17,0,70
2022-07-12T12:25:30,53,17,0,70
2022-07-12T12:34:26,53,17,0,70
2022-07-12T12:43:22,53,17,0,70
2022-07-12T12:52:18,53,17,0,70
2022-07-12T13:01:15,53,17,0,70
2022-07-12T13:10:10,53,17,0,70
2022-07-12T13:19:16,53,17,0,70
2022-07-12T13:28:14,53,17,0,70
2022-07-12T13:37:10,53,17,0,70
2022-07-12T13:46:06,53,17,0,70
2022-07-12T13:55:03,53,17,0,70
2022-07-12T14:03:59,53,17,0,70
2022-07-12T14:12:55,53,17,0,70
2022-07-12T14:21:52,53,17,0,70
2022-07-12T14:30:48,53,17,0,70
2022-07-12T14:39:44,53,17,0,70
2022-07-12T14:48:40,53,17,0,70
2022-07-12T14:57:46,53,17,0,70
2022-07-12T15:06:43,53,17,0,70
2022-07-12T15:15:39,53,17,0,70
2022-07-12T15:24:36,53,17,0,70
2022-07-12T15:33:32,53,17,0,70
2022-07-12T15:42:31,53,17,0,70
2022-07-12T15:51:26,53,17,0,70
2022-07-12T16:00:24,53,17,0,70
2022-07-12T16:09:31,53,17,0,70
2022-07-12T16:18:27,53,17,0,70
2022-07-12T16:27:22,53,17,0,70
2022-07-12T16:36:17,53,17,0,70
2022-07-12T16:45:13,53,17,0,70
2022-07-12T16:54:09,53,17,0,70
2022-07-12T17:03:15,53,17,0,70
2022-07-12T17:12:11,53,17,0,70
2022-07-12T17:21:07,53,17,0,70
2022-07-12T17:30:02,53,17,0,70
2022-07-12T17:38:57,53,17,0,70
2022-07-12T17:47:52,53,17,0,70
2022-07-12T17:56:47,53,17,0,70
2022-07-12T18:05:42,53,17,0,70
2022-07-12T18:14:37,53,17,0,70
2022-07-12T18:23:34,53,17,0,70
2022-07-12T18:32:29,53,17,0,70
2022-07-12T18:41:24,53,17,0,70
2022-07-12T18:50:19,53,17,0,70
2022-07-12T18:59:25,53,17,0,70
2022-07-12T19:08:20,53,17,0,70
2022-07-12T19:17:15,53,17,0,70
2022-07-12T19:26:11,53,17,0,70
2022-07-12T19:35:07,53,17,0,70
2022-07-12T19:44:02,53,17,0,70
2022-07-12T19:52:57,53,17,0,70
2022-07-12T20:01:51,53,17,0,70
2022-07-12T20:10:46,53,17,0,70
2022-07-12T20:19:41,53,17,0,70
2022-07-12T20:28:36,53,17,0,70
2022-07-12T20:37:31,53,17,0,70
2022-07-12T20:46:25,53,17,0,70
2022-07-12T20:55:20,53,17,0,70
2022-07-12T21:04:16,53,17,0,70
2022-07-12T21:13:21,53,17,0,70
2022-07-12T21:22:15,53,17,0,70
2022-07-12T21:31:09,53,17,0,70
2022-07-12T21:40:03,53,17,0,70
2022-07-12T21:48:58,53,17,0,70
2022-07-12T21:58:02,53,17,0,70
2022-07-12T22:06:56,53,17,0,70
2022-07-12T22:15:50,53,17,0,70
2022-07-12T22:24:45,53,17,0,70
2022-07-12T22:33:39,53,17,0,70
2022-07-12T22:42:34,53,17,0,70
2022-07-12T22:51:29,53,17,0,70
2022-07-12T23:00:23,53,17,0,70
2022-07-12T23:09:28,53,17,0,70
2022-07-12T23:18:23,53,17,0,70
2022-07-12T23:27:18,53,17,0,70
2022-07-12T23:36:13,53,17,0,70
2022-07-12T23:45:07,53,17,0,70
2022-07-12T23:54:02,53,17,0,70
2022-07-13T00:02:56,53,17,0,70
2022-07-13T00:11:51,53,17,0,70
2022-07-13T00:20:48,53,17,0,70
2022-07-13T00:29:44,53,17,0,70
2022-07-13T00:38:41,53,17,0,70
2022-07-13T00:47:38,53,17,0,70
2022-07-13T00:56:45,53,17,0,70
2022-07-13T01:05:42,53,17,0,70
2022-07-13T01:14:41,53,17,0,70
2022-07-13T01:23:39,53,17,0,70
2022-07-13T01:32:37,53,17,0,70
2022-07-13T01:41:33,53,17,0,70
2022-07-13T01:50:31,53,17,0,70
2022-07-13T01:59:29,53,17,0,70
2022-07-13T02:08:25,53,17,0,70
2022-07-13T02:17:21,53,17,0,70
2022-07-13T02:26:17,53,17,0,70
2022-07-13T02:35:24,53,17,0,70
2022-07-13T02:44:20,53,17,0,70
2022-07-13T02:53:17,53,17,0,70
2022-07-13T03:02:13,53,17,0,70
2022-07-13T03:11:10,53,17,0,70
2022-07-13T03:20:05,53,17,0,70
2022-07-13T03:29:00,53,17,0,70
2022-07-13T03:37:56,53,17,0,70
2022-07-13T03:46:53,53,17,0,70
2022-07-13T03:55:49,53,17,0,70
2022-07-13T04:04:46,53,17,0,70
2022-07-13T04:13:43,53,17,0,70
2022-07-13T04:27:50,53,17,0,70
2022-07-13T04:37:11,53,17,0,70
2022-07-13T04:46:09,53,17,0,70
2022-07-13T04:55:06,53,17,0,70
2022-07-13T05:04:04,53,17,0,70
2022-07-13T05:13:02,53,17,0,70
2022-07-13T05:22:01,53,17,0,70
2022-07-13T05:30:58,53,17,0,70
2022-07-13T05:39:59,53,17,0,70
2022-07-13T05:48:56,53,17,0,70
2022-07-13T05:57:53,53,17,0,70
2022-07-13T06:06:51,53,17,0,70
2022-07-13T06:15:48,53,17,0,70
2022-07-13T06:24:46,53,17,0,70
2022-07-13T06:33:42,53,17,0,70
2022-07-13T06:42:38,53,17,0,70
2022-07-13T06:51:43,53,17,0,70
2022-07-13T07:00:38,53,17,0,70
2022-07-13T07:09:34,53,17,0,70
2022-07-13T07:18:30,53,17,0,70
2022-07-13T07:27:25,53,17,0,70
2022-07-13T07:36:20,53,17,0,70
2022-07-13T07:45:15,53,17,0,70
2022-07-13T07:54:10,53,17,0,70
2022-07-13T08:03:06,53,17,0,70
2022-07-13T08:12:01,53,17,0,70
2022-07-13T08:20:57,53,17,0,70
2022-07-13T08:29:53,53,17,0,70
2022-07-13T08:38:48,53,17,0,70
2022-07-13T08:47:44,53,17,0,70
2022-07-13T08:56:40,53,17,0,70
2022-07-13T09:05:37,53,17,0,70
2022-07-13T09:14:33,53,17,0,70
2022-07-13T09:23:29,53,17,0,70
2022-07-13T09:32:25,53,17,0,70
2022-07-13T09:41:21,53,17,0,70
2022-07-13T09:50:27,53,17,0,70
2022-07-13T09:59:24,53,17,0,70
2022-07-13T10:08:20,53,17,0,70
2022-07-13T10:17:18,53,17,0,70
2022-07-13T10:26:14,53,17,0,70
2022-07-13T10:35:11,53,17,0,70
2022-07-13T10:44:08,53,17,0,70
2022-07-13T10:53:04,53,17,0,70
2022-07-13T11:02:00,53,17,0,70
2022-07-13T11:11:06,53,17,0,70
2022-07-13T11:20:02,53,17,0,70
2022-07-13T11:28:58,53,17,0,70
2022-07-13T11:37:54,53,17,0,70
2022-07-13T11:46:49,53,17,0,70
2022-07-13T11:55:45,53,17,0,70
2022-07-13T12:04:41,53,17,0,70
2022-07-13T12:13:37,53,17,0,70
2022-07-13T12:22:32,53,17,0,70
2022-07-13T12:31:28,53,17,0,70
2022-07-13T12:40:24,53,17,0,70
2022-07-13T12:49:20,53,17,0,70
2022-07-13T12:58:15,53,17,0,70
2022-07-13T13:07:23,53,17,0,70
2022-07-13T13:16:19,53,17,0,70
2022-07-13T13:25:15,53,17,0,70
2022-07-13T13:34:12,53,17,0,70
2022-07-13T13:43:11,53,17,0,70
2022-07-13T13:52:07,53,17,0,70
2022-07-13T14:01:03,53,17,0,70
2022-07-13T14:09:59,53,17,0,70
2022-07-13T14:18:56,53,17,0,70
2022-07-13T14:28:03,53,17,0,70
2022-07-13T14:36:59,53,17,0,70
2022-07-13T14:45:56,53,17,0,70
2022-07-13T14:54:53,53,17,0,70
2022-07-13T15:03:48,53,17,0,70
2022-07-13T15:12:45,53,17,0,70
2022-07-13T15:21:41,53,17,0,70
2022-07-13T15:30:37,53,17,0,70
2022-07-13T15:39:33,53,17,0,70
2022-07-13T15:48:29,53,17,0,70
2022-07-13T15:57:37,53,17,0,70
2022-07-13T16:06:33,53,17,0,70
2022-07-13T16:15:28,53,17,0,70
2022-07-13T16:24:23,53,17,0,70
2022-07-13T16:33:19,53,17,0,70
2022-07-13T16:42:14,53,17,0,70
2022-07-13T16:51:09,53,17,0,70
2022-07-13T17:00:14,53,17,0,70
2022-07-13T17:09:10,53,17,0,70
2022-07-13T17:18:06,53,17,0,70
2022-07-13T17:27:01,53,17,0,70
2022-07-13T17:35:56,53,17,0,70
2022-07-13T17:44:52,53,17,0,70
2022-07-13T17:53:47,53,17,0,70
2022-07-13T18:02:42,53,17,0,70
2022-07-13T18:11:37,53,17,0,70
2022-07-13T18:20:32,53,17,0,70
2022-07-13T18:29:27,53,17,0,70
2022-07-13T18:38:22,53,17,0,70
2022-07-13T18:47:17,53,17,0,70
2022-07-13T18:56:22,53,17,0,70
2022-07-13T19:05:18,53,17,0,70
2022-07-13T19:14:13,53,17,0,70
2022-07-13T19:23:08,53,17,0,70
2022-07-13T19:32:03,53,17,0,70
2022-07-13T19:40:58,53,17,0,70
2022-07-13T19:49:53,53,17,0,70
2022-07-13T19:58:48,53,17,0,70
2022-07-13T20:07:42,53,17,0,70
2022-07-13T20:16:37,53,17,0,70
2022-07-13T20:25:31,53,17,0,70
2022-07-13T20:34:26,53,17,0,70
2022-07-13T20:43:21,53,17,0,70
2022-07-13T20:52:15,53,17,0,70
2022-07-13T21:01:10,53,17,0,70
2022-07-13T21:10:05,53,17,0,70
2022-07-13T21:19:00,53,17,0,70
2022-07-13T21:28:06,53,17,0,70
2022-07-13T21:37:02,53,17,0,70
2022-07-13T21:45:57,53,17,0,70
2022-07-13T21:54:54,53,17,0,70
2022-07-13T22:03:49,53,17,0,70
2022-07-13T22:12:43,53,17,0,70
2022-07-13T22:21:38,53,17,0,70
2022-07-13T22:30:33,53,17,0,70
2022-07-13T22:39:27,53,17,0,70
2022-07-13T22:48:22,53,17,0,70
2022-07-13T22:57:17,53,17,0,70
2022-07-13T23:06:14,53,17,0,70
2022-07-13T23:15:09,53,17,0,70
2022-07-13T23:24:04,53,17,0,70
2022-07-13T23:32:59,53,17,0,70
2022-07-13T23:41:55,53,17,0,70
2022-07-13T23:50:49,53,17,0,70
2022-07-13T23:59:44,53,17,0,70
2022-07-14T00:08:39,53,17,0,70
2022-07-14T00:17:48,53,17,0,70
2022-07-14T00:26:45,53,17,0,70
2022-07-14T00:35:43,53,17,0,70
2022-07-14T00:44:42,53,17,0,70
2022-07-14T00:53:39,53,17,0,70
2022-07-14T01:02:36,53,17,0,70
2022-07-14T01:11:33,53,17,0,70
2022-07-14T01:20:30,53,17,0,70
2022-07-14T01:29:28,53,17,0,70
2022-07-14T01:38:25,53,17,0,70
2022-07-14T01:47:22,53,17,0,70
2022-07-14T01:56:19,53,17,0,70
2022-07-14T02:05:15,53,17,0,70
2022-07-14T02:14:11,53,17,0,70
2022-07-14T02:23:06,53,17,0,70
2022-07-14T02:32:00,53,17,0,70
2022-07-14T02:40:55,53,17,0,70
2022-07-14T02:49:50,53,17,0,70
2022-07-14T02:58:44,53,17,0,70
2022-07-14T03:07:52,53,17,0,70
2022-07-14T03:16:46,53,17,0,70
2022-07-14T03:25:40,53,17,0,70
2022-07-14T03:34:34,53,17,0,70
2022-07-14T03:43:29,53,17,0,70
2022-07-14T03:52:25,53,17,0,70
2022-07-14T04:03:32,53,17,0,70
2022-07-14T04:13:07,53,17,0,70
2022-07-14T04:25:51,53,17,0,70
2022-07-14T04:35:12,53,17,0,70
2022-07-14T04:44:10,53,17,0,70
2022-07-14T04:53:08,53,17,0,70
2022-07-14T05:02:06,53,17,0,70
2022-07-14T05:11:03,53,17,0,70
2022-07-14T05:20:00,53,17,0,70
2022-07-14T05:28:59,53,17,0,70
2022-07-14T05:37:56,53,17,0,70
2022-07-14T05:46:53,53,17,0,70
2022-07-14T05:55:49,53,17,0,70
2022-07-14T06:04:45,53,17,0,70
2022-07-14T06:13:42,53,17,0,70
2022-07-14T06:22:40,53,17,0,70
2022-07-14T06:31:37,53,17,0,70
2022-07-14T06:40:33,53,17,0,70
2022-07-14T06:49:30,53,17,0,70
2022-07-14T06:58:27,53,17,0,70
2022-07-14T07:07:25,53,17,0,70
2022-07-14T07:16:22,53,17,0,70
2022-07-14T07:25:19,53,17,0,70
2022-07-14T07:34:20,53,17,0,70
2022-07-14T07:43:18,53,17,0,70
2022-07-14T07:52:15,53,17,0,70
2022-07-14T08:01:11,53,17,0,70
2022-07-14T08:10:07,53,17,0,70
2022-07-14T08:19:03,53,17,0,70
2022-07-14T08:27:59,53,17,0,70
2022-07-14T08:36:56,53,17,0,70
2022-07-14T08:45:51,53,17,0,70
2022-07-14T08:54:58,53,17,0,70
2022-07-14T09:03:55,53,17,0,70
2022-07-14T09:12:50,53,17,0,70
2022-07-14T09:21:47,53,17,0,70
2022-07-14T09:30:43,53,17,0,70
2022-07-14T09:39:40,53,17,0,70
2022-07-14T09:48:36,53,17,0,70
2022-07-14T09:57:32,53,17,0,70
2022-07-14T10:06:29,53,17,0,70
2022-07-14T10:15:25,53,17,0,70
2022-07-14T10:24:22,53,17,0,70
2022-07-14T10:33:19,53,17,0,70
2022-07-14T10:42:16,53,17,0,70
2022-07-14T10:51:24,53,17,0,70
2022-07-14T11:00:21,53,17,0,70
2022-07-14T11:09:17,53,17,0,70
2022-07-14T11:18:13,53,17,0,70
2022-07-14T11:27:10,53,17,0,70
2022-07-14T11:36:06,53,17,0,70
2022-07-14T11:45:02,53,17,0,70
2022-07-14T11:53:59,53,17,0,70
2022-07-14T12:02:55,53,17,0,70
2022-07-14T12:11:52,53,17,0,70
2022-07-14T12:20:48,53,17,0,70
2022-07-14T12:29:45,53,17,0,70
2022-07-14T12:38:41,53,17,0,70
2022-07-14T12:47:36,53,17,0,70
2022-07-14T12:56:32,53,17,0,70
2022-07-14T13:05:40,53,17,0,70
2022-07-14T13:14:37,53,17,0,70
2022-07-14T13:23:41,53,17,0,70
2022-07-14T13:32:49,53,17,0,70
2022-07-14T13:42:01,53,17,0,70
2022-07-14T13:51:14,53,17,0,70
2022-07-14T14:00:25,53,17,0,70
2022-07-14T14:09:36,53,17,0,70
2022-07-14T14:18:45,53,17,0,70
2022-07-14T14:27:51,53,17,0,70
2022-07-14T14:36:57,53,17,0,70
2022-07-14T14:46:03,53,17,0,70
2022-07-14T14:55:11,53,17,0,70
2022-07-14T15:04:23,53,17,0,70
2022-07-14T15:13:30,53,17,0,70
2022-07-14T15:22:47,53,17,0,70
2022-07-14T15:31:54,53,17,0,70
2022-07-14T15:41:00,53,17,0,70
2022-07-14T15:50:05,53,17,0,70
2022-07-14T15:59:11,53,17,0,70
2022-07-14T16:08:18,53,17,0,70
2022-07-14T16:17:21,53,17,0,70
2022-07-14T16:26:24,53,17,0,70
2022-07-14T16:35:24,53,17,0,70
2022-07-14T16:44:22,53,17,0,70
2022-07-14T16:53:18,53,17,0,70
2022-07-14T17:02:13,53,17,0,70
2022-07-14T17:11:08,53,17,0,70
2022-07-14T17:20:04,53,17,0,70
2022-07-14T17:28:59,53,17,0,70
2022-07-14T17:38:06,53,17,0,70
2022-07-14T17:47:01,53,17,0,70
2022-07-14T17:55:56,53,17,0,70
2022-07-14T18:04:52,53,17,0,70
2022-07-14T18:13:47,53,17,0,70
2022-07-14T18:22:41,53,17,0,70
2022-07-14T18:31:36,53,17,0,70
2022-07-14T18:40:31,53,17,0,70
2022-07-14T18:49:25,53,17,0,70
2022-07-14T18:58:21,53,17,0,70
2022-07-14T19:07:29,53,17,0,70
2022-07-14T19:16:24,53,17,0,70
2022-07-14T19:25:20,53,17,0,70
2022-07-14T19:34:15,53,17,0,70
2022-07-14T19:43:09,53,17,0,70
2022-07-14T19:52:04,53,17,0,70
2022-07-14T20:00:59,53,17,0,70
2022-07-14T20:09:53,53,17,0,70
2022-07-14T20:18:47,53,17,0,70
2022-07-14T20:27:42,53,17,0,70
2022-07-14T20:36:36,53,17,0,70
2022-07-14T20:45:31,53,17,0,70
2022-07-14T20:54:36,53,17,0,70
2022-07-14T21:03:31,53,17,0,70
2022-07-14T21:12:25,53,17,0,70
2022-07-14T21:21:21,53,17,0,70
2022-07-14T21:30:15,53,17,0,70
2022-07-14T21:39:09,53,17,0,70
2022-07-14T21:48:07,53,17,0,70
2022-07-14T21:57:02,53,17,0,70
2022-07-14T22:05:56,53,17,0,70
2022-07-14T22:14:51,53,17,0,70
2022-07-14T22:23:45,53,17,0,70
2022-07-14T22:32:40,53,17,0,70
2022-07-14T22:41:35,53,17,0,70
2022-07-14T22:50:29,53,17,0,70
2022-07-14T22:59:24,53,17,0,70
2022-07-14T23:08:19,53,17,0,70
2022-07-14T23:17:15,53,17,0,70
2022-07-14T23:26:10,53,17,0,70
2022-07-14T23:35:06,53,17,0,70
2022-07-14T23:44:01,53,17,0,70
2022-07-14T23:52:55,53,17,0,70
2022-07-15T00:01:49,53,17,0,70
2022-07-15T00:10:56,53,17,0,70
2022-07-15T00:19:57,53,17,0,70
2022-07-15T00:28:52,53,17,0,70
2022-07-15T00:37:49,53,17,0,70
2022-07-15T00:46:46,53,17,0,70
2022-07-15T00:55:43,53,17,0,70
2022-07-15T01:04:40,53,17,0,70
2022-07-15T01:13:37,53,17,0,70
2022-07-15T01:22:34,53,17,0,70
2022-07-15T01:31:32,53,17,0,70
2022-07-15T01:40:28,53,17,0,70
2022-07-15T01:49:24,53,17,0,70
2022-07-15T01:58:20,53,17,0,70
2022-07-15T02:07:17,53,17,0,70
2022-07-15T02:16:14,53,17,0,70
2022-07-15T02:25:11,53,17,0,70
2022-07-15T02:34:07,53,17,0,70
2022-07-15T02:43:04,53,17,0,70
2022-07-15T02:52:00,53,17,0,70
2022-07-15T03:00:56,53,17,0,70
2022-07-15T03:09:51,53,17,0,70
2022-07-15T03:18:46,53,17,0,70
2022-07-15T03:27:41,53,17,0,70
2022-07-15T03:36:47,53,17,0,70
2022-07-15T03:45:43,53,17,0,70
2022-07-15T03:54:39,53,17,0,70
2022-07-15T04:06:10,53,17,0,70
2022-07-15T04:17:08,53,17,0,70
2022-07-15T04:26:30,53,17,0,70
2022-07-15T04:35:29,53,17,0,70
2022-07-15T04:44:25,53,17,0,70
2022-07-15T04:53:22,53,17,0,70
2022-07-15T05:02:21,53,17,0,70
2022-07-15T05:11:18,53,17,0,70
2022-07-15T05:20:15,53,17,0,70
2022-07-15T05:29:11,53,17,0,70
2022-07-15T05:38:08,53,17,0,70
2022-07-15T05:47:09,53,17,0,70
2022-07-15T05:56:07,53,17,0,70
2022-07-15T06:05:03,53,17,0,70
2022-07-15T06:14:00,53,17,0,70
2022-07-15T06:22:56,53,17,0,70
2022-07-15T06:31:52,53,17,0,70
2022-07-15T06:40:47,53,17,0,70
2022-07-15T06:49:42,53,17,0,70
2022-07-15T06:58:37,53,17,0,70
2022-07-15T07:07:42,53,17,0,70
2022-07-15T07:16:38,53,17,0,70
2022-07-15T07:25:33,53,17,0,70
2022-07-15T07:34:29,53,17,0,70
2022-07-15T07:43:24,53,17,0,70
2022-07-15T07:52:19,53,17,0,70
2022-07-15T08:01:14,53,17,0,70
2022-07-15T08:10:09,53,17,0,70
2022-07-15T08:19:05,53,17,0,70
2022-07-15T08:28:01,53,17,0,70
2022-07-15T08:36:57,53,17,0,70
2022-07-15T08:45:52,53,17,0,70
2022-07-15T08:54:48,53,17,0,70
2022-07-15T09:03:43,53,17,0,70
2022-07-15T09:12:39,53,17,0,70
2022-07-15T09:21:35,53,17,0,70
2022-07-15T09:30:31,53,17,0,70
2022-07-15T09:39:27,53,17,0,70
2022-07-15T09:48:24,53,17,0,70
2022-07-15T09:57:20,53,17,0,70
2022-07-15T10:06:16,53,17,0,70
2022-07-15T10:15:12,53,17,0,70
2022-07-15T10:24:21,53,17,0,70
2022-07-15T10:33:17,53,17,0,70
2022-07-15T10:42:14,53,17,0,70
2022-07-15T10:51:11,53,17,0,70
2022-07-15T11:00:08,53,17,0,70
2022-07-15T11:09:05,53,17,0,70
2022-07-15T11:18:02,53,17,0,70
2022-07-15T11:27:00,53,17,0,70
2022-07-15T11:35:57,53,17,0,70
2022-07-15T11:44:52,53,17,0,70
2022-07-15T11:53:48,53,17,0,70
2022-07-15T12:02:44,53,17,0,70
2022-07-15T12:11:40,53,17,0,70
2022-07-15T12:20:35,53,17,0,70
2022-07-15T12:29:49,53,17,0,70
2022-07-15T12:38:44,53,17,0,70
2022-07-15T12:47:39,53,17,0,70
2022-07-15T12:56:35,53,17,0,70
2022-07-15T13:05:31,53,17,0,70
2022-07-15T13:14:26,53,17,0,70
2022-07-15T13:23:22,53,17,0,70
2022-07-15T13:32:17,53,17,0,70
2022-07-15T13:41:13,53,17,0,70
2022-07-15T13:50:09,53,17,0,70
2022-07-15T13:59:05,53,17,0,70
2022-07-15T14:08:17,53,17,0,70
2022-07-15T14:17:13,53,17,0,70
2022-07-15T14:26:09,53,17,0,70
2022-07-15T14:35:05,53,17,0,70
2022-07-15T14:44:01,53,17,0,70
2022-07-15T14:52:57,53,17,0,70
2022-07-15T15:01:54,53,17,0,70
2022-07-15T15:10:51,53,17,0,70
2022-07-15T15:19:47,53,17,0,70
2022-07-15T15:28:45,53,17,0,70
2022-07-15T15:37:41,53,17,0,70
2022-07-15T15:46:37,53,17,0,70
2022-07-15T15:55:33,53,17,0,70
2022-07-15T16:04:29,53,17,0,70
2022-07-15T16:13:35,53,17,0,70
2022-07-15T16:22:31,53,17,0,70
2022-07-15T16:31:26,53,17,0,70
2022-07-15T16:40:22,53,17,0,70
2022-07-15T16:49:17,53,17,0,70
2022-07-15T16:58:12,53,17,0,70
2022-07-15T17:07:07,53,17,0,70
2022-07-15T17:16:03,53,17,0,70
2022-07-15T17:24:58,53,17,0,70
2022-07-15T17:33:53,53,17,0,70
2022-07-15T17:42:47,53,17,0,70
2022-07-15T17:51:42,53,17,0,70
2022-07-15T18:00:37,53,17,0,70
2022-07-15T18:09:32,53,17,0,70
2022-07-15T18:18:28,53,17,0,70
2022-07-15T18:27:39,53,17,0,70
2022-07-15T18:36:34,53,17,0,70
2022-07-15T18:45:28,53,17,0,70
2022-07-15T18:54:23,53,17,0,70
2022-07-15T19:03:17,53,17,0,70
2022-07-15T19:12:12,53,17,0,70
2022-07-15T19:21:07,53,17,0,70
2022-07-15T19:30:02,53,17,0,70
2022-07-15T19:38:56,53,17,0,70
2022-07-15T19:47:50,53,17,0,70
2022-07-15T19:56:45,53,17,0,70
2022-07-15T20:05:39,53,17,0,70
2022-07-15T20:14:33,53,17,0,70
2022-07-15T20:23:28,53,17,0,70
2022-07-15T20:32:22,53,17,0,70
2022-07-15T20:41:17,53,17,0,70
2022-07-15T20:50:11,53,17,0,70
2022-07-15T20:59:05,53,17,0,70
2022-07-15T21:08:00,53,17,0,70
2022-07-15T21:16:55,53,17,0,70
2022-07-15T21:26:00,53,17,0,70
2022-07-15T21:34:55,53,17,0,70
2022-07-15T21:43:50,53,17,0,70
2022-07-15T21:52:44,53,17,0,70
2022-07-15T22:01:38,53,17,0,70
2022-07-15T22:10:33,53,17,0,70
2022-07-15T22:19:27,53,17,0,70
2022-07-15T22:28:21,53,17,0,70
2022-07-15T22:37:16,53,17,0,70
2022-07-15T22:46:10,53,17,0,70
2022-07-15T22:55:05,53,17,0,70
2022-07-15T23:04:00,53,17,0,70
2022-07-15T23:12:57,53,17,0,70
2022-07-15T23:21:53,53,17,0,70
2022-07-15T23:30:50,53,17,0,70
2022-07-15T23:39:45,53,17,0,70
2022-07-15T23:48:39,53,17,0,70
2022-07-15T23:57:34,53,17,0,70
2022-07-16T00:06:29,53,17,0,70
2022-07-16T00:15:26,53,17,0,70
2022-07-16T00:24:59,53,17,0,70
2022-07-16T00:33:55,53,17,0,70
2022-07-16T00:42:53,53,17,0,70
2022-07-16T00:51:50,53,17,0,70
2022-07-16T01:00:48,53,17,0,70
2022-07-16T01:09:47,53,17,0,70
2022-07-16T01:18:45,53,17,0,70
2022-07-16T01:27:42,53,17,0,70
2022-07-16T01:36:40,53,17,0,70
2022-07-16T01:45:43,53,17,0,70
2022-07-16T01:54:47,53,17,0,70
2022-07-16T02:03:50,53,17,0,70
2022-07-16T02:12:53,53,17,0,70
2022-07-16T02:21:55,53,17,0,70
2022-07-16T02:30:58,53,17,0,70
2022-07-16T02:40:00,53,17,0,70
2022-07-16T02:49:04,53,17,0,70
2022-07-16T02:58:10,53,17,0,70
2022-07-16T03:07:12,53,17,0,70
2022-07-16T03:16:09,53,17,0,70
2022-07-16T03:25:05,53,17,0,70
2022-07-16T03:34:12,53,17,0,70
2022-07-16T03:43:08,53,17,0,70
2022-07-16T03:54:06,53,17,0,70
2022-07-16T04:03:21,53,17,0,70
2022-07-16T04:12:18,53,17,0,70
2022-07-16T04:25:48,53,17,0,70
2022-07-16T04:35:12,53,17,0,70
2022-07-16T04:44:11,53,17,0,70
2022-07-16T04:53:10,53,17,0,70
2022-07-16T05:02:08,53,17,0,70
2022-07-16T05:11:05,53,17,0,70
2022-07-16T05:20:03,53,17,0,70
2022-07-16T05:29:00,53,17,0,70
2022-07-16T05:37:58,53,17,0,70
2022-07-16T05:46:55,53,17,0,70
2022-07-16T05:55:52,53,17,0,70
2022-07-16T06:04:52,53,17,0,70
2022-07-16T06:13:49,53,17,0,70
2022-07-16T06:22:45,53,17,0,70
2022-07-16T06:31:42,53,17,0,70
2022-07-16T06:40:38,53,17,0,70
2022-07-16T06:49:46,53,17,0,70
2022-07-16T06:58:43,53,17,0,70
2022-07-16T07:07:39,53,17,0,70
2022-07-16T07:16:36,53,17,0,70
2022-07-16T07:25:33,53,17,0,70
2022-07-16T07:34:30,53,17,0,70
2022-07-16T07:43:27,53,17,0,70
2022-07-16T07:52:24,53,17,0,70
2022-07-16T08:01:21,53,17,0,70
2022-07-16T08:10:18,53,17,0,70
2022-07-16T08:19:15,53,17,0,70
2022-07-16T08:28:13,53,17,0,70
2022-07-16T08:37:11,53,17,0,70
2022-07-16T08:46:07,53,17,0,70
2022-07-16T08:55:04,53,17,0,70
2022-07-16T09:04:00,53,17,0,70
2022-07-16T09:12:58,53,17,0,70
2022-07-16T09:21:56,53,17,0,70
2022-07-16T09:30:51,53,17,0,70
2022-07-16T09:39:47,53,17,0,70
2022-07-16T09:48:44,53,17,0,70
2022-07-16T09:57:41,53,17,0,70
2022-07-16T10:06:37,53,17,0,70
2022-07-16T10:15:33,53,17,0,70
2022-07-16T10:24:27,53,17,0,70
2022-07-16T10:33:22,53,17,0,70
2022-07-16T10:42:16,53,17,0,70
2022-07-16T10:51:11,53,17,0,70
2022-07-16T11:00:05,53,17,0,70
2022-07-16T11:08:59,53,17,0,70
2022-07-16T11:17:54,53,17,0,70
2022-07-16T11:26:49,53,17,0,70
2022-07-16T11:35:44,53,17,0,70
2022-07-16T11:44:39,53,17,0,70
2022-07-16T11:53:34,53,17,0,70
2022-07-16T12:02:29,53,17,0,70
2022-07-16T12:11:23,53,17,0,70
2022-07-16T12:20:18,53,17,0,70
2022-07-16T12:29:12,53,17,0,70
2022-07-16T12:38:06,53,17,0,70
2022-07-16T12:47:00,53,17,0,70
2022-07-16T12:55:55,53,17,0,70
2022-07-16T13:04:49,53,17,0,70
2022-07-16T13:13:55,53,17,0,70
2022-07-16T13:22:49,53,17,0,70
2022-07-16T13:31:44,53,17,0,70
2022-07-16T13:40:38,53,17,0,70
2022-07-16T13:49:32,53,17,0,70
2022-07-16T13:58:27,53,17,0,70
2022-07-16T14:07:21,53,17,0,70
2022-07-16T14:16:16,53,17,0,70
2022-07-16T14:25:10,53,17,0,70
2022-07-16T14:34:04,53,17,0,70
2022-07-16T14:42:59,53,17,0,70
2022-07-16T14:51:53,53,17,0,70
2022-07-16T15:00:47,53,17,0,70
2022-07-16T15:09:42,53,17,0,70
2022-07-16T15:18:36,53,17,0,70
2022-07-16T15:27:30,53,17,0,70
2022-07-16T15:36:24,53,17,0,70
2022-07-16T15:45:18,53,17,0,70
2022-07-16T15:54:13,53,17,0,70
2022-07-16T16:03:07,53,17,0,70
2022-07-16T16:12:01,53,17,0,70
2022-07-16T16:20:56,53,17,0,70
2022-07-16T16:29:51,53,17,0,70
2022-07-16T16:38:45,53,17,0,70
2022-07-16T16:47:40,53,17,0,70
2022-07-16T16:56:35,53,17,0,70
2022-07-16T17:05:29,53,17,0,70
2022-07-16T17:14:25,53,17,0,70
2022-07-16T17:23:19,53,17,0,70
2022-07-16T17:32:14,53,17,0,70
2022-07-16T17:41:08,53,17,0,70
2022-07-16T17:50:03,53,17,0,70
2022-07-16T17:58:57,53,17,0,70
2022-07-16T18:07:52,53,17,0,70
2022-07-16T18:16:46,53,17,0,70
2022-07-16T18:25:40,53,17,0,70
2022-07-16T18:34:35,53,17,0,70
2022-07-16T18:43:30,53,17,0,70
2022-07-16T18:52:24,53,17,0,70
2022-07-16T19:01:18,53,17,0,70
2022-07-16T19:10:13,53,17,0,70
2022-07-16T19:19:07,53,17,0,70
2022-07-16T19:28:02,53,17,0,70
2022-07-16T19:36:56,53,17,0,70
2022-07-16T19:45:50,53,17,0,70
2022-07-16T19:54:44,53,17,0,70
2022-07-16T20:03:39,53,17,0,70
2022-07-16T20:12:33,53,17,0,70
2022-07-16T20:21:27,53,17,0,70
2022-07-16T20:30:22,53,17,0,70
2022-07-16T20:39:16,53,17,0,70
2022-07-16T20:48:11,53,17,0,70
2022-07-16T20:57:05,53,17,0,70
2022-07-16T21:05:59,53,17,0,70
2022-07-16T21:14:54,53,17,0,70
2022-07-16T21:23:48,53,17,0,70
2022-07-16T21:32:44,53,17,0,70
2022-07-16T21:41:39,53,17,0,70
2022-07-16T21:50:33,53,17,0,70
2022-07-16T21:59:28,53,17,0,70
2022-07-16T22:08:22,53,17,0,70
2022-07-16T22:17:17,53,17,0,70
2022-07-16T22:26:11,53,17,0,70
2022-07-16T22:35:06,53,17,0,70
2022-07-16T22:44:00,53,17,0,70
2022-07-16T22:52:54,53,17,0,70
2022-07-16T23:01:49,53,17,0,70
2022-07-16T23:10:55,53,17,0,70
2022-07-16T23:19:50,53,17,0,70
2022-07-16T23:28:44,53,17,0,70
2022-07-16T23:37:39,53,17,0,70
2022-07-16T23:46:33,53,17,0,70
2022-07-16T23:55:27,53,17,0,70
2022-07-17T00:04:22,53,17,0,70
2022-07-17T00:13:17,53,17,0,70
2022-07-17T00:22:11,53,17,0,70
2022-07-17T00:31:06,53,17,0,70
2022-07-17T00:40:01,53,17,0,70
2022-07-17T00:48:57,53,17,0,70
2022-07-17T00:57:51,53,17,0,70
2022-07-17T01:06:47,53,17,0,70
2022-07-17T01:15:42,53,17,0,70
2022-07-17T01:24:37,53,17,0,70
2022-07-17T01:33:32,53,17,0,70
2022-07-17T01:52:32,53,17,0,70
2022-07-17T02:01:28,53,17,0,70
2022-07-17T02:10:23,53,17,0,70
2022-07-17T02:19:21,53,17,0,70
2022-07-17T02:28:19,53,17,0,70
2022-07-17T02:37:17,53,17,0,70
2022-07-17T02:46:43,53,17,0,70
2022-07-17T02:55:40,53,17,0,70
2022-07-17T03:04:38,53,17,0,70
2022-07-17T03:13:35,53,17,0,70
2022-07-17T03:22:32,53,17,0,70
2022-07-17T03:31:28,53,17,0,70
2022-07-17T03:40:23,53,17,0,70
2022-07-17T03:49:19,53,17,0,70
2022-07-17T04:00:20,53,17,0,70
2022-07-17T04:09:44,53,17,0,70
2022-07-17T04:21:27,53,17,0,70
2022-07-17T04:30:45,53,17,0,70
2022-07-17T04:39:43,53,17,0,70
2022-07-17T04:48:42,53,17,0,70
2022-07-17T04:57:39,53,17,0,70
2022-07-17T05:06:36,53,17,0,70
2022-07-17T05:15:34,53,17,0,70
2022-07-17T05:24:31,53,17,0,70
2022-07-17T05:33:28,53,17,0,70
2022-07-17T05:42:25,53,17,0,70
2022-07-17T05:51:21,53,17,0,70
2022-07-17T06:00:17,53,17,0,70
2022-07-17T06:09:13,53,17,0,70
2022-07-17T06:18:10,53,17,0,70
2022-07-17T06:27:07,53,17,0,70
2022-07-17T06:36:03,53,17,0,70
2022-07-17T06:44:57,53,17,0,70
2022-07-17T06:53:51,53,17,0,70
2022-07-17T07:02:46,53,17,0,70
2022-07-17T07:11:40,53,17,0,70
2022-07-17T07:20:35,53,17,0,70
2022-07-17T07:29:29,53,17,0,70
2022-07-17T07:38:24,53,17,0,70
2022-07-17T07:47:18,53,17,0,70
2022-07-17T07:56:12,53,17,0,70
2022-07-17T08:05:06,53,17,0,70
2022-07-17T08:14:00,53,17,0,70
2022-07-17T08:22:55,53,17,0,70
2022-07-17T08:31:50,53,17,0,70
2022-07-17T08:40:44,53,17,0,70
2022-07-17T08:49:41,53,17,0,70
2022-07-17T08:58:35,53,17,0,70
2022-07-17T09:07:29,53,17,0,70
2022-07-17T09:16:23,53,17,0,70
2022-07-17T09:25:17,53,17,0,70
2022-07-17T09:34:11,53,17,0,70
2022-07-17T09:43:05,53,17,0,70
2022-07-17T09:52:00,53,17,0,70
2022-07-17T10:00:54,53,17,0,70
2022-07-17T10:09:49,53,17,0,70
2022-07-17T10:18:43,53,17,0,70
2022-07-17T10:27:37,53,17,0,70
2022-07-17T10:36:32,53,17,0,70
2022-07-17T10:45:36,53,17,0,70
2022-07-17T10:54:30,53,17,0,70
2022-07-17T11:03:24,53,17,0,70
2022-07-17T11:12:19,53,17,0,70
2022-07-17T11:21:14,53,17,0,70
2022-07-17T11:30:09,53,17,0,70
2022-07-17T11:39:03,53,17,0,70
2022-07-17T11:47:58,53,17,0,70
2022-07-17T11:56:53,53,17,0,70
2022-07-17T12:05:47,53,17,0,70
2022-07-17T12:14:42,53,17,0,70
2022-07-17T12:23:36,53,17,0,70
2022-07-17T12:32:31,53,17,0,70
2022-07-17T12:41:26,53,17,0,70
2022-07-17T12:50:21,53,17,0,70
2022-07-17T12:59:15,53,17,0,70
2022-07-17T13:08:10,53,17,0,70
2022-07-17T13:17:04,53,17,0,70
2022-07-17T13:25:59,53,17,0,70
2022-07-17T13:34:53,53,17,0,70
2022-07-17T13:43:47,53,17,0,70
2022-07-17T13:52:42,53,17,0,70
2022-07-17T14:01:36,53,17,0,70
2022-07-17T14:10:31,53,17,0,70
2022-07-17T14:19:35,53,17,0,70
2022-07-17T14:28:30,53,17,0,70
2022-07-17T14:37:24,53,17,0,70
2022-07-17T14:46:18,53,17,0,70
2022-07-17T14:55:12,53,17,0,70
2022-07-17T15:04:07,53,17,0,70
2022-07-17T15:13:01,53,17,0,70
2022-07-17T15:21:55,53,17,0,70
2022-07-17T15:30:50,53,17,0,70
2022-07-17T15:39:44,53,17,0,70
2022-07-17T15:48:39,53,17,0,70
2022-07-17T15:57:34,53,17,0,70
2022-07-17T16:06:28,53,17,0,70
2022-07-17T16:15:24,53,17,0,70
2022-07-17T16:24:19,53,17,0,70
2022-07-17T16:33:13,53,17,0,70
2022-07-17T16:42:08,53,17,0,70
2022-07-17T16:51:03,53,17,0,70
2022-07-17T16:59:57,53,17,0,70
2022-07-17T17:08:52,53,17,0,70
2022-07-17T17:17:47,53,17,0,70
2022-07-17T17:26:42,53,17,0,70
2022-07-17T17:35:37,53,17,0,70
2022-07-17T17:44:32,53,17,0,70
2022-07-17T17:53:26,53,17,0,70
2022-07-17T18:02:30,53,17,0,70
2022-07-17T18:11:25,53,17,0,70
2022-07-17T18:20:19,53,17,0,70
2022-07-17T18:29:14,53,17,0,70
2022-07-17T18:38:08,53,17,0,70
2022-07-17T18:47:02,53,17,0,70
2022-07-17T18:55:57,53,17,0,70
2022-07-17T19:04:52,53,17,0,70
2022-07-17T19:13:47,53,17,0,70
2022-07-17T19:22:42,53,17,0,70
2022-07-17T19:31:37,53,17,0,70
2022-07-17T19:40:33,53,17,0,70
2022-07-17T19:49:29,53,17,0,70
2022-07-17T19:58:26,53,17,0,70
2022-07-17T20:07:26,53,17,0,70
2022-07-17T20:16:27,53,17,0,70
2022-07-17T20:25:22,53,17,0,70
2022-07-17T20:34:26,53,17,0,70
2022-07-17T20:43:20,53,17,0,70
2022-07-17T20:52:16,53,17,0,70
2022-07-17T21:01:11,53,17,0,70
2022-07-17T21:10:06,53,17,0,70
2022-07-17T21:19:01,53,17,0,70
2022-07-17T21:27:56,53,17,0,70
2022-07-17T21:36:51,53,17,0,70
2022-07-17T21:45:48,53,17,0,70
2022-07-17T21:54:44,53,17,0,70
2022-07-17T22:03:39,53,17,0,70
2022-07-17T22:12:34,53,17,0,70
2022-07-17T22:21:28,53,17,0,70
2022-07-17T22:30:22,53,17,0,70
2022-07-17T22:39:17,53,17,0,70
2022-07-17T22:48:11,53,17,0,70
2022-07-17T22:57:06,53,17,0,70
2022-07-17T23:06:02,53,17,0,70
2022-07-17T23:14:57,53,17,0,70
2022-07-17T23:23:52,53,17,0,70
2022-07-17T23:32:46,53,17,0,70
2022-07-17T23:41:41,53,17,0,70
2022-07-17T23:50:35,53,17,0,70
2022-07-17T23:59:39,53,17,0,70
2022-07-18T00:08:35,53,17,0,70
2022-07-18T00:17:34,53,17,0,70
2022-07-18T00:26:30,53,17,0,70
2022-07-18T00:35:28,53,17,0,70
2022-07-18T00:44:24,53,17,0,70
2022-07-18T00:53:21,53,17,0,70
2022-07-18T01:02:17,53,17,0,70
2022-07-18T01:11:20,53,17,0,70
2022-07-18T01:20:17,53,17,0,70
2022-07-18T01:29:14,53,17,0,70
2022-07-18T01:38:11,53,17,0,70
2022-07-18T01:47:06,53,17,0,70
2022-07-18T01:56:03,53,17,0,70
2022-07-18T02:05:15,53,17,0,70
2022-07-18T02:14:12,53,17,0,70
2022-07-18T02:23:08,53,17,0,70
2022-07-18T02:32:04,53,17,0,70
2022-07-18T02:41:02,53,17,0,70
2022-07-18T02:49:58,53,17,0,70
2022-07-18T02:58:53,53,17,0,70
2022-07-18T03:07:48,53,17,0,70
2022-07-18T03:16:43,53,17,0,70
2022-07-18T03:25:37,53,17,0,70
2022-07-18T03:34:32,53,17,0,70
2022-07-18T03:43:29,53,17,0,70
2022-07-18T03:52:26,53,17,0,70
2022-07-18T04:03:49,53,17,0,70
2022-07-18T04:12:45,53,17,0,70
2022-07-18T04:24:07,53,17,0,70
2022-07-18T04:33:26,53,17,0,70
2022-07-18T04:42:24,53,17,0,70
2022-07-18T04:51:24,53,17,0,70
2022-07-18T05:00:21,53,17,0,70
2022-07-18T05:09:19,53,17,0,70
2022-07-18T05:18:18,53,17,0,70
2022-07-18T05:27:15,53,17,0,70
2022-07-18T05:36:13,53,17,0,70
2022-07-18T05:45:08,53,17,0,70
2022-07-18T05:54:04,53,17,0,70
2022-07-18T06:03:00,53,17,0,70
2022-07-18T06:11:56,53,17,0,70
2022-07-18T06:20:52,53,17,0,70
2022-07-18T06:29:48,53,17,0,70
2022-07-18T06:38:43,53,17,0,70
2022-07-18T06:47:40,53,17,0,70
2022-07-18T06:56:35,53,17,0,70
2022-07-18T07:05:31,53,17,0,70
2022-07-18T07:14:26,53,17,0,70
2022-07-18T07:23:23,53,17,0,70
2022-07-18T07:32:18,53,17,0,70
2022-07-18T07:41:14,53,17,0,70
2022-07-18T07:50:10,53,17,0,70
2022-07-18T07:59:05,53,17,0,70
2022-07-18T08:08:01,53,17,0,70
2022-07-18T08:16:57,53,17,0,70
2022-07-18T08:25:53,53,17,0,70
2022-07-18T08:34:57,53,17,0,70
2022-07-18T08:43:54,53,17,0,70
2022-07-18T08:52:53,53,17,0,70
2022-07-18T09:01:50,53,17,0,70
2022-07-18T09:10:46,53,17,0,70
2022-07-18T09:19:43,53,17,0,70
2022-07-18T09:28:45,53,17,0,70
2022-07-18T09:37:50,53,17,0,70
2022-07-18T09:46:55,53,17,0,70
2022-07-18T09:55:59,53,17,0,70
2022-07-18T10:05:02,53,17,0,70
2022-07-18T10:14:05,53,17,0,70
2022-07-18T10:23:08,53,17,0,70
2022-07-18T10:32:12,53,17,0,70
2022-07-18T10:41:16,53,17,0,70
2022-07-18T10:50:20,53,17,0,70
2022-07-18T10:59:32,53,17,0,70
2022-07-18T11:08:32,53,17,0,70
2022-07-18T11:17:32,53,17,0,70
2022-07-18T11:26:30,53,17,0,70
2022-07-18T11:35:27,53,17,0,70
2022-07-18T11:44:23,53,17,0,70
2022-07-18T11:53:20,53,17,0,70
2022-07-18T12:02:16,53,17,0,70
2022-07-18T12:11:13,53,17,0,70
2022-07-18T12:20:08,53,17,0,70
2022-07-18T12:29:04,53,17,0,70
2022-07-18T12:37:59,53,17,0,70
2022-07-18T12:46:56,53,17,0,70
2022-07-18T12:55:52,53,17,0,70
2022-07-18T13:04:48,53,17,0,70
2022-07-18T13:13:44,53,17,0,70
2022-07-18T13:22:51,53,17,0,70
2022-07-18T13:31:47,53,17,0,70
2022-07-18T13:40:44,53,17,0,70
2022-07-18T13:49:40,53,17,0,70
2022-07-18T13:58:38,53,17,0,70
2022-07-18T14:07:34,53,17,0,70
2022-07-18T14:16:31,53,17,0,70
2022-07-18T14:25:28,53,17,0,70
2022-07-18T14:34:24,53,17,0,70
2022-07-18T14:43:22,53,17,0,70
2022-07-18T14:52:18,53,17,0,70
2022-07-18T15:01:13,53,17,0,70
2022-07-18T15:10:09,53,17,0,70
2022-07-18T15:19:05,53,17,0,70
2022-07-18T15:28:00,53,17,0,70
2022-07-18T15:37:07,53,17,0,70
2022-07-18T15:46:04,53,17,0,70
2022-07-18T15:55:00,53,17,0,70
2022-07-18T16:03:57,53,17,0,70
2022-07-18T16:12:53,53,17,0,70
2022-07-18T16:21:49,53,17,0,70
2022-07-18T16:30:46,53,17,0,70
2022-07-18T16:39:43,53,17,0,70
2022-07-18T16:48:39,53,17,0,70
2022-07-18T16:57:34,53,17,0,70
2022-07-18T17:06:31,53,17,0,70
2022-07-18T17:15:28,53,17,0,70
2022-07-18T17:24:33,53,17,0,70
2022-07-18T17:33:28,53,17,0,70
2022-07-18T17:42:23,53,17,0,70
2022-07-18T17:51:18,53,17,0,70
2022-07-18T18:00:14,53,17,0,70
2022-07-18T18:09:09,53,17,0,70
2022-07-18T18:18:04,53,17,0,70
2022-07-18T18:27:00,53,17,0,70
2022-07-18T18:35:56,53,17,0,70
2022-07-18T18:44:51,53,17,0,70
2022-07-18T18:53:45,53,17,0,70
2022-07-18T19:02:41,53,17,0,70
2022-07-18T19:11:38,53,17,0,70
2022-07-18T19:20:34,53,17,0,70
2022-07-18T19:29:30,53,17,0,70
2022-07-18T19:38:24,53,17,0,70
2022-07-18T19:47:20,53,17,0,70
2022-07-18T19:56:15,53,17,0,70
2022-07-18T20:05:09,53,17,0,70
2022-07-18T20:14:04,53,17,0,70
2022-07-18T20:23:10,53,17,0,70
2022-07-18T20:32:05,53,17,0,70
2022-07-18T20:40:59,53,17,0,70
2022-07-18T20:49:54,53,17,0,70
2022-07-18T20:58:48,53,17,0,70
2022-07-18T21:07:42,53,17,0,70
2022-07-18T21:16:37,53,17,0,70
2022-07-18T21:25:31,53,17,0,70
2022-07-18T21:34:26,53,17,0,70
2022-07-18T21:43:21,53,17,0,70
2022-07-18T21:52:16,53,17,0,70
2022-07-18T22:01:11,53,17,0,70
2022-07-18T22:10:05,53,17,0,70
2022-07-18T22:19:00,53,17,0,70
2022-07-18T22:27:55,53,17,0,70
2022-07-18T22:36:50,53,17,0,70
2022-07-18T22:45:44,53,17,0,70
2022-07-18T22:54:39,53,17,0,70
2022-07-18T23:03:34,53,17,0,70
2022-07-18T23:12:39,53,17,0,70
2022-07-18T23:21:34,53,17,0,70
2022-07-18T23:30:29,53,17,0,70
2022-07-18T23:39:24,53,17,0,70
2022-07-18T23:48:19,53,17,0,70
2022-07-18T23:57:14,53,17,0,70
2022-07-19T00:06:09,53,17,0,70
2022-07-19T00:15:08,53,17,0,70
2022-07-19T00:24:06,53,17,0,70
2022-07-19T00:33:13,53,17,0,70
2022-07-19T00:42:10,53,17,0,70
2022-07-19T00:51:08,53,17,0,70
2022-07-19T01:00:06,53,17,0,70
2022-07-19T01:09:02,53,17,0,70
2022-07-19T01:17:59,53,17,0,70
2022-07-19T01:26:57,53,17,0,70
2022-07-19T01:35:55,53,17,0,70
2022-07-19T01:44:51,53,17,0,70
2022-07-19T01:53:49,53,17,0,70
2022-07-19T02:02:46,53,17,0,70
2022-07-19T02:11:41,53,17,0,70
2022-07-19T02:20:36,53,17,0,70
2022-07-19T02:29:30,53,17,0,70
2022-07-19T02:38:24,53,17,0,70
2022-07-19T02:47:18,53,17,0,70
2022-07-19T02:56:13,53,17,0,70
2022-07-19T03:05:07,53,17,0,70
2022-07-19T03:14:01,53,17,0,70
2022-07-19T03:22:55,53,17,0,70
2022-07-19T03:31:48,53,17,0,70
2022-07-19T03:40:43,53,17,0,70
2022-07-19T03:49:38,53,17,0,70
2022-07-19T03:58:36,53,17,0,70
2022-07-19T04:09:52,53,17,0,70
2022-07-19T04:19:36,53,17,0,70
2022-07-19T04:28:58,53,17,0,70
2022-07-19T04:37:56,53,17,0,70
2022-07-19T04:46:54,53,17,0,70
2022-07-19T04:55:51,53,17,0,70
2022-07-19T05:04:49,53,17,0,70
2022-07-19T05:13:47,53,17,0,70
2022-07-19T05:22:45,53,17,0,70
2022-07-19T05:31:42,53,17,0,70
2022-07-19T05:40:38,53,17,0,70
2022-07-19T05:49:34,53,17,0,70
2022-07-19T05:58:30,53,17,0,70
2022-07-19T06:07:27,53,17,0,70
2022-07-19T06:16:23,53,17,0,70
2022-07-19T06:25:21,53,17,0,70
2022-07-19T06:34:18,53,17,0,70
2022-07-19T06:43:15,53,17,0,70
2022-07-19T06:52:11,53,17,0,70
2022-07-19T07:01:08,53,17,0,70
2022-07-19T07:10:05,53,17,0,70
2022-07-19T07:19:02,53,17,0,70
2022-07-19T07:27:58,53,17,0,70
2022-07-19T07:36:55,53,17,0,70
2022-07-19T07:45:50,53,17,0,70
2022-07-19T07:54:46,53,17,0,70
2022-07-19T08:03:41,53,17,0,70
2022-07-19T08:12:39,53,17,0,70
2022-07-19T08:21:34,53,17,0,70
2022-07-19T08:30:30,53,17,0,70
2022-07-19T08:39:26,53,17,0,70
2022-07-19T08:48:24,53,17,0,70
2022-07-19T08:57:20,53,17,0,70
2022-07-19T09:06:25,53,17,0,70
2022-07-19T09:15:21,53,17,0,70
2022-07-19T09:24:17,53,17,0,70
2022-07-19T09:33:13,53,17,0,70
2022-07-19T09:42:10,53,17,0,70
2022-07-19T09:51:07,53,17,0,70
2022-07-19T10:00:04,53,17,0,70
2022-07-19T10:09:01,53,17,0,70
2022-07-19T10:17:58,53,17,0,70
2022-07-19T10:26:55,53,17,0,70
2022-07-19T10:35:52,53,17,0,70
2022-07-19T10:44:48,53,17,0,70
2022-07-19T10:53:45,53,17,0,70
2022-07-19T11:02:43,53,17,0,70
2022-07-19T11:11:39,53,17,0,70
2022-07-19T11:20:36,53,17,0,70
2022-07-19T11:29:32,53,17,0,70
2022-07-19T11:38:30,53,17,0,70
2022-07-19T11:47:37,53,17,0,70
2022-07-19T11:56:33,53,17,0,70
2022-07-19T12:05:29,53,17,0,70
2022-07-19T12:14:25,53,17,0,70
2022-07-19T12:23:23,53,17,0,70
2022-07-19T12:32:19,53,17,0,70
2022-07-19T12:41:15,53,17,0,70
2022-07-19T12:50:11,53,17,0,70
2022-07-19T12:59:08,53,17,0,70
2022-07-19T13:08:04,53,17,0,70
2022-07-19T13:17:00,53,17,0,70
2022-07-19T13:25:56,53,17,0,70
2022-07-19T13:34:54,53,17,0,70
2022-07-19T13:43:51,53,17,0,70
2022-07-19T13:52:19,53,17,0,70
2022-07-19T14:01:15,53,17,0,70
2022-07-19T14:10:13,53,17,0,70
2022-07-19T14:19:09,53,17,0,70
2022-07-19T14:28:05,53,17,0,70
2022-07-19T14:37:03,53,17,0,70
2022-07-19T14:46:00,53,17,0,70
2022-07-19T14:54:56,53,17,0,70
2022-07-19T15:03:53,53,17,0,70
2022-07-19T15:12:51,53,17,0,70
2022-07-19T15:21:48,53,17,0,70
2022-07-19T15:30:44,53,17,0,70
2022-07-19T15:39:52,53,17,0,70
2022-07-19T15:48:49,53,17,0,70
2022-07-19T15:57:45,53,17,0,70
2022-07-19T16:06:41,53,17,0,70
2022-07-19T16:15:38,53,17,0,70
2022-07-19T16:24:33,53,17,0,70
2022-07-19T16:33:29,53,17,0,70
2022-07-19T16:42:25,53,17,0,70
2022-07-19T16:51:32,53,17,0,70
2022-07-19T17:00:28,53,17,0,70
2022-07-19T17:09:24,53,17,0,70
2022-07-19T17:18:20,53,17,0,70
2022-07-19T17:27:16,53,17,0,70
2022-07-19T17:36:12,53,17,0,70
2022-07-19T17:45:07,53,17,0,70
2022-07-19T17:54:02,53,17,0,70
2022-07-19T18:02:58,53,17,0,70
2022-07-19T18:11:54,53,17,0,70
2022-07-19T18:20:49,53,17,0,70
2022-07-19T18:29:45,53,17,0,70
2022-07-19T18:38:40,53,17,0,70
2022-07-19T18:47:45,53,17,0,70
2022-07-19T18:56:40,53,17,0,70
2022-07-19T19:05:35,53,17,0,70
2022-07-19T19:14:31,53,17,0,70
2022-07-19T19:23:27,53,17,0,70
2022-07-19T19:32:22,53,17,0,70
2022-07-19T19:41:17,53,17,0,70
2022-07-19T19:50:12,53,17,0,70
2022-07-19T19:59:09,53,17,0,70
2022-07-19T20:08:04,53,17,0,70
2022-07-19T20:17:00,53,17,0,70
2022-07-19T20:25:56,53,17,0,70
2022-07-19T20:35:02,53,17,0,70
2022-07-19T20:43:57,53,17,0,70
2022-07-19T20:52:52,53,17,0,70
2022-07-19T21:01:48,53,17,0,70
2022-07-19T21:10:43,53,17,0,70
2022-07-19T21:19:38,53,17,0,70
2022-07-19T21:28:33,53,17,0,70
2022-07-19T21:37:29,53,17,0,70
2022-07-19T21:46:25,53,17,0,70
2022-07-19T21:55:21,53,17,0,70
2022-07-19T22:04:16,53,17,0,70
2022-07-19T22:13:11,53,17,0,70
2022-07-19T22:22:07,53,17,0,70
2022-07-19T22:31:02,53,17,0,70
2022-07-19T22:40:08,53,17,0,70
2022-07-19T22:49:03,53,17,0,70
2022-07-19T22:57:58,53,17,0,70
2022-07-19T23:06:54,53,17,0,70
2022-07-19T23:15:50,53,17,0,70
2022-07-19T23:24:45,53,17,0,70
2022-07-19T23:33:40,53,17,0,70
2022-07-19T23:42:36,53,17,0,70
2022-07-19T23:51:31,53,17,0,70
2022-07-20T00:00:26,53,17,0,70
2022-07-20T00:09:24,53,17,0,70
2022-07-20T00:18:26,53,17,0,70
2022-07-20T00:27:20,53,17,0,70
2022-07-20T00:36:15,53,17,0,70
2022-07-20T00:45:09,53,17,0,70
2022-07-20T00:54:05,53,17,0,70
2022-07-20T01:03:09,53,17,0,70
2022-07-20T01:12:04,53,17,0,70
2022-07-20T01:20:59,53,17,0,70
2022-07-20T01:29:54,53,17,0,70
2022-07-20T01:38:49,53,17,0,70
2022-07-20T01:47:43,53,17,0,70
2022-07-20T01:56:38,53,17,0,70
2022-07-20T02:05:34,53,17,0,70
2022-07-20T02:14:30,53,17,0,70
2022-07-20T02:23:38,53,17,0,70
2022-07-20T02:32:33,53,17,0,70
2022-07-20T02:41:29,53,17,0,70
2022-07-20T02:50:23,53,17,0,70
2022-07-20T02:59:17,53,17,0,70
2022-07-20T03:08:11,53,17,0,70
2022-07-20T03:17:03,53,17,0,70
2022-07-20T03:26:00,53,17,0,70
2022-07-20T03:34:56,53,17,0,70
2022-07-20T03:43:53,53,17,0,70
2022-07-20T03:52:50,53,17,0,70
2022-07-20T04:01:46,53,17,0,70
2022-07-20T04:25:40,53,17,0,70
2022-07-20T04:34:41,53,17,0,70
2022-07-20T04:43:40,53,17,0,70
2022-07-20T04:52:38,53,17,0,70
2022-07-20T05:01:36,53,17,0,70
2022-07-20T05:10:35,53,17,0,70
2022-07-20T05:19:33,53,17,0,70
2022-07-20T05:28:31,53,17,0,70
2022-07-20T05:37:30,53,17,0,70
2022-07-20T05:46:29,53,17,0,70
2022-07-20T05:55:29,53,17,0,70
2022-07-20T06:04:26,53,17,0,70
2022-07-20T06:13:23,53,17,0,70
2022-07-20T06:22:20,53,17,0,70
2022-07-20T06:31:17,53,17,0,70
2022-07-20T06:40:12,53,17,0,70
2022-07-20T06:49:08,53,17,0,70
2022-07-20T06:58:03,53,17,0,70
2022-07-20T07:06:59,53,17,0,70
2022-07-20T07:15:54,53,17,0,70
2022-07-20T07:24:49,53,17,0,70
2022-07-20T07:33:46,53,17,0,70
2022-07-20T07:42:42,53,17,0,70
2022-07-20T07:51:37,53,17,0,70
2022-07-20T08:00:33,53,17,0,70
2022-07-20T08:09:29,53,17,0,70
2022-07-20T08:18:28,53,17,0,70
2022-07-20T08:27:25,53,17,0,70
2022-07-20T08:36:20,53,17,0,70
2022-07-20T08:45:16,53,17,0,70
2022-07-20T08:54:13,53,17,0,70
2022-07-20T09:03:09,53,17,0,70
2022-07-20T09:12:06,53,17,0,70
2022-07-20T09:21:02,53,17,0,70
2022-07-20T09:29:59,53,17,0,70
2022-07-20T09:38:55,53,17,0,70
2022-07-20T09:48:02,53,17,0,70
2022-07-20T09:56:59,53,17,0,70
2022-07-20T10:05:57,53,17,0,70
2022-07-20T10:14:55,53,17,0,70
2022-07-20T10:23:53,53,17,0,70
2022-07-20T10:32:51,53,17,0,70
2022-07-20T10:41:49,53,17,0,70
2022-07-20T10:50:46,53,17,0,70
2022-07-20T10:59:44,53,17,0,70
2022-07-20T11:08:41,53,17,0,70
2022-07-20T11:17:37,53,17,0,70
2022-07-20T11:26:34,53,17,0,70
2022-07-20T11:35:31,53,17,0,70
2022-07-20T11:44:31,53,17,0,70
2022-07-20T11:53:39,53,17,0,70
2022-07-20T12:02:35,53,17,0,70
2022-07-20T12:11:32,53,17,0,70
2022-07-20T12:20:30,53,17,0,70
2022-07-20T12:29:27,53,17,0,70
2022-07-20T12:38:23,53,17,0,70
2022-07-20T12:47:19,53,17,0,70
2022-07-20T12:56:15,53,17,0,70
2022-07-20T13:05:12,53,17,0,70
2022-07-20T13:14:09,53,17,0,70
2022-07-20T13:23:18,53,17,0,70
2022-07-20T13:32:14,53,17,0,70
2022-07-20T13:41:12,53,17,0,70
2022-07-20T13:50:09,53,17,0,70
2022-07-20T13:59:06,53,17,0,70
2022-07-20T14:08:03,53,17,0,70
2022-07-20T14:16:59,53,17,0,70
2022-07-20T14:25:57,53,17,0,70
2022-07-20T14:34:54,53,17,0,70
2022-07-20T14:43:53,53,17,0,70
2022-07-20T14:52:50,53,17,0,70
2022-07-20T15:01:58,53,17,0,70
2022-07-20T15:10:55,53,17,0,70
2022-07-20T15:19:53,53,17,0,70
2022-07-20T15:28:50,53,17,0,70
2022-07-20T15:37:47,53,17,0,70
2022-07-20T15:46:44,53,17,0,70
2022-07-20T15:55:40,53,17,0,70
2022-07-20T16:04:35,53,17,0,70
2022-07-20T16:13:32,53,17,0,70
2022-07-20T16:22:38,53,17,0,70
2022-07-20T16:31:36,53,17,0,70
2022-07-20T16:40:32,53,17,0,70
2022-07-20T16:49:28,53,17,0,70
2022-07-20T16:58:24,53,17,0,70
2022-07-20T17:07:20,53,17,0,70
2022-07-20T17:16:17,53,17,0,70
2022-07-20T17:25:13,53,17,0,70
2022-07-20T17:34:08,53,17,0,70
2022-07-20T17:43:03,53,17,0,70
2022-07-20T17:51:59,53,17,0,70
2022-07-20T18:00:55,53,17,0,70
2022-07-20T18:10:01,53,17,0,70
2022-07-20T18:18:57,53,17,0,70
2022-07-20T18:27:53,53,17,0,70
2022-07-20T18:36:49,53,17,0,70
2022-07-20T18:45:44,53,17,0,70
2022-07-20T18:54:41,53,17,0,70
2022-07-20T19:03:40,53,17,0,70
2022-07-20T19:12:38,53,17,0,70
2022-07-20T19:21:34,53,17,0,70
2022-07-20T19:30:30,53,17,0,70
2022-07-20T19:39:26,53,17,0,70
2022-07-20T19:48:31,53,17,0,70
2022-07-20T19:57:26,53,17,0,70
2022-07-20T20:06:21,53,17,0,70
2022-07-20T20:15:17,53,17,0,70
2022-07-20T20:24:13,53,17,0,70
2022-07-20T20:33:09,53,17,0,70
2022-07-20T20:42:05,53,17,0,70
2022-07-20T20:51:00,53,17,0,70
2022-07-20T20:59:55,53,17,0,70
2022-07-20T21:08:51,53,17,0,70
2022-07-20T21:17:57,53,17,0,70
2022-07-20T21:26:52,53,17,0,70
2022-07-20T21:35:48,53,17,0,70
2022-07-20T21:44:43,53,17,0,70
2022-07-20T21:53:40,53,17,0,70
2022-07-20T22:02:35,53,17,0,70
2022-07-20T22:11:31,53,17,0,70
2022-07-20T22:20:26,53,17,0,70
2022-07-20T22:29:25,53,17,0,70
2022-07-20T22:38:22,53,17,0,70
2022-07-20T22:47:18,53,17,0,70
2022-07-20T22:56:22,53,17,0,70
2022-07-20T23:05:18,53,17,0,70
2022-07-20T23:14:15,53,17,0,70
2022-07-20T23:23:12,53,17,0,70
2022-07-20T23:32:11,53,17,0,70
2022-07-20T23:41:06,53,17,0,70
2022-07-20T23:50:02,53,17,0,70
2022-07-20T23:58:57,53,17,0,70
2022-07-21T00:07:54,53,17,0,70
2022-07-21T00:16:52,53,17,0,70
2022-07-21T00:25:50,53,17,0,70
2022-07-21T00:34:48,53,17,0,70
2022-07-21T00:43:47,53,17,0,70
2022-07-21T00:52:47,53,17,0,70
2022-07-21T01:01:45,53,17,0,70
2022-07-21T01:10:44,53,17,0,70
2022-07-21T01:19:51,53,17,0,70
2022-07-21T01:28:48,53,17,0,70
2022-07-21T01:37:45,53,17,0,70
2022-07-21T01:46:42,53,17,0,70
2022-07-21T01:55:40,53,17,0,70
2022-07-21T02:04:36,53,17,0,70
2022-07-21T02:13:32,53,17,0,70
2022-07-21T02:22:27,53,17,0,70
2022-07-21T02:31:22,53,17,0,70
2022-07-21T02:40:17,53,17,0,70
2022-07-21T02:49:12,53,17,0,70
2022-07-21T02:58:07,53,17,0,70
2022-07-21T03:07:01,53,17,0,70
2022-07-21T03:15:56,53,17,0,70
2022-07-21T03:24:50,53,17,0,70
2022-07-21T03:33:45,53,17,0,70
2022-07-21T03:42:41,53,17,0,70
2022-07-21T03:51:37,53,17,0,70
2022-07-21T04:00:35,53,17,0,70
2022-07-21T04:09:33,53,17,0,70
2022-07-21T04:21:02,53,17,0,70
2022-07-21T04:30:19,53,17,0,70
2022-07-21T04:39:19,53,17,0,70
2022-07-21T04:48:18,53,17,0,70
2022-07-21T04:57:16,53,17,0,70
2022-07-21T05:06:15,53,17,0,70
2022-07-21T05:15:13,53,17,0,70
2022-07-21T05:24:11,53,17,0,70
2022-07-21T05:33:08,53,17,0,70
2022-07-21T05:42:05,53,17,0,70
2022-07-21T05:51:02,53,17,0,70
2022-07-21T05:59:59,53,17,0,70
2022-07-21T06:08:57,53,17,0,70
2022-07-21T06:17:56,53,17,0,70
2022-07-21T06:27:04,53,17,0,70
2022-07-21T06:36:14,53,17,0,70
2022-07-21T06:45:24,53,17,0,70
2022-07-21T06:54:36,53,17,0,70
2022-07-21T07:03:43,53,17,0,70
2022-07-21T07:12:57,53,17,0,70
2022-07-21T07:22:15,53,17,0,70
2022-07-21T07:31:32,53,17,0,70
2022-07-21T07:40:48,53,17,0,70
2022-07-21T07:50:01,53,17,0,70
2022-07-21T07:59:07,53,17,0,70
2022-07-21T08:08:13,53,17,0,70
2022-07-21T08:17:18,53,17,0,70
2022-07-21T08:26:24,53,17,0,70
2022-07-21T08:35:32,53,17,0,70
2022-07-21T08:44:38,53,17,0,70
2022-07-21T08:53:42,53,17,0,70
2022-07-21T09:02:47,53,17,0,70
2022-07-21T09:11:45,53,17,0,70
2022-07-21T09:20:43,53,17,0,70
2022-07-21T09:29:42,53,17,0,70
2022-07-21T09:38:41,53,17,0,70
2022-07-21T09:47:39,53,17,0,70
2022-07-21T09:56:36,53,17,0,70
2022-07-21T10:05:33,53,17,0,70
2022-07-21T10:14:39,53,17,0,70
2022-07-21T10:23:37,53,17,0,70
2022-07-21T10:32:34,53,17,0,70
2022-07-21T10:41:30,53,17,0,70
2022-07-21T10:50:27,53,17,0,70
2022-07-21T10:59:25,53,17,0,70
2022-07-21T11:08:22,53,17,0,70
2022-07-21T11:17:19,53,17,0,70
2022-07-21T11:26:15,53,17,0,70
2022-07-21T11:35:12,53,17,0,70
2022-07-21T11:44:09,53,17,0,70
2022-07-21T11:53:07,53,17,0,70
2022-07-21T12:02:04,53,17,0,70
2022-07-21T12:11:11,53,17,0,70
2022-07-21T12:20:08,53,17,0,70
2022-07-21T12:29:05,53,17,0,70
2022-07-21T12:38:02,53,17,0,70
2022-07-21T12:46:59,53,17,0,70
2022-07-21T12:55:56,53,17,0,70
2022-07-21T13:04:52,53,17,0,70
2022-07-21T13:13:49,53,17,0,70
2022-07-21T13:22:48,53,17,0,70
2022-07-21T13:31:45,53,17,0,70
2022-07-21T13:40:41,53,17,0,70
2022-07-21T13:49:38,53,17,0,70
2022-07-21T13:58:34,53,17,0,70
2022-07-21T14:07:31,53,17,0,70
2022-07-21T14:16:28,53,17,0,70
2022-07-21T14:25:24,53,17,0,70
2022-07-21T14:34:20,53,17,0,70
2022-07-21T14:43:27,53,17,0,70
2022-07-21T14:52:24,53,17,0,70
2022-07-21T15:01:21,53,17,0,70
2022-07-21T15:10:18,53,17,0,70
2022-07-21T15:19:14,53,17,0,70
2022-07-21T15:28:12,53,17,0,70
2022-07-21T15:37:08,53,17,0,70
2022-07-21T15:46:05,53,17,0,70
2022-07-21T15:55:01,53,17,0,70
2022-07-21T16:03:59,53,17,0,70
2022-07-21T16:12:55,53,17,0,70
2022-07-21T16:21:51,53,17,0,70
2022-07-21T16:30:48,53,17,0,70
2022-07-21T16:39:44,53,17,0,70
2022-07-21T16:48:51,53,17,0,70
2022-07-21T16:57:47,53,17,0,70
2022-07-21T17:06:44,53,17,0,70
2022-07-21T17:15:40,53,17,0,70
2022-07-21T17:24:36,53,17,0,70
2022-07-21T17:33:31,53,17,0,70
2022-07-21T17:42:27,53,17,0,70
2022-07-21T17:51:23,53,17,0,70
2022-07-21T18:00:19,53,17,0,70
2022-07-21T18:09:16,53,17,0,70
2022-07-21T18:18:11,53,17,0,70
2022-07-21T18:27:07,53,17,0,70
2022-07-21T18:36:03,53,17,0,70
2022-07-21T18:44:59,53,17,0,70
2022-07-21T18:53:55,53,17,0,70
2022-07-21T19:02:52,53,17,0,70
2022-07-21T19:11:49,53,17,0,70
2022-07-21T19:20:46,53,17,0,70
2022-07-21T19:29:44,53,17,0,70
2022-07-21T19:38:40,53,17,0,70
2022-07-21T19:47:47,53,17,0,70
2022-07-21T19:56:43,53,17,0,70
2022-07-21T20:05:38,53,17,0,70
2022-07-21T20:14:34,53,17,0,70
2022-07-21T20:23:29,53,17,0,70
2022-07-21T20:32:24,53,17,0,70
2022-07-21T20:41:20,53,17,0,70
2022-07-21T20:50:16,53,17,0,70
2022-07-21T20:59:10,53,17,0,70
2022-07-21T21:08:06,53,17,0,70
2022-07-21T21:17:02,53,17,0,70
2022-07-21T21:25:57,53,17,0,70
2022-07-21T21:34:53,53,17,0,70
2022-07-21T21:43:49,53,17,0,70
2022-07-21T21:52:46,53,17,0,70
2022-07-21T22:01:41,53,17,0,70
2022-07-21T22:10:37,53,17,0,70
2022-07-21T22:19:32,53,17,0,70
2022-07-21T22:28:27,53,17,0,70
2022-07-21T22:37:23,53,17,0,70
2022-07-21T22:46:19,53,17,0,70
2022-07-21T22:55:14,53,17,0,70
2022-07-21T23:04:10,53,17,0,70
2022-07-21T23:13:07,53,17,0,70
2022-07-21T23:22:02,53,17,0,70
2022-07-21T23:31:08,53,17,0,70
2022-07-21T23:40:03,53,17,0,70
2022-07-21T23:48:59,53,17,0,70
2022-07-21T23:57:54,53,17,0,70
2022-07-22T00:06:51,53,17,0,70
2022-07-22T00:15:51,53,17,0,70
2022-07-22T00:24:49,53,17,0,70
2022-07-22T00:33:46,53,17,0,70
2022-07-22T00:42:44,53,17,0,70
2022-07-22T00:51:42,53,17,0,70
2022-07-22T01:00:40,53,17,0,70
2022-07-22T01:09:38,53,17,0,70
2022-07-22T01:18:37,53,17,0,70
2022-07-22T01:27:35,53,17,0,70
2022-07-22T01:36:33,53,17,0,70
2022-07-22T01:45:30,53,17,0,70
2022-07-22T01:54:28,53,17,0,70
2022-07-22T02:03:24,53,17,0,70
2022-07-22T02:12:21,53,17,0,70
2022-07-22T02:21:20,53,17,0,70
2022-07-22T02:30:25,53,17,0,70
2022-07-22T02:39:23,53,17,0,70
2022-07-22T02:48:20,53,17,0,70
2022-07-22T02:57:16,53,17,0,70
2022-07-22T03:06:12,53,17,0,70
2022-07-22T03:15:07,53,17,0,70
2022-07-22T03:24:03,53,17,0,70
2022-07-22T03:33:00,53,17,0,70
2022-07-22T03:41:57,53,17,0,70
2022-07-22T03:50:54,53,17,0,70
2022-07-22T03:59:51,53,17,0,70
2022-07-22T04:08:48,53,17,0,70
2022-07-22T04:27:42,53,17,0,70
2022-07-22T04:36:43,53,17,0,70
2022-07-22T04:45:42,53,17,0,70
2022-07-22T04:54:41,53,17,0,70
2022-07-22T05:03:40,53,17,0,70
2022-07-22T05:12:39,53,17,0,70
2022-07-22T05:21:36,53,17,0,70
2022-07-22T05:30:37,53,17,0,70
2022-07-22T05:39:36,53,17,0,70
2022-07-22T05:48:34,53,17,0,70
2022-07-22T05:57:32,53,17,0,70
2022-07-22T06:06:30,53,17,0,70
2022-07-22T06:15:25,53,17,0,70
2022-07-22T06:24:21,53,17,0,70
2022-07-22T06:33:16,53,17,0,70
2022-07-22T06:42:11,53,17,0,70
2022-07-22T06:51:06,53,17,0,70
2022-07-22T07:00:01,53,17,0,70
2022-07-22T07:08:58,53,17,0,70
2022-07-22T07:17:54,53,17,0,70
2022-07-22T07:26:49,53,17,0,70
2022-07-22T07:35:45,53,17,0,70
2022-07-22T07:44:42,53,17,0,70
2022-07-22T07:53:38,53,17,0,70
2022-07-22T08:02:34,53,17,0,70
2022-07-22T08:11:30,53,17,0,70
2022-07-22T08:20:26,53,17,0,70
2022-07-22T08:29:23,53,17,0,70
2022-07-22T08:38:19,53,17,0,70
2022-07-22T08:47:15,53,17,0,70
2022-07-22T08:56:11,53,17,0,70
2022-07-22T09:05:07,53,17,0,70
2022-07-22T09:14:04,53,17,0,70
2022-07-22T09:23:00,53,17,0,70
2022-07-22T09:31:56,53,17,0,70
2022-07-22T09:40:55,53,17,0,70
2022-07-22T09:49:52,53,17,0,70
2022-07-22T09:58:49,53,17,0,70
2022-07-22T10:07:45,53,17,0,70
2022-07-22T10:16:43,53,17,0,70
2022-07-22T10:25:41,53,17,0,70
2022-07-22T10:34:38,53,17,0,70
2022-07-22T10:43:34,53,17,0,70
2022-07-22T10:52:41,53,17,0,70
2022-07-22T11:01:38,53,17,0,70
2022-07-22T11:10:35,53,17,0,70
2022-07-22T11:19:32,53,17,0,70
2022-07-22T11:28:29,53,17,0,70
2022-07-22T11:37:29,53,17,0,70
2022-07-22T11:46:26,53,17,0,70
2022-07-22T11:55:23,53,17,0,70
2022-07-22T12:04:21,53,17,0,70
2022-07-22T12:13:18,53,17,0,70
2022-07-22T12:22:15,53,17,0,70
2022-07-22T12:31:11,53,17,0,70
2022-07-22T12:40:08,53,17,0,70
2022-07-22T12:49:05,53,17,0,70
2022-07-22T12:58:03,53,17,0,70
2022-07-22T13:07:00,53,17,0,70
2022-07-22T13:15:58,53,17,0,70
2022-07-22T13:24:55,53,17,0,70
2022-07-22T13:33:53,53,17,0,70
2022-07-22T13:42:51,53,17,0,70
2022-07-22T13:51:48,53,17,0,70
2022-07-22T14:00:46,53,17,0,70
2022-07-22T14:09:57,53,17,0,70
2022-07-22T14:18:55,53,17,0,70
2022-07-22T14:27:54,53,17,0,70
2022-07-22T14:36:51,53,17,0,70
2022-07-22T14:45:49,53,17,0,70
2022-07-22T14:54:46,53,17,0,70
2022-07-22T15:03:45,53,17,0,70
2022-07-22T15:12:42,53,17,0,70
2022-07-22T15:21:39,53,17,0,70
2022-07-22T15:30:37,53,17,0,70
2022-07-22T15:39:34,53,17,0,70
2022-07-22T15:48:32,53,17,0,70
2022-07-22T15:57:29,53,17,0,70
2022-07-22T16:06:26,53,17,0,70
2022-07-22T16:15:24,53,17,0,70
2022-07-22T16:24:23,53,17,0,70
2022-07-22T16:33:21,53,17,0,70
2022-07-22T16:42:18,53,17,0,70
2022-07-22T16:51:24,53,17,0,70
2022-07-22T17:00:22,53,17,0,70
2022-07-22T17:09:19,53,17,0,70
2022-07-22T17:18:17,53,17,0,70
2022-07-22T17:27:14,53,17,0,70
2022-07-22T17:36:11,53,17,0,70
2022-07-22T17:45:08,53,17,0,70
2022-07-22T17:54:05,53,17,0,70
2022-07-22T18:03:01,53,17,0,70
2022-07-22T18:11:58,53,17,0,70
2022-07-22T18:20:55,53,17,0,70
2022-07-22T18:29:51,53,17,0,70
2022-07-22T18:38:48,53,17,0,70
2022-07-22T18:47:45,53,17,0,70
2022-07-22T18:56:41,53,17,0,70
2022-07-22T19:05:38,53,17,0,70
2022-07-22T19:14:35,53,17,0,70
2022-07-22T19:23:34,53,17,0,70
2022-07-22T19:32:31,53,17,0,70
2022-07-22T19:41:27,53,17,0,70
2022-07-22T19:50:38,53,17,0,70
2022-07-22T19:59:42,53,17,0,70
2022-07-22T20:08:45,53,17,0,70
2022-07-22T20:17:49,53,17,0,70
2022-07-22T20:26:53,53,17,0,70
2022-07-22T20:35:56,53,17,0,70
2022-07-22T20:45:00,53,17,0,70
2022-07-22T20:54:04,53,17,0,70
2022-07-22T21:03:07,53,17,0,70
2022-07-22T21:12:10,53,17,0,70
2022-07-22T21:21:11,53,17,0,70
2022-07-22T21:30:12,53,17,0,70
2022-07-22T21:39:12,53,17,0,70
2022-07-22T21:48:12,53,17,0,70
2022-07-22T21:57:08,53,17,0,70
2022-07-22T22:06:04,53,17,0,70
2022-07-22T22:15:11,53,17,0,70
2022-07-22T22:24:07,53,17,0,70
2022-07-22T22:33:04,53,17,0,70
2022-07-22T22:42:02,53,17,0,70
2022-07-22T22:51:00,53,17,0,70
2022-07-22T22:59:57,53,17,0,70
2022-07-22T23:08:55,53,17,0,70
2022-07-22T23:17:52,53,17,0,70
2022-07-22T23:26:48,53,17,0,70
2022-07-22T23:35:45,53,17,0,70
2022-07-22T23:44:41,53,17,0,70
2022-07-22T23:53:47,53,17,0,70
2022-07-23T00:02:44,53,17,0,70
2022-07-23T00:11:42,53,17,0,70
2022-07-23T00:20:41,53,17,0,70
2022-07-23T00:29:40,53,17,0,70
2022-07-23T00:38:40,53,17,0,70
2022-07-23T00:47:39,53,17,0,70
2022-07-23T00:56:38,53,17,0,70
2022-07-23T01:05:37,53,17,0,70
2022-07-23T01:14:37,53,17,0,70
2022-07-23T01:23:36,53,17,0,70
2022-07-23T01:32:34,53,17,0,70
2022-07-23T01:41:32,53,17,0,70
2022-07-23T01:50:30,53,17,0,70
2022-07-23T01:59:28,53,17,0,70
2022-07-23T02:08:27,53,17,0,70
2022-07-23T02:17:25,53,17,0,70
2022-07-23T02:26:21,53,17,0,70
2022-07-23T02:35:18,53,17,0,70
2022-07-23T02:44:15,53,17,0,70
2022-07-23T02:53:12,53,17,0,70
2022-07-23T03:02:20,53,17,0,70
2022-07-23T03:11:16,53,17,0,70
2022-07-23T03:20:12,53,17,0,70
2022-07-23T03:29:07,53,17,0,70
2022-07-23T03:38:04,53,17,0,70
2022-07-23T03:47:02,53,17,0,70
2022-07-23T03:57:46,53,17,0,70
2022-07-23T04:07:10,53,17,0,70
2022-07-23T04:16:54,53,17,0,70
2022-07-23T04:26:17,53,17,0,70
2022-07-23T04:35:17,53,17,0,70
2022-07-23T04:44:16,53,17,0,70
2022-07-23T04:53:16,53,17,0,70
2022-07-23T05:02:18,53,17,0,70
2022-07-23T05:11:28,53,17,0,70
2022-07-23T05:20:28,53,17,0,70
2022-07-23T05:29:27,53,17,0,70
2022-07-23T05:38:27,53,17,0,70
2022-07-23T05:47:28,53,17,0,70
2022-07-23T05:56:27,53,17,0,70
2022-07-23T06:05:26,53,17,0,70
2022-07-23T06:14:24,53,17,0,70
2022-07-23T06:23:23,53,17,0,70
2022-07-23T06:32:22,53,17,0,70
2022-07-23T06:41:23,53,17,0,70
2022-07-23T06:50:21,53,17,0,70
2022-07-23T06:59:20,53,17,0,70
2022-07-23T07:08:21,53,17,0,70
2022-07-23T07:17:21,53,17,0,70
2022-07-23T07:26:19,53,17,0,70
2022-07-23T07:35:17,53,17,0,70
2022-07-23T07:44:15,53,17,0,70
2022-07-23T07:53:14,53,17,0,70
2022-07-23T08:02:12,53,17,0,70
2022-07-23T08:11:11,53,17,0,70
2022-07-23T08:20:09,53,17,0,70
2022-07-23T08:29:08,53,17,0,70
2022-07-23T08:38:08,53,17,0,70
2022-07-23T08:47:08,53,17,0,70
2022-07-23T08:56:07,53,17,0,70
2022-07-23T09:05:06,53,17,0,70
2022-07-23T09:14:03,53,17,0,70
2022-07-23T09:23:01,53,17,0,70
2022-07-23T09:31:58,53,17,0,70
2022-07-23T09:40:56,53,17,0,70
2022-07-23T09:50:03,53,17,0,70
2022-07-23T09:58:59,53,17,0,70
2022-07-23T10:07:57,53,17,0,70
2022-07-23T10:16:55,53,17,0,70
2022-07-23T10:25:52,53,17,0,70
2022-07-23T10:34:50,53,17,0,70
2022-07-23T10:43:47,53,17,0,70
2022-07-23T10:52:43,53,17,0,70
2022-07-23T11:01:39,53,17,0,70
2022-07-23T11:10:35,53,17,0,70
2022-07-23T11:19:32,53,17,0,70
2022-07-23T11:28:28,53,17,0,70
2022-07-23T11:37:24,53,17,0,70
2022-07-23T11:46:20,53,17,0,70
2022-07-23T11:55:17,53,17,0,70
2022-07-23T12:04:13,53,17,0,70
2022-07-23T12:13:10,53,17,0,70
2022-07-23T12:22:06,53,17,0,70
2022-07-23T12:31:02,53,17,0,70
2022-07-23T12:39:58,53,17,0,70
2022-07-23T12:48:55,53,17,0,70
2022-07-23T12:57:51,53,17,0,70
2022-07-23T13:06:47,53,17,0,70
2022-07-23T13:15:43,53,17,0,70
2022-07-23T13:24:40,53,17,0,70
2022-07-23T13:33:37,53,17,0,70
2022-07-23T13:42:34,53,17,0,70
2022-07-23T13:51:30,53,17,0,70
2022-07-23T14:00:39,53,17,0,70
2022-07-23T14:09:35,53,17,0,70
2022-07-23T14:18:32,53,17,0,70
2022-07-23T14:27:29,53,17,0,70
2022-07-23T14:36:25,53,17,0,70
2022-07-23T14:45:21,53,17,0,70
2022-07-23T14:54:18,53,17,0,70
2022-07-23T15:03:15,53,17,0,70
2022-07-23T15:12:11,53,17,0,70
2022-07-23T15:21:07,53,17,0,70
2022-07-23T15:30:03,53,17,0,70
2022-07-23T15:38:59,53,17,0,70
2022-07-23T15:47:56,53,17,0,70
2022-07-23T15:56:52,53,17,0,70
2022-07-23T16:05:48,53,17,0,70
2022-07-23T16:14:44,53,17,0,70
2022-07-23T16:23:41,53,17,0,70
2022-07-23T16:32:37,53,17,0,70
2022-07-23T16:41:33,53,17,0,70
2022-07-23T16:50:30,53,17,0,70
2022-07-23T16:59:26,53,17,0,70
2022-07-23T17:08:23,53,17,0,70
2022-07-23T17:17:20,53,17,0,70
2022-07-23T17:26:17,53,17,0,70
2022-07-23T17:35:12,53,17,0,70
2022-07-23T17:44:08,53,17,0,70
2022-07-23T17:53:04,53,17,0,70
2022-07-23T18:02:00,53,17,0,70
2022-07-23T18:10:56,53,17,0,70
2022-07-23T18:19:52,53,17,0,70
2022-07-23T18:28:50,53,17,0,70
2022-07-23T18:37:56,53,17,0,70
2022-07-23T18:46:53,53,17,0,70
2022-07-23T18:55:48,53,17,0,70
2022-07-23T19:04:44,53,17,0,70
2022-07-23T19:13:40,53,17,0,70
2022-07-23T19:22:36,53,17,0,70
2022-07-23T19:31:32,53,17,0,70
2022-07-23T19:40:28,53,17,0,70
2022-07-23T19:49:24,53,17,0,70
2022-07-23T19:58:20,53,17,0,70
2022-07-23T20:07:18,53,17,0,70
2022-07-23T20:16:15,53,17,0,70
2022-07-23T20:25:11,53,17,0,70
2022-07-23T20:34:08,53,17,0,70
2022-07-23T20:43:04,53,17,0,70
2022-07-23T20:52:00,53,17,0,70
2022-07-23T21:00:56,53,17,0,70
2022-07-23T21:09:53,53,17,0,70
2022-07-23T21:18:49,53,17,0,70
2022-07-23T21:27:45,53,17,0,70
2022-07-23T21:36:42,53,17,0,70
2022-07-23T21:45:38,53,17,0,70
2022-07-23T21:54:36,53,17,0,70
2022-07-23T22:03:43,53,17,0,70
2022-07-23T22:12:40,53,17,0,70
2022-07-23T22:21:36,53,17,0,70
2022-07-23T22:30:33,53,17,0,70
2022-07-23T22:39:29,53,17,0,70
2022-07-23T22:48:26,53,17,0,70
2022-07-23T22:57:22,53,17,0,70
2022-07-23T23:06:19,53,17,0,70
2022-07-23T23:15:16,53,17,0,70
2022-07-23T23:24:13,53,17,0,70
2022-07-23T23:33:09,53,17,0,70
2022-07-23T23:42:05,53,17,0,70
2022-07-23T23:51:01,53,17,0,70
2022-07-23T23:59:58,53,17,0,70
2022-07-24T00:08:56,53,17,0,70
2022-07-24T00:17:56,53,17,0,70
2022-07-24T00:26:54,53,17,0,70
2022-07-24T00:35:51,53,17,0,70
2022-07-24T00:44:49,53,17,0,70
2022-07-24T00:53:48,53,17,0,70
2022-07-24T01:02:44,53,17,0,70
2022-07-24T01:11:41,53,17,0,70
2022-07-24T01:20:37,53,17,0,70
2022-07-24T01:29:33,53,17,0,70
2022-07-24T01:38:29,53,17,0,70
2022-07-24T01:47:25,53,17,0,70
2022-07-24T01:56:32,53,17,0,70
2022-07-24T02:05:30,53,17,0,70
2022-07-24T02:14:26,53,17,0,70
2022-07-24T02:23:26,53,17,0,70
2022-07-24T02:32:30,53,17,0,70
2022-07-24T02:41:30,53,17,0,70
2022-07-24T02:50:29,53,17,0,70
2022-07-24T02:59:47,53,17,0,70
2022-07-24T03:08:47,53,17,0,70
2022-07-24T03:17:47,53,17,0,70
2022-07-24T03:26:46,53,17,0,70
2022-07-24T03:35:46,53,17,0,70
2022-07-24T03:44:45,53,17,0,70
2022-07-24T03:53:43,53,17,0,70
2022-07-24T04:02:42,53,17,0,70
2022-07-24T04:18:09,53,17,0,70
2022-07-24T04:27:32,53,17,0,70
2022-07-24T04:36:33,53,17,0,70
2022-07-24T04:45:32,53,17,0,70
2022-07-24T04:54:33,53,17,0,70
2022-07-24T05:03:33,53,17,0,70
2022-07-24T05:12:34,53,17,0,70
2022-07-24T05:21:33,53,17,0,70
2022-07-24T05:30:33,53,17,0,70
2022-07-24T05:39:33,53,17,0,70
2022-07-24T05:48:31,53,17,0,70
2022-07-24T05:57:30,53,17,0,70
2022-07-24T06:06:29,53,17,0,70
2022-07-24T06:15:28,53,17,0,70
2022-07-24T06:24:26,53,17,0,70
2022-07-24T06:33:26,53,17,0,70
2022-07-24T06:42:26,53,17,0,70
2022-07-24T06:51:23,53,17,0,70
2022-07-24T07:00:19,53,17,0,70
2022-07-24T07:09:16,53,17,0,70
2022-07-24T07:18:12,53,17,0,70
2022-07-24T07:27:08,53,17,0,70
2022-07-24T07:36:05,53,17,0,70
2022-07-24T07:45:02,53,17,0,70
2022-07-24T07:53:58,53,17,0,70
2022-07-24T08:02:54,53,17,0,70
2022-07-24T08:11:50,53,17,0,70
2022-07-24T08:20:47,53,17,0,70
2022-07-24T08:29:46,53,17,0,70
2022-07-24T08:38:43,53,17,0,70
2022-07-24T08:47:40,53,17,0,70
2022-07-24T08:56:37,53,17,0,70
2022-07-24T09:05:35,53,17,0,70
2022-07-24T09:14:31,53,17,0,70
2022-07-24T09:23:27,53,17,0,70
2022-07-24T09:32:24,53,17,0,70
2022-07-24T09:41:24,53,17,0,70
2022-07-24T09:50:21,53,17,0,70
2022-07-24T09:59:19,53,17,0,70
2022-07-24T10:08:17,53,17,0,70
2022-07-24T10:17:14,53,17,0,70
2022-07-24T10:26:13,53,17,0,70
2022-07-24T10:35:10,53,17,0,70
2022-07-24T10:44:06,53,17,0,70
2022-07-24T10:53:03,53,17,0,70
2022-07-24T11:02:09,53,17,0,70
2022-07-24T11:11:06,53,17,0,70
2022-07-24T11:20:03,53,17,0,70
2022-07-24T11:29:00,53,17,0,70
2022-07-24T11:37:58,53,17,0,70
2022-07-24T11:46:55,53,17,0,70
2022-07-24T11:55:52,53,17,0,70
2022-07-24T12:04:49,53,17,0,70
2022-07-24T12:13:46,53,17,0,70
2022-07-24T12:22:43,53,17,0,70
2022-07-24T12:31:40,53,17,0,70
2022-07-24T12:40:37,53,17,0,70
2022-07-24T12:49:34,53,17,0,70
2022-07-24T12:58:30,53,17,0,70
2022-07-24T13:07:27,53,17,0,70
2022-07-24T13:16:23,53,17,0,70
2022-07-24T13:25:20,53,17,0,70
2022-07-24T13:34:17,53,17,0,70
2022-07-24T13:43:13,53,17,0,70
2022-07-24T13:52:10,53,17,0,70
2022-07-24T14:01:07,53,17,0,70
2022-07-24T14:10:15,53,17,0,70
2022-07-24T14:19:12,53,17,0,70
2022-07-24T14:28:08,53,17,0,70
2022-07-24T14:37:04,53,17,0,70
2022-07-24T14:46:01,53,17,0,70
2022-07-24T14:54:58,53,17,0,70
2022-07-24T15:03:54,53,17,0,70
2022-07-24T15:12:51,53,17,0,70
2022-07-24T15:21:47,53,17,0,70
2022-07-24T15:30:44,53,17,0,70
2022-07-24T15:39:40,53,17,0,70
2022-07-24T15:48:37,53,17,0,70
2022-07-24T15:57:34,53,17,0,70
2022-07-24T16:06:30,53,17,0,70
2022-07-24T16:15:27,53,17,0,70
2022-07-24T16:24:24,53,17,0,70
2022-07-24T16:33:21,53,17,0,70
2022-07-24T16:42:18,53,17,0,70
2022-07-24T16:51:14,53,17,0,70
2022-07-24T17:00:11,53,17,0,70
2022-07-24T17:09:07,53,17,0,70
2022-07-24T17:18:14,53,17,0,70
2022-07-24T17:27:11,53,17,0,70
2022-07-24T17:36:07,53,17,0,70
2022-07-24T17:45:04,53,17,0,70
2022-07-24T17:54:00,53,17,0,70
2022-07-24T18:02:56,53,17,0,70
2022-07-24T18:11:53,53,17,0,70
2022-07-24T18:20:49,53,17,0,70
2022-07-24T18:29:46,53,17,0,70
2022-07-24T18:38:43,53,17,0,70
2022-07-24T18:47:40,53,17,0,70
2022-07-24T18:56:37,53,17,0,70
2022-07-24T19:05:34,53,17,0,70
2022-07-24T19:14:31,53,17,0,70
2022-07-24T19:23:27,53,17,0,70
2022-07-24T19:32:24,53,17,0,70
2022-07-24T19:41:21,53,17,0,70
2022-07-24T19:50:18,53,17,0,70
2022-07-24T19:59:15,53,17,0,70
2022-07-24T20:08:12,53,17,0,70
2022-07-24T20:17:09,53,17,0,70
2022-07-24T20:26:16,53,17,0,70
2022-07-24T20:35:12,53,17,0,70
2022-07-24T20:44:09,53,17,0,70
2022-07-24T20:53:07,53,17,0,70
2022-07-24T21:02:04,53,17,0,70
2022-07-24T21:11:01,53,17,0,70
2022-07-24T21:19:57,53,17,0,70
2022-07-24T21:28:54,53,17,0,70
2022-07-24T21:37:52,53,17,0,70
2022-07-24T21:46:49,53,17,0,70
2022-07-24T21:55:46,53,17,0,70
2022-07-24T22:04:43,53,17,0,70
2022-07-24T22:13:40,53,17,0,70
2022-07-24T22:22:37,53,17,0,70
2022-07-24T22:31:35,53,17,0,70
2022-07-24T22:40:32,53,17,0,70
2022-07-24T22:49:29,53,17,0,70
2022-07-24T22:58:37,53,17,0,70
2022-07-24T23:07:36,53,17,0,70
2022-07-24T23:16:34,53,17,0,70
2022-07-24T23:25:32,53,17,0,70
2022-07-24T23:34:29,53,17,0,70
2022-07-24T23:43:25,53,17,0,70
2022-07-24T23:52:22,53,17,0,70
2022-07-25T00:01:19,53,17,0,70
2022-07-25T00:10:16,53,17,0,70
2022-07-25T00:19:21,53,17,0,70
2022-07-25T00:28:24,53,17,0,70
2022-07-25T00:37:30,53,17,0,70
2022-07-25T00:46:32,53,17,0,70
2022-07-25T00:55:32,53,17,0,70
2022-07-25T01:04:27,53,17,0,70
2022-07-25T01:13:24,53,17,0,70
2022-07-25T01:22:20,53,17,0,70
2022-07-25T01:31:17,53,17,0,70
2022-07-25T01:40:13,53,17,0,70
2022-07-25T01:49:08,53,17,0,70
2022-07-25T01:58:04,53,17,0,70
2022-07-25T02:07:01,53,17,0,70
2022-07-25T02:15:57,53,17,0,70
2022-07-25T02:24:53,53,17,0,70
2022-07-25T02:33:49,53,17,0,70
2022-07-25T02:42:44,53,17,0,70
2022-07-25T02:51:39,53,17,0,70
2022-07-25T03:00:33,53,17,0,70
2022-07-25T03:09:27,53,17,0,70
2022-07-25T03:18:22,53,17,0,70
2022-07-25T03:27:17,53,17,0,70
2022-07-25T03:36:11,53,17,0,70
2022-07-25T03:45:09,53,17,0,70
2022-07-25T03:54:05,53,17,0,70
2022-07-25T04:03:01,53,17,0,70
2022-07-25T04:14:34,53,17,0,70
2022-07-25T04:24:50,53,17,0,70
2022-07-25T04:34:07,53,17,0,70
2022-07-25T04:43:07,53,17,0,70
2022-07-25T04:52:07,53,17,0,70
2022-07-25T05:01:06,53,17,0,70
2022-07-25T05:10:10,53,17,0,70
2022-07-25T05:19:09,53,17,0,70
2022-07-25T05:28:09,53,17,0,70
2022-07-25T05:37:10,53,17,0,70
2022-07-25T05:46:07,53,17,0,70
2022-07-25T05:55:05,53,17,0,70
2022-07-25T06:04:03,53,17,0,70
2022-07-25T06:13:01,53,17,0,70
2022-07-25T06:21:59,53,17,0,70
2022-07-25T06:31:00,53,17,0,70
2022-07-25T06:39:56,53,17,0,70
2022-07-25T06:48:53,53,17,0,70
2022-07-25T06:57:51,53,17,0,70
2022-07-25T07:06:48,53,17,0,70
2022-07-25T07:15:45,53,17,0,70
2022-07-25T07:24:43,53,17,0,70
2022-07-25T07:33:41,53,17,0,70
2022-07-25T07:42:38,53,17,0,70
2022-07-25T07:51:37,53,17,0,70
2022-07-25T08:00:36,53,17,0,70
2022-07-25T08:09:34,53,17,0,70
2022-07-25T08:18:37,53,17,0,70
2022-07-25T08:27:41,53,17,0,70
2022-07-25T08:36:40,53,17,0,70
2022-07-25T08:45:37,53,17,0,70
2022-07-25T08:54:35,53,17,0,70
2022-07-25T09:03:34,53,17,0,70
2022-07-25T09:12:32,53,17,0,70
2022-07-25T09:21:30,53,17,0,70
2022-07-25T09:30:28,53,17,0,70
2022-07-25T09:39:52,53,17,0,70
2022-07-25T09:48:50,53,17,0,70
2022-07-25T09:57:49,53,17,0,70
2022-07-25T10:06:47,53,17,0,70
2022-07-25T10:15:46,53,17,0,70
2022-07-25T10:24:44,53,17,0,70
2022-07-25T10:33:42,53,17,0,70
2022-07-25T10:42:40,53,17,0,70
2022-07-25T10:51:40,53,17,0,70
2022-07-25T11:00:39,53,17,0,70
2022-07-25T11:09:38,53,17,0,70
2022-07-25T11:18:36,53,17,0,70
2022-07-25T11:27:35,53,17,0,70
2022-07-25T11:36:33,53,17,0,70
2022-07-25T11:45:43,53,17,0,70
2022-07-25T11:54:42,53,17,0,70
2022-07-25T12:03:41,53,17,0,70
2022-07-25T12:12:39,53,17,0,70
2022-07-25T12:21:38,53,17,0,70
2022-07-25T12:30:35,53,17,0,70
2022-07-25T12:39:33,53,17,0,70
2022-07-25T12:48:31,53,17,0,70
2022-07-25T12:57:29,53,17,0,70
2022-07-25T13:06:28,53,17,0,70
2022-07-25T13:15:26,53,17,0,70
2022-07-25T13:24:25,53,17,0,70
2022-07-25T13:33:24,53,17,0,70
2022-07-25T13:42:23,53,17,0,70
2022-07-25T13:51:33,53,17,0,70
2022-07-25T14:00:32,53,17,0,70
2022-07-25T14:09:33,53,17,0,70
2022-07-25T14:18:32,53,17,0,70
2022-07-25T14:27:31,53,17,0,70
2022-07-25T14:36:30,53,17,0,70
2022-07-25T14:45:30,53,17,0,70
2022-07-25T14:54:29,53,17,0,70
2022-07-25T15:03:28,53,17,0,70
2022-07-25T15:12:27,53,17,0,70
2022-07-25T15:21:24,53,17,0,70
2022-07-25T15:30:23,53,17,0,70
2022-07-25T15:39:22,53,17,0,70
2022-07-25T15:48:21,53,17,0,70
2022-07-25T15:57:30,53,17,0,70
2022-07-25T16:06:29,53,17,0,70
2022-07-25T16:15:28,53,17,0,70
2022-07-25T16:24:28,53,17,0,70
2022-07-25T16:33:26,53,17,0,70
2022-07-25T16:42:24,53,17,0,70
2022-07-25T16:51:22,53,17,0,70
2022-07-25T17:00:19,53,17,0,70
2022-07-25T17:09:18,53,17,0,70
2022-07-25T17:18:17,53,17,0,70
2022-07-25T17:27:14,53,17,0,70
2022-07-25T17:36:11,53,17,0,70
2022-07-25T17:45:08,53,17,0,70
2022-07-25T17:54:05,53,17,0,70
2022-07-25T18:03:22,53,17,0,70
2022-07-25T18:12:20,53,17,0,70
2022-07-25T18:21:17,53,17,0,70
2022-07-25T18:30:14,53,17,0,70
2022-07-25T18:39:11,53,17,0,70
2022-07-25T18:48:09,53,17,0,70
2022-07-25T18:57:06,53,17,0,70
2022-07-25T19:06:05,53,17,0,70
2022-07-25T19:15:02,53,17,0,70
2022-07-25T19:24:00,53,17,0,70
2022-07-25T19:32:59,53,17,0,70
2022-07-25T19:41:56,53,17,0,70
2022-07-25T19:50:53,53,17,0,70
2022-07-25T20:00:00,53,17,0,70
2022-07-25T20:08:57,53,17,0,70
2022-07-25T20:17:54,53,17,0,70
2022-07-25T20:26:51,53,17,0,70
2022-07-25T20:35:48,53,17,0,70
2022-07-25T20:44:46,53,17,0,70
2022-07-25T20:53:43,53,17,0,70
2022-07-25T21:02:39,53,17,0,70
2022-07-25T21:11:36,53,17,0,70
2022-07-25T21:20:33,53,17,0,70
2022-07-25T21:29:31,53,17,0,70
2022-07-25T21:38:28,53,17,0,70
2022-07-25T21:47:26,53,17,0,70
2022-07-25T21:56:23,53,17,0,70
2022-07-25T22:05:20,53,17,0,70
2022-07-25T22:14:17,53,17,0,70
2022-07-25T22:23:14,53,17,0,70
2022-07-25T22:32:11,53,17,0,70
2022-07-25T22:41:20,53,17,0,70
2022-07-25T22:50:17,53,17,0,70
2022-07-25T22:59:17,53,17,0,70
2022-07-25T23:08:15,53,17,0,70
2022-07-25T23:17:13,53,17,0,70
2022-07-25T23:26:10,53,17,0,70
2022-07-25T23:35:07,53,17,0,70
2022-07-25T23:44:04,53,17,0,70
2022-07-25T23:53:01,53,17,0,70
2022-07-26T00:01:59,53,17,0,70
2022-07-26T00:10:56,53,17,0,70
2022-07-26T00:19:56,53,17,0,70
2022-07-26T00:28:55,53,17,0,70
2022-07-26T00:37:54,53,17,0,70
2022-07-26T00:46:53,53,17,0,70
2022-07-26T00:55:54,53,17,0,70
2022-07-26T01:04:52,53,17,0,70
2022-07-26T01:14:19,53,17,0,70
2022-07-26T01:23:18,53,17,0,70
2022-07-26T01:32:17,53,17,0,70
2022-07-26T01:41:15,53,17,0,70
2022-07-26T01:50:14,53,17,0,70
2022-07-26T01:59:13,53,17,0,70
2022-07-26T02:08:12,53,17,0,70
2022-07-26T02:17:09,53,17,0,70
2022-07-26T02:26:08,53,17,0,70
2022-07-26T02:35:04,53,17,0,70
2022-07-26T02:44:01,53,17,0,70
2022-07-26T02:52:57,53,17,0,70
2022-07-26T03:01:54,53,17,0,70
2022-07-26T03:10:49,53,17,0,70
2022-07-26T03:19:45,53,17,0,70
2022-07-26T03:28:42,53,17,0,70
2022-07-26T03:37:38,53,17,0,70
2022-07-26T03:46:36,53,17,0,70
2022-07-26T03:57:59,53,17,0,70
2022-07-26T04:07:00,53,17,0,70
2022-07-26T04:15:59,53,17,0,70
2022-07-26T04:26:04,53,17,0,70
2022-07-26T04:35:29,53,17,0,70
2022-07-26T04:44:31,53,17,0,70
2022-07-26T04:53:33,53,17,0,70
2022-07-26T05:02:46,53,17,0,70
2022-07-26T05:11:47,53,17,0,70
2022-07-26T05:20:46,53,17,0,70
2022-07-26T05:29:45,53,17,0,70
2022-07-26T05:38:48,53,17,0,70
2022-07-26T05:47:46,53,17,0,70
2022-07-26T05:56:46,53,17,0,70
2022-07-26T06:05:49,53,17,0,70
2022-07-26T06:14:48,53,17,0,70
2022-07-26T06:23:47,53,17,0,70
2022-07-26T06:32:46,53,17,0,70
2022-07-26T06:41:46,53,17,0,70
2022-07-26T06:50:46,53,17,0,70
2022-07-26T06:59:47,53,17,0,70
2022-07-26T07:08:48,53,17,0,70
2022-07-26T07:17:47,53,17,0,70
2022-07-26T07:26:47,53,17,0,70
2022-07-26T07:35:46,53,17,0,70
2022-07-26T07:44:45,53,17,0,70
2022-07-26T07:53:44,53,17,0,70
2022-07-26T08:02:44,53,17,0,70
2022-07-26T08:11:43,53,17,0,70
2022-07-26T08:20:44,53,17,0,70
2022-07-26T08:29:44,53,17,0,70
2022-07-26T08:38:43,53,17,0,70
2022-07-26T08:47:41,53,17,0,70
2022-07-26T08:56:39,53,17,0,70
2022-07-26T09:05:37,53,17,0,70
2022-07-26T09:14:36,53,17,0,70
2022-07-26T09:23:34,53,17,0,70
2022-07-26T09:32:33,53,17,0,70
2022-07-26T09:41:57,53,17,0,70
2022-07-26T09:50:55,53,17,0,70
2022-07-26T09:59:54,53,17,0,70
2022-07-26T10:08:52,53,17,0,70
2022-07-26T10:17:51,53,17,0,70
2022-07-26T10:26:49,53,17,0,70
2022-07-26T10:35:47,53,17,0,70
2022-07-26T10:44:46,53,17,0,70
2022-07-26T10:53:45,53,17,0,70
2022-07-26T11:02:44,53,17,0,70
2022-07-26T11:11:42,53,17,0,70
2022-07-26T11:20:41,53,17,0,70
2022-07-26T11:29:40,53,17,0,70
2022-07-26T11:38:39,53,17,0,70
2022-07-26T11:47:38,53,17,0,70
2022-07-26T11:56:36,53,17,0,70
2022-07-26T12:05:34,53,17,0,70
2022-07-26T12:14:33,53,17,0,70
2022-07-26T12:23:44,53,17,0,70
2022-07-26T12:32:41,53,17,0,70
2022-07-26T12:41:39,53,17,0,70
2022-07-26T12:50:37,53,17,0,70
2022-07-26T12:59:35,53,17,0,70
2022-07-26T13:08:34,53,17,0,70
2022-07-26T13:17:32,53,17,0,70
2022-07-26T13:26:31,53,17,0,70
2022-07-26T13:35:29,53,17,0,70
2022-07-26T13:44:27,53,17,0,70
2022-07-26T13:53:26,53,17,0,70
2022-07-26T14:02:52,53,17,0,70
2022-07-26T14:11:51,53,17,0,70
2022-07-26T14:20:50,53,17,0,70
2022-07-26T14:29:48,53,17,0,70
2022-07-26T14:38:46,53,17,0,70
2022-07-26T14:47:45,53,17,0,70
2022-07-26T14:56:42,53,17,0,70
2022-07-26T15:05:41,53,17,0,70
2022-07-26T15:14:39,53,17,0,70
2022-07-26T15:23:37,53,17,0,70
2022-07-26T15:32:36,53,17,0,70
2022-07-26T15:41:35,53,17,0,70
2022-07-26T15:50:45,53,17,0,70
2022-07-26T15:59:43,53,17,0,70
2022-07-26T16:08:42,53,17,0,70
2022-07-26T16:17:39,53,17,0,70
2022-07-26T16:26:37,53,17,0,70
2022-07-26T16:35:35,53,17,0,70
2022-07-26T16:44:33,53,17,0,70
2022-07-26T16:53:31,53,17,0,70
2022-07-26T17:02:28,53,17,0,70
2022-07-26T17:11:26,53,17,0,70
2022-07-26T17:20:25,53,17,0,70
2022-07-26T17:29:41,53,17,0,70
2022-07-26T17:38:38,53,17,0,70
2022-07-26T17:47:35,53,17,0,70
2022-07-26T17:56:33,53,17,0,70
2022-07-26T18:05:30,53,17,0,70
2022-07-26T18:14:27,53,17,0,70
2022-07-26T18:23:25,53,17,0,70
2022-07-26T18:32:22,53,17,0,70
2022-07-26T18:41:19,53,17,0,70
2022-07-26T18:50:16,53,17,0,70
2022-07-26T18:59:14,53,17,0,70
2022-07-26T19:08:11,53,17,0,70
2022-07-26T19:17:09,53,17,0,70
2022-07-26T19:26:07,53,17,0,70
2022-07-26T19:35:04,53,17,0,70
2022-07-26T19:44:12,53,17,0,70
2022-07-26T19:53:09,53,17,0,70
2022-07-26T20:02:06,53,17,0,70
2022-07-26T20:11:03,53,17,0,70
2022-07-26T20:20:00,53,17,0,70
2022-07-26T20:28:58,53,17,0,70
2022-07-26T20:37:55,53,17,0,70
2022-07-26T20:46:51,53,17,0,70
2022-07-26T20:55:48,53,17,0,70
2022-07-26T21:04:45,53,17,0,70
2022-07-26T21:13:43,53,17,0,70
2022-07-26T21:22:40,53,17,0,70
2022-07-26T21:31:37,53,17,0,70
2022-07-26T21:40:34,53,17,0,70
2022-07-26T21:49:31,53,17,0,70
2022-07-26T21:58:28,53,17,0,70
2022-07-26T22:07:46,53,17,0,70
2022-07-26T22:16:43,53,17,0,70
2022-07-26T22:25:40,53,17,0,70
2022-07-26T22:34:36,53,17,0,70
2022-07-26T22:43:36,53,17,0,70
2022-07-26T22:52:33,53,17,0,70
2022-07-26T23:01:29,53,17,0,70
2022-07-26T23:10:27,53,17,0,70
2022-07-26T23:19:25,53,17,0,70
2022-07-26T23:28:22,53,17,0,70
2022-07-26T23:37:19,53,17,0,70
2022-07-26T23:46:16,53,17,0,70
2022-07-26T23:55:13,53,17,0,70
2022-07-27T00:04:10,53,17,0,70
2022-07-27T00:13:09,53,17,0,70
2022-07-27T00:22:08,53,17,0,70
2022-07-27T00:31:06,53,17,0,70
2022-07-27T00:40:06,53,17,0,70
2022-07-27T00:49:05,53,17,0,70
2022-07-27T00:58:17,53,17,0,70
2022-07-27T01:07:17,53,17,0,70
2022-07-27T01:16:16,53,17,0,70
2022-07-27T01:25:16,53,17,0,70
2022-07-27T01:34:16,53,17,0,70
2022-07-27T01:43:15,53,17,0,70
2022-07-27T01:52:14,53,17,0,70
2022-07-27T02:01:13,53,17,0,70
2022-07-27T02:10:11,53,17,0,70
2022-07-27T02:19:11,53,17,0,70
2022-07-27T02:28:18,53,17,0,70
2022-07-27T02:37:17,53,17,0,70
2022-07-27T02:46:16,53,17,0,70
2022-07-27T02:55:14,53,17,0,70
2022-07-27T03:04:12,53,17,0,70
2022-07-27T03:13:09,53,17,0,70
2022-07-27T03:22:06,53,17,0,70
2022-07-27T03:31:03,53,17,0,70
2022-07-27T03:40:01,53,17,0,70
2022-07-27T03:49:00,53,17,0,70
2022-07-27T03:57:58,53,17,0,70
2022-07-27T04:06:58,53,17,0,70
2022-07-27T04:16:29,53,17,0,70
2022-07-27T04:25:53,53,17,0,70
2022-07-27T04:34:54,53,17,0,70
2022-07-27T04:43:54,53,17,0,70
2022-07-27T04:52:54,53,17,0,70
2022-07-27T05:01:53,53,17,0,70
2022-07-27T05:10:53,53,17,0,70
2022-07-27T05:19:52,53,17,0,70
2022-07-27T05:30:00,53,17,0,70
2022-07-27T05:39:30,53,17,0,70
2022-07-27T05:48:29,53,17,0,70
2022-07-27T05:57:29,53,17,0,70
2022-07-27T06:06:29,53,17,0,70
2022-07-27T06:15:27,53,17,0,70
2022-07-27T06:24:25,53,17,0,70
2022-07-27T06:33:21,53,17,0,70
2022-07-27T06:42:19,53,17,0,70
2022-07-27T08:19:28,53,17,0,70
2022-07-27T08:28:57,53,17,0,70
2022-07-27T08:37:56,53,17,0,70
2022-07-27T08:46:55,53,17,0,70
2022-07-27T08:55:53,53,17,0,70
2022-07-27T09:04:52,53,17,0,70
2022-07-27T09:13:50,53,17,0,70
2022-07-27T09:22:49,53,17,0,70
2022-07-27T09:31:47,53,17,0,70
2022-07-27T09:40:45,53,17,0,70
2022-07-27T09:49:44,53,17,0,70
2022-07-27T09:58:43,53,17,0,70
2022-07-27T10:07:42,53,17,0,70
2022-07-27T10:16:41,53,17,0,70
2022-07-27T10:25:39,53,17,0,70
2022-07-27T10:34:38,53,17,0,70
2022-07-27T10:43:36,53,17,0,70
2022-07-27T10:52:34,53,17,0,70
2022-07-27T11:01:33,53,17,0,70
2022-07-27T11:10:32,53,17,0,70
2022-07-27T11:19:33,53,17,0,70
2022-07-27T11:28:40,53,17,0,70
2022-07-27T11:37:38,53,17,0,70
2022-07-27T11:46:37,53,17,0,70
2022-07-27T11:55:35,53,17,0,70
2022-07-27T12:04:33,53,17,0,70
2022-07-27T12:13:31,53,17,0,70
2022-07-27T12:22:29,53,17,0,70
2022-07-27T12:31:27,53,17,0,70
2022-07-27T12:40:25,53,17,0,70
2022-07-27T12:49:23,53,17,0,70
2022-07-27T12:58:22,53,17,0,70
2022-07-27T13:07:20,53,17,0,70
2022-07-27T13:16:18,53,17,0,70
2022-07-27T13:25:17,53,17,0,70
2022-07-27T13:34:15,53,17,0,70
2022-07-27T13:43:14,53,17,0,70
2022-07-27T13:52:12,53,17,0,70
2022-07-27T14:01:22,53,17,0,70
2022-07-27T14:10:21,53,17,0,70
2022-07-27T14:19:20,53,17,0,70
2022-07-27T14:28:18,53,17,0,70
2022-07-27T14:37:16,53,17,0,70
2022-07-27T14:46:15,53,17,0,70
2022-07-27T14:55:13,53,17,0,70
2022-07-27T15:04:11,53,17,0,70
2022-07-27T15:13:09,53,17,0,70
2022-07-27T15:22:07,53,17,0,70
2022-07-27T15:31:05,53,17,0,70
2022-07-27T15:40:03,53,17,0,70
2022-07-27T15:49:01,53,17,0,70
2022-07-27T15:57:59,53,17,0,70
2022-07-27T16:07:10,53,17,0,70
2022-07-27T16:16:08,53,17,0,70
2022-07-27T16:25:06,53,17,0,70
2022-07-27T16:34:04,53,17,0,70
2022-07-27T16:43:01,53,17,0,70
2022-07-27T16:51:59,53,17,0,70
2022-07-27T17:00:57,53,17,0,70
2022-07-27T17:09:55,53,17,0,70
2022-07-27T17:18:52,53,17,0,70
2022-07-27T17:27:49,53,17,0,70
2022-07-27T17:36:46,53,17,0,70
2022-07-27T17:45:43,53,17,0,70
2022-07-27T17:54:41,53,17,0,70
2022-07-27T18:03:38,53,17,0,70
2022-07-27T18:12:46,53,17,0,70
2022-07-27T18:21:44,53,17,0,70
2022-07-27T18:30:42,53,17,0,70
2022-07-27T18:39:39,53,17,0,70
2022-07-27T18:48:36,53,17,0,70
2022-07-27T18:57:33,53,17,0,70
2022-07-27T19:06:30,53,17,0,70
2022-07-27T19:15:28,53,17,0,70
2022-07-27T19:24:25,53,17,0,70
2022-07-27T19:33:22,53,17,0,70
2022-07-27T19:42:19,53,17,0,70
2022-07-27T19:51:16,53,17,0,70
2022-07-27T20:00:13,53,17,0,70
2022-07-27T20:09:10,53,17,0,70
2022-07-27T20:18:08,53,17,0,70
2022-07-27T20:27:05,53,17,0,70
2022-07-27T20:36:02,53,17,0,70
2022-07-27T20:44:59,53,17,0,70
2022-07-27T20:54:07,53,17,0,70
2022-07-27T21:03:04,53,17,0,70
2022-07-27T21:12:01,53,17,0,70
2022-07-27T21:20:58,53,17,0,70
2022-07-27T21:29:56,53,17,0,70
2022-07-27T21:38:54,53,17,0,70
2022-07-27T21:47:51,53,17,0,70
2022-07-27T21:56:50,53,17,0,70
2022-07-27T22:05:47,53,17,0,70
2022-07-27T22:14:44,53,17,0,70
2022-07-27T22:23:41,53,17,0,70
2022-07-27T22:32:38,53,17,0,70
2022-07-27T22:41:35,53,17,0,70
2022-07-27T22:50:32,53,17,0,70
2022-07-27T22:59:31,53,17,0,70
2022-07-27T23:08:28,53,17,0,70
2022-07-27T23:17:26,53,17,0,70
2022-07-27T23:26:23,53,17,0,70
2022-07-27T23:35:21,53,17,0,70
2022-07-27T23:44:18,53,17,0,70
2022-07-27T23:53:15,53,17,0,70
2022-07-28T00:02:12,53,17,0,70
2022-07-28T00:11:10,53,17,0,70
2022-07-28T00:20:11,53,17,0,70
2022-07-28T00:29:08,53,17,0,70
2022-07-28T00:38:28,53,17,0,70
2022-07-28T00:47:39,53,17,0,70
2022-07-28T00:56:39,53,17,0,70
2022-07-28T01:05:38,53,17,0,70
2022-07-28T01:14:37,53,17,0,70
2022-07-28T01:23:35,53,17,0,70
2022-07-28T01:32:34,53,17,0,70
2022-07-28T01:41:33,53,17,0,70
2022-07-28T01:50:33,53,17,0,70
2022-07-28T01:59:32,53,17,0,70
2022-07-28T02:08:30,53,17,0,70
2022-07-28T02:17:28,53,17,0,70
2022-07-28T02:26:24,53,17,0,70
2022-07-28T02:35:21,53,17,0,70
2022-07-28T02:44:18,53,17,0,70
2022-07-28T02:53:15,53,17,0,70
2022-07-28T03:02:11,53,17,0,70
2022-07-28T03:11:07,53,17,0,70
2022-07-28T03:20:03,53,17,0,70
2022-07-28T03:29:00,53,17,0,70
2022-07-28T03:37:57,53,17,0,70
2022-07-28T03:46:55,53,17,0,70
2022-07-28T03:55:53,53,17,0,70
2022-07-28T04:04:52,53,17,0,70
2022-07-28T04:16:07,53,17,0,70
2022-07-28T04:25:11,53,17,0,70
2022-07-28T04:34:34,53,17,0,70
2022-07-28T04:43:35,53,17,0,70
2022-07-28T04:52:36,53,17,0,70
2022-07-28T05:01:36,53,17,0,70
2022-07-28T05:10:38,53,17,0,70
2022-07-28T05:19:38,53,17,0,70
2022-07-28T05:28:38,53,17,0,70
2022-07-28T05:37:37,53,17,0,70
2022-07-28T05:46:36,53,17,0,70
2022-07-28T05:55:38,53,17,0,70
2022-07-28T06:04:38,53,17,0,70
2022-07-28T06:13:37,53,17,0,70
2022-07-28T06:22:36,53,17,0,70
2022-07-28T06:31:35,53,17,0,70
2022-07-28T06:40:33,53,17,0,70
2022-07-28T06:49:31,53,17,0,70
2022-07-28T06:58:30,53,17,0,70
2022-07-28T07:07:34,53,17,0,70
2022-07-28T07:16:32,53,17,0,70
2022-07-28T07:25:31,53,17,0,70
2022-07-28T07:34:30,53,17,0,70
2022-07-28T07:43:29,53,17,0,70
2022-07-28T07:52:28,53,17,0,70
2022-07-28T08:01:26,53,17,0,70
2022-07-28T08:10:29,53,17,0,70
2022-07-28T08:19:27,53,17,0,70
2022-07-28T08:28:27,53,17,0,70
2022-07-28T08:37:26,53,17,0,70
2022-07-28T08:46:23,53,17,0,70
2022-07-28T08:55:21,53,17,0,70
2022-07-28T09:04:19,53,17,0,70
2022-07-28T09:13:17,53,17,0,70
2022-07-28T09:22:15,53,17,0,70
2022-07-28T09:31:17,53,17,0,70
2022-07-28T09:40:16,53,17,0,70
2022-07-28T09:49:25,53,17,0,70
2022-07-28T09:58:27,53,17,0,70
2022-07-28T10:07:32,53,17,0,70
2022-07-28T10:16:37,53,17,0,70
2022-07-28T10:25:41,53,17,0,70
2022-07-28T10:34:45,53,17,0,70
2022-07-28T10:43:52,53,17,0,70
2022-07-28T10:52:57,53,17,0,70
2022-07-28T11:02:02,53,17,0,70
2022-07-28T11:11:06,53,17,0,70
2022-07-28T11:20:11,53,17,0,70
2022-07-28T11:29:15,53,17,0,70
2022-07-28T11:38:29,53,17,0,70
2022-07-28T11:47:29,53,17,0,70
2022-07-28T11:56:30,53,17,0,70
2022-07-28T12:05:27,53,17,0,70
2022-07-28T12:14:25,53,17,0,70
2022-07-28T12:23:23,53,17,0,70
2022-07-28T12:32:20,53,17,0,70
2022-07-28T12:41:18,53,17,0,70
2022-07-28T12:50:15,53,17,0,70
2022-07-28T12:59:13,53,17,0,70
2022-07-28T13:08:11,53,17,0,70
2022-07-28T13:17:09,53,17,0,70
2022-07-28T13:26:07,53,17,0,70
2022-07-28T13:35:05,53,17,0,70
2022-07-28T13:44:04,53,17,0,70
2022-07-28T13:53:02,53,17,0,70
2022-07-28T14:02:01,53,17,0,70
2022-07-28T14:11:00,53,17,0,70
2022-07-28T14:19:58,53,17,0,70
2022-07-28T14:28:57,53,17,0,70
2022-07-28T14:37:55,53,17,0,70
2022-07-28T14:47:05,53,17,0,70
2022-07-28T14:56:03,53,17,0,70
2022-07-28T15:05:02,53,17,0,70
2022-07-28T15:14:01,53,17,0,70
2022-07-28T15:22:59,53,17,0,70
2022-07-28T15:31:57,53,17,0,70
2022-07-28T15:40:55,53,17,0,70
2022-07-28T15:49:53,53,17,0,70
2022-07-28T15:58:52,53,17,0,70
2022-07-28T16:07:50,53,17,0,70
2022-07-28T16:16:48,53,17,0,70
2022-07-28T16:25:46,53,17,0,70
2022-07-28T16:34:56,53,17,0,70
2022-07-28T16:43:53,53,17,0,70
2022-07-28T16:52:52,53,17,0,70
2022-07-28T17:01:49,53,17,0,70
2022-07-28T17:10:48,53,17,0,70
2022-07-28T17:19:46,53,17,0,70
2022-07-28T17:28:43,53,17,0,70
2022-07-28T17:37:40,53,17,0,70
2022-07-28T17:46:39,53,17,0,70
2022-07-28T17:55:36,53,17,0,70
2022-07-28T18:04:34,53,17,0,70
2022-07-28T18:13:32,53,17,0,70
2022-07-28T18:22:30,53,17,0,70
2022-07-28T18:31:27,53,17,0,70
2022-07-28T18:40:25,53,17,0,70
2022-07-28T18:49:22,53,17,0,70
2022-07-28T18:58:20,53,17,0,70
2022-07-28T19:07:18,53,17,0,70
2022-07-28T19:16:28,53,17,0,70
2022-07-28T19:25:25,53,17,0,70
2022-07-28T19:34:22,53,17,0,70
2022-07-28T19:43:20,53,17,0,70
2022-07-28T19:52:17,53,17,0,70
2022-07-28T20:01:14,53,17,0,70
2022-07-28T20:10:11,53,17,0,70
2022-07-28T20:19:08,53,17,0,70
2022-07-28T20:28:05,53,17,0,70
2022-07-28T20:37:02,53,17,0,70
2022-07-28T20:46:06,53,17,0,70
2022-07-28T20:55:14,53,17,0,70
2022-07-28T21:04:21,53,17,0,70
2022-07-28T21:13:27,53,17,0,70
2022-07-28T21:22:37,53,17,0,70
2022-07-28T21:31:49,53,17,0,70
2022-07-28T21:41:02,53,17,0,70
2022-07-28T21:50:16,53,17,0,70
2022-07-28T21:59:24,53,17,0,70
2022-07-28T22:08:47,53,17,0,70
2022-07-28T22:18:00,53,17,0,70
2022-07-28T22:27:10,53,17,0,70
2022-07-28T22:36:18,53,17,0,70
2022-07-28T22:45:26,53,17,0,70
2022-07-28T22:54:35,53,17,0,70
2022-07-28T23:03:43,53,17,0,70
2022-07-28T23:12:53,53,17,0,70
2022-07-28T23:22:02,53,17,0,70
2022-07-28T23:31:08,53,17,0,70
2022-07-28T23:40:09,53,17,0,70
2022-07-28T23:49:11,53,17,0,70
2022-07-28T23:58:11,53,17,0,70
2022-07-29T00:07:09,53,17,0,70
2022-07-29T00:16:10,53,17,0,70
2022-07-29T00:25:09,53,17,0,70
2022-07-29T00:34:08,53,17,0,70
2022-07-29T00:43:20,53,17,0,70
2022-07-29T00:52:20,53,17,0,70
2022-07-29T01:01:21,53,17,0,70
2022-07-29T01:10:20,53,17,0,70
2022-07-29T01:19:21,53,17,0,70
2022-07-29T01:28:22,53,17,0,70
2022-07-29T01:37:21,53,17,0,70
2022-07-29T01:46:19,53,17,0,70
2022-07-29T01:55:18,53,17,0,70
2022-07-29T02:04:17,53,17,0,70
2022-07-29T02:13:16,53,17,0,70
2022-07-29T02:22:14,53,17,0,70
2022-07-29T02:31:12,53,17,0,70
2022-07-29T02:40:11,53,17,0,70
2022-07-29T02:49:11,53,17,0,70
2022-07-29T02:58:11,53,17,0,70
2022-07-29T03:07:17,53,17,0,70
2022-07-29T03:16:16,53,17,0,70
2022-07-29T03:25:14,53,17,0,70
2022-07-29T03:34:12,53,17,0,70
2022-07-29T03:43:13,53,17,0,70
2022-07-29T03:52:13,53,17,0,70
2022-07-29T04:01:12,53,17,0,70
2022-07-29T04:18:15,53,17,0,70
2022-07-29T04:27:40,53,17,0,70
2022-07-29T04:36:41,53,17,0,70
2022-07-29T04:45:40,53,17,0,70
2022-07-29T04:54:40,53,17,0,70
2022-07-29T05:03:40,53,17,0,70
2022-07-29T05:12:42,53,17,0,70
2022-07-29T05:21:41,53,17,0,70
2022-07-29T05:30:42,53,17,0,70
2022-07-29T05:39:42,53,17,0,70
2022-07-29T05:48:41,53,17,0,70
2022-07-29T05:57:40,53,17,0,70
2022-07-29T06:06:38,53,17,0,70
2022-07-29T06:15:37,53,17,0,70
2022-07-29T06:24:36,53,17,0,70
2022-07-29T06:33:35,53,17,0,70
2022-07-29T06:42:34,53,17,0,70
2022-07-29T06:51:32,53,17,0,70
2022-07-29T07:00:29,53,17,0,70
2022-07-29T07:09:27,53,17,0,70
2022-07-29T07:18:25,53,17,0,70
2022-07-29T07:27:23,53,17,0,70
2022-07-29T07:36:21,53,17,0,70
2022-07-29T07:45:18,53,17,0,70
2022-07-29T07:54:16,53,17,0,70
2022-07-29T08:03:13,53,17,0,70
2022-07-29T08:12:11,53,17,0,70
2022-07-29T08:21:08,53,17,0,70
2022-07-29T08:30:06,53,17,0,70
2022-07-29T08:39:04,53,17,0,70
2022-07-29T08:48:01,53,17,0,70
2022-07-29T08:56:59,53,17,0,70
2022-07-29T09:06:06,53,17,0,70
2022-07-29T09:15:04,53,17,0,70
2022-07-29T09:24:01,53,17,0,70
2022-07-29T09:32:59,53,17,0,70
2022-07-29T09:41:57,53,17,0,70
2022-07-29T09:50:55,53,17,0,70
2022-07-29T09:59:55,53,17,0,70
2022-07-29T10:08:53,53,17,0,70
2022-07-29T10:17:51,53,17,0,70
2022-07-29T10:26:50,53,17,0,70
2022-07-29T10:35:48,53,17,0,70
2022-07-29T10:44:47,53,17,0,70
2022-07-29T10:53:45,53,17,0,70
2022-07-29T11:02:43,53,17,0,70
2022-07-29T11:11:41,53,17,0,70
2022-07-29T11:20:40,53,17,0,70
2022-07-29T11:29:51,53,17,0,70
2022-07-29T11:38:50,53,17,0,70
2022-07-29T11:47:48,52,18,0,70
2022-07-29T11:56:47,52,18,0,70
2022-07-29T12:05:45,52,18,0,70
2022-07-29T12:14:43,52,18,0,70
2022-07-29T12:23:41,52,18,0,70
2022-07-29T12:32:39,52,18,0,70
2022-07-29T12:41:37,52,18,0,70
2022-07-29T12:50:35,52,18,0,70
2022-07-29T12:59:33,52,18,0,70
2022-07-29T13:08:32,52,18,0,70
2022-07-29T13:17:30,52,18,0,70
2022-07-29T13:26:29,52,18,0,70
2022-07-29T13:35:37,52,18,0,70
2022-07-29T13:44:36,52,18,0,70
2022-07-29T13:53:35,52,18,0,70
2022-07-29T14:02:33,52,18,0,70
2022-07-29T14:11:32,52,18,0,70
2022-07-29T14:20:32,52,18,0,70
2022-07-29T14:29:31,52,18,0,70
2022-07-29T14:38:30,52,18,0,70
2022-07-29T14:47:30,52,18,0,70
2022-07-29T14:56:30,52,18,0,70
2022-07-29T15:05:29,52,18,0,70
2022-07-29T15:14:31,52,18,0,70
2022-07-29T15:23:31,52,18,0,70
2022-07-29T15:32:30,52,18,0,70
2022-07-29T15:41:41,52,18,0,70
2022-07-29T15:50:41,52,18,0,70
2022-07-29T15:59:41,52,18,0,70
2022-07-29T16:08:41,52,18,0,70
2022-07-29T16:17:41,52,18,0,70
2022-07-29T16:26:42,52,18,0,70
2022-07-29T16:35:42,52,18,0,70
2022-07-29T16:44:42,52,18,0,70
2022-07-29T16:53:42,52,18,0,70
2022-07-29T17:02:41,52,18,0,70
2022-07-29T17:11:42,52,18,0,70
2022-07-29T17:20:41,52,18,0,70
2022-07-29T17:29:52,52,18,0,70
2022-07-29T17:38:51,52,18,0,70
2022-07-29T17:47:51,52,18,0,70
2022-07-29T17:56:51,52,18,0,70
2022-07-29T18:05:52,52,18,0,70
2022-07-29T18:14:52,52,18,0,70
2022-07-29T18:23:51,52,18,0,70
2022-07-29T18:32:50,52,18,0,70
2022-07-29T18:41:49,52,18,0,70
2022-07-29T18:50:49,52,18,0,70
2022-07-29T18:59:50,52,18,0,70
2022-07-29T19:08:49,52,18,0,70
2022-07-29T19:17:48,52,18,0,70
2022-07-29T19:26:48,52,18,0,70
2022-07-29T19:35:48,52,18,0,70
2022-07-29T19:44:58,52,18,0,70
2022-07-29T19:53:57,52,18,0,70
2022-07-29T20:02:56,52,18,0,70
2022-07-29T20:11:57,52,18,0,70
2022-07-29T20:20:57,52,18,0,70
2022-07-29T20:29:56,52,18,0,70
2022-07-29T20:38:55,52,18,0,70
2022-07-29T20:47:54,52,18,0,70
2022-07-29T20:56:53,52,18,0,70
2022-07-29T21:05:52,52,18,0,70
2022-07-29T21:14:51,52,18,0,70
2022-07-29T21:23:51,52,18,0,70
