time,enrolled,available,waitlisted,total
2022-05-18T04:32:50,0,60,0,60
2022-05-18T04:43:23,0,60,0,60
2022-05-18T04:53:34,0,60,0,60
2022-05-18T05:03:45,0,60,0,60
2022-05-18T05:13:55,0,60,0,60
2022-05-18T05:24:05,0,60,0,60
2022-05-18T05:34:16,0,60,0,60
2022-05-18T05:44:26,0,60,0,60
2022-05-18T05:54:36,0,60,0,60
2022-05-18T06:04:50,0,60,0,60
2022-05-18T06:14:58,0,60,0,60
2022-05-18T06:25:06,0,60,0,60
2022-05-18T06:35:14,0,60,0,60
2022-05-18T06:45:22,0,60,0,60
2022-05-18T06:55:29,0,60,0,60
2022-05-18T07:05:38,0,60,0,60
2022-05-18T07:15:46,0,60,0,60
2022-05-18T07:25:54,0,60,0,60
2022-05-18T07:36:02,0,60,0,60
2022-05-18T07:46:10,0,60,0,60
2022-05-18T07:56:18,0,60,0,60
2022-05-18T08:06:26,0,60,0,60
2022-05-18T08:16:34,0,60,0,60
2022-05-18T08:26:42,0,60,0,60
2022-05-18T08:36:51,0,60,0,60
2022-05-18T08:47:01,0,60,0,60
2022-05-18T08:57:10,0,60,0,60
2022-05-18T09:07:31,0,60,0,60
2022-05-18T09:17:40,0,60,0,60
2022-05-18T09:27:49,0,60,0,60
2022-05-18T09:37:58,0,60,0,60
2022-05-18T09:48:07,0,60,0,60
2022-05-18T09:58:17,0,60,0,60
2022-05-18T10:08:29,0,60,0,60
2022-05-18T10:18:40,0,60,0,60
2022-05-18T10:28:51,0,60,0,60
2022-05-18T10:39:14,0,60,0,60
2022-05-18T10:49:24,0,60,0,60
2022-05-18T10:59:34,0,60,0,60
2022-05-18T11:09:44,0,60,0,60
2022-05-18T11:19:53,0,60,0,60
2022-05-18T11:30:02,0,60,0,60
2022-05-18T11:40:11,0,60,0,60
2022-05-18T11:50:20,0,60,0,60
2022-05-18T12:00:39,0,60,0,60
2022-05-18T12:10:47,0,60,0,60
2022-05-18T12:20:56,0,60,0,60
2022-05-18T12:31:06,0,60,0,60
2022-05-18T12:41:16,0,60,0,60
2022-05-18T12:51:26,0,60,0,60
2022-05-18T13:01:37,0,60,0,60
2022-05-18T13:11:58,0,60,0,60
2022-05-18T13:22:08,0,60,0,60
2022-05-18T13:32:18,0,60,0,60
2022-05-18T13:42:29,0,60,0,60
2022-05-18T13:52:40,0,60,0,60
2022-05-18T14:02:50,0,60,0,60
2022-05-18T14:13:01,0,60,0,60
2022-05-18T14:23:11,0,60,0,60
2022-05-18T14:33:33,0,60,0,60
2022-05-18T14:43:43,0,60,0,60
2022-05-18T14:53:53,0,60,0,60
2022-05-18T15:04:04,0,60,0,60
2022-05-18T15:14:16,0,60,0,60
2022-05-18T15:24:27,0,60,0,60
2022-05-18T15:34:48,0,60,0,60
2022-05-18T15:44:58,0,60,0,60
2022-05-18T15:55:09,0,60,0,60
2022-05-18T16:05:20,0,60,0,60
2022-05-18T16:15:31,0,60,0,60
2022-05-18T16:25:42,0,60,0,60
2022-05-18T16:35:52,0,60,0,60
2022-05-18T16:46:01,0,60,0,60
2022-05-18T16:56:11,0,60,0,60
2022-05-18T17:06:32,0,60,0,60
2022-05-18T17:16:42,0,60,0,60
2022-05-18T17:26:51,0,60,0,60
2022-05-18T17:37:01,0,60,0,60
2022-05-18T17:47:10,0,60,0,60
2022-05-18T17:57:19,0,60,0,60
2022-05-18T18:07:28,0,60,0,60
2022-05-18T18:17:38,0,60,0,60
2022-05-18T18:27:49,0,60,0,60
2022-05-18T18:38:08,0,60,0,60
2022-05-18T18:48:17,0,60,0,60
2022-05-18T18:58:26,0,60,0,60
2022-05-18T19:08:35,0,60,0,60
2022-05-18T19:18:44,0,60,0,60
2022-05-18T19:28:53,0,60,0,60
2022-05-18T19:39:02,0,60,0,60
2022-05-18T19:49:11,0,60,0,60
2022-05-18T19:59:21,0,60,0,60
2022-05-18T20:09:29,0,60,0,60
2022-05-18T20:19:49,0,60,0,60
2022-05-18T20:29:58,0,60,0,60
2022-05-18T20:40:06,0,60,0,60
2022-05-18T20:50:15,0,60,0,60
2022-05-18T21:00:24,0,60,0,60
2022-05-18T21:10:35,0,60,0,60
2022-05-18T21:20:44,0,60,0,60
2022-05-18T21:30:53,0,60,0,60
2022-05-18T21:41:01,0,60,0,60
2022-05-18T21:51:20,0,60,0,60
2022-05-18T22:01:29,0,60,0,60
2022-05-18T22:11:38,0,60,0,60
2022-05-18T22:21:47,0,60,0,60
2022-05-18T22:31:56,0,60,0,60
2022-05-18T22:42:05,0,60,0,60
2022-05-18T22:52:14,0,60,0,60
2022-05-18T23:02:23,0,60,0,60
2022-05-18T23:12:33,0,60,0,60
2022-05-18T23:22:43,0,60,0,60
2022-05-18T23:33:06,0,60,0,60
2022-05-18T23:43:15,0,60,0,60
2022-05-18T23:53:24,0,60,0,60
2022-05-19T00:03:33,0,60,0,60
2022-05-19T00:13:46,0,60,0,60
2022-05-19T00:23:58,0,60,0,60
2022-05-19T00:34:13,0,60,0,60
2022-05-19T00:44:27,0,60,0,60
2022-05-19T00:54:38,0,60,0,60
2022-05-19T01:04:48,0,60,0,60
2022-05-19T01:14:58,0,60,0,60
2022-05-19T01:25:07,0,60,0,60
2022-05-19T01:35:17,0,60,0,60
2022-05-19T01:45:26,0,60,0,60
2022-05-19T01:55:37,0,60,0,60
2022-05-19T02:05:57,0,60,0,60
2022-05-19T02:16:07,0,60,0,60
2022-05-19T02:26:15,0,60,0,60
2022-05-19T02:36:23,0,60,0,60
2022-05-19T02:46:31,0,60,0,60
2022-05-19T02:56:40,0,60,0,60
2022-05-19T03:06:48,0,60,0,60
2022-05-19T03:16:59,0,60,0,60
2022-05-19T03:27:19,0,60,0,60
2022-05-19T03:37:30,0,60,0,60
2022-05-19T03:47:41,0,60,0,60
2022-05-19T03:57:51,0,60,0,60
2022-05-19T04:08:02,0,60,0,60
2022-05-19T04:24:01,0,60,0,60
2022-05-19T04:35:22,0,60,0,60
2022-05-19T04:45:48,0,60,0,60
2022-05-19T04:56:00,0,60,0,60
2022-05-19T05:06:12,0,60,0,60
2022-05-19T05:16:24,0,60,0,60
2022-05-19T05:26:35,0,60,0,60
2022-05-19T05:36:45,0,60,0,60
2022-05-19T05:46:55,0,60,0,60
2022-05-19T05:57:06,0,60,0,60
2022-05-19T06:07:17,0,60,0,60
2022-05-19T06:17:28,0,60,0,60
2022-05-19T06:27:39,0,60,0,60
2022-05-19T06:37:51,0,60,0,60
2022-05-19T06:48:01,0,60,0,60
2022-05-19T06:58:11,0,60,0,60
2022-05-19T07:08:26,0,60,0,60
2022-05-19T07:18:36,0,60,0,60
2022-05-19T07:28:45,0,60,0,60
2022-05-19T07:38:55,0,60,0,60
2022-05-19T07:49:04,0,60,0,60
2022-05-19T07:59:13,0,60,0,60
2022-05-19T08:09:22,0,60,0,60
2022-05-19T08:19:31,0,60,0,60
2022-05-19T08:29:41,0,60,0,60
2022-05-19T08:39:51,0,60,0,60
2022-05-19T08:50:02,0,60,0,60
2022-05-19T09:00:12,0,60,0,60
2022-05-19T09:10:39,0,60,0,60
2022-05-19T09:20:49,0,60,0,60
2022-05-19T09:31:00,0,60,0,60
2022-05-19T09:41:11,0,60,0,60
2022-05-19T09:51:23,0,60,0,60
2022-05-19T10:01:34,0,60,0,60
2022-05-19T10:11:46,0,60,0,60
2022-05-19T10:21:57,0,60,0,60
2022-05-19T10:32:09,0,60,0,60
2022-05-19T10:42:27,0,60,0,60
2022-05-19T10:52:39,0,60,0,60
2022-05-19T11:02:52,0,60,0,60
2022-05-19T11:13:06,0,60,0,60
2022-05-19T11:23:32,0,60,0,60
2022-05-19T11:33:44,0,60,0,60
2022-05-19T11:43:56,0,60,0,60
2022-05-19T11:54:08,0,60,0,60
2022-05-19T12:04:20,0,60,0,60
2022-05-19T12:14:32,0,60,0,60
2022-05-19T12:24:44,0,60,0,60
2022-05-19T12:34:57,0,60,0,60
2022-05-19T12:45:30,0,60,0,60
2022-05-19T12:55:44,0,60,0,60
2022-05-19T13:05:58,0,60,0,60
2022-05-19T13:16:12,0,60,0,60
2022-05-19T13:26:27,0,60,0,60
2022-05-19T13:36:41,0,60,0,60
2022-05-19T13:46:55,0,60,0,60
2022-05-19T13:57:21,0,60,0,60
2022-05-19T14:07:36,0,60,0,60
2022-05-19T14:17:52,0,60,0,60
2022-05-19T14:28:07,0,60,0,60
2022-05-19T14:38:24,0,60,0,60
2022-05-19T14:48:41,0,60,0,60
2022-05-19T14:58:58,0,60,0,60
2022-05-19T15:09:34,0,60,0,60
2022-05-19T15:19:51,0,60,0,60
2022-05-19T15:30:10,0,60,0,60
2022-05-19T15:40:28,0,60,0,60
2022-05-19T15:50:47,0,60,0,60
2022-05-19T16:01:05,0,60,0,60
2022-05-19T16:11:22,0,60,0,60
2022-05-19T16:21:40,0,60,0,60
2022-05-19T16:31:59,0,60,0,60
2022-05-19T16:42:29,0,60,0,60
2022-05-19T16:52:46,0,60,0,60
2022-05-19T17:03:04,0,60,0,60
2022-05-19T17:13:21,0,60,0,60
2022-05-19T17:23:38,0,60,0,60
2022-05-19T17:33:54,0,60,0,60
2022-05-19T17:44:10,0,60,0,60
2022-05-19T17:54:25,0,60,0,60
2022-05-19T18:05:01,0,60,0,60
2022-05-19T18:15:17,0,60,0,60
2022-05-19T18:25:32,0,60,0,60
2022-05-19T18:35:47,0,60,0,60
2022-05-19T18:46:02,0,60,0,60
2022-05-19T18:56:22,0,60,0,60
2022-05-19T19:06:46,0,60,0,60
2022-05-19T19:17:13,0,60,0,60
2022-05-19T19:27:50,0,60,0,60
2022-05-19T19:38:20,0,60,0,60
2022-05-19T19:48:47,0,60,0,60
2022-05-19T19:59:11,0,60,0,60
2022-05-19T20:09:39,0,60,0,60
2022-05-19T20:20:01,0,60,0,60
2022-05-19T20:30:28,0,60,0,60
2022-05-19T20:40:45,0,60,0,60
2022-05-19T20:51:06,0,60,0,60
2022-05-19T21:01:29,0,60,0,60
2022-05-19T21:11:52,0,60,0,60
2022-05-19T21:22:14,0,60,0,60
2022-05-19T21:32:37,0,60,0,60
2022-05-19T21:43:00,0,60,0,60
2022-05-19T21:53:32,0,60,0,60
2022-05-19T22:03:54,0,60,0,60
2022-05-19T22:14:16,0,60,0,60
2022-05-19T22:24:34,0,60,0,60
2022-05-19T22:34:52,0,60,0,60
2022-05-19T22:45:09,0,60,0,60
2022-05-19T22:55:23,0,60,0,60
2022-05-19T23:05:38,0,60,0,60
2022-05-19T23:15:53,0,60,0,60
2022-05-19T23:26:13,0,60,0,60
2022-05-19T23:36:48,0,60,0,60
2022-05-19T23:47:02,0,60,0,60
2022-05-19T23:57:16,0,60,0,60
2022-05-20T00:07:33,0,60,0,60
2022-05-20T00:17:54,0,60,0,60
2022-05-20T00:28:09,0,60,0,60
2022-05-20T00:38:24,0,60,0,60
2022-05-20T00:48:40,0,60,0,60
2022-05-20T00:58:56,0,60,0,60
2022-05-20T01:09:12,0,60,0,60
2022-05-20T01:19:40,0,60,0,60
2022-05-20T01:29:54,0,60,0,60
2022-05-20T01:40:08,0,60,0,60
2022-05-20T01:50:23,0,60,0,60
2022-05-20T02:00:38,0,60,0,60
2022-05-20T02:10:52,0,60,0,60
2022-05-20T02:21:09,0,60,0,60
2022-05-20T02:31:32,0,60,0,60
2022-05-20T02:41:47,0,60,0,60
2022-05-20T02:52:02,0,60,0,60
2022-05-20T03:02:16,0,60,0,60
2022-05-20T03:12:30,0,60,0,60
2022-05-20T03:22:44,0,60,0,60
2022-05-20T03:32:59,0,60,0,60
2022-05-20T03:43:14,0,60,0,60
2022-05-20T03:53:29,0,60,0,60
2022-05-20T04:05:59,0,60,0,60
2022-05-20T04:29:26,0,60,0,60
2022-05-20T04:40:04,0,60,0,60
2022-05-20T04:50:21,0,60,0,60
2022-05-20T05:00:37,0,60,0,60
2022-05-20T05:10:53,0,60,0,60
2022-05-20T05:21:08,0,60,0,60
2022-05-20T05:31:24,0,60,0,60
2022-05-20T05:41:40,0,60,0,60
2022-05-20T05:51:55,0,60,0,60
2022-05-20T06:02:11,0,60,0,60
2022-05-20T06:12:26,0,60,0,60
2022-05-20T06:22:42,0,60,0,60
2022-05-20T06:32:57,0,60,0,60
2022-05-20T06:43:11,0,60,0,60
2022-05-20T06:53:24,0,60,0,60
2022-05-20T07:03:41,0,60,0,60
2022-05-20T07:13:55,0,60,0,60
2022-05-20T07:24:08,0,60,0,60
2022-05-20T07:34:22,0,60,0,60
2022-05-20T07:44:36,0,60,0,60
2022-05-20T07:54:50,0,60,0,60
2022-05-20T08:05:04,0,60,0,60
2022-05-20T08:15:18,0,60,0,60
2022-05-20T08:25:34,0,60,0,60
2022-05-20T08:35:49,0,60,0,60
2022-05-20T08:46:03,0,60,0,60
2022-05-20T08:56:18,0,60,0,60
2022-05-20T09:06:34,0,60,0,60
2022-05-20T09:17:01,0,60,0,60
2022-05-20T09:27:17,0,60,0,60
2022-05-20T09:37:33,0,60,0,60
2022-05-20T09:47:49,0,60,0,60
2022-05-20T09:58:05,0,60,0,60
2022-05-20T10:08:22,0,60,0,60
2022-05-20T10:18:37,0,60,0,60
2022-05-20T10:28:53,0,60,0,60
2022-05-20T10:39:09,0,60,0,60
2022-05-20T10:49:25,0,60,0,60
2022-05-20T10:59:54,0,60,0,60
2022-05-20T11:10:10,0,60,0,60
2022-05-20T11:20:26,0,60,0,60
2022-05-20T11:30:42,0,60,0,60
2022-05-20T11:40:58,0,60,0,60
2022-05-20T11:51:28,0,60,0,60
2022-05-20T12:01:44,0,60,0,60
2022-05-20T12:11:59,0,60,0,60
2022-05-20T12:22:15,0,60,0,60
2022-05-20T12:32:30,1,59,0,60
2022-05-20T12:42:45,1,59,0,60
2022-05-20T12:53:01,1,59,0,60
2022-05-20T13:03:28,1,59,0,60
2022-05-20T13:13:44,1,59,0,60
2022-05-20T13:24:00,1,59,0,60
2022-05-20T13:34:17,1,59,0,60
2022-05-20T13:44:33,1,59,0,60
2022-05-20T13:54:49,1,59,0,60
2022-05-20T14:05:05,1,59,0,60
2022-05-20T14:15:31,1,59,0,60
2022-05-20T14:25:46,1,59,0,60
2022-05-20T14:36:02,1,59,0,60
2022-05-20T14:46:18,1,59,0,60
2022-05-20T14:56:33,1,59,0,60
2022-05-20T15:06:59,1,59,0,60
2022-05-20T15:17:14,1,59,0,60
2022-05-20T15:27:30,1,59,0,60
2022-05-20T15:37:45,1,59,0,60
2022-05-20T15:48:00,1,59,0,60
2022-05-20T15:58:15,1,59,0,60
2022-05-20T16:08:30,1,59,0,60
2022-05-20T16:18:55,1,59,0,60
2022-05-20T16:29:10,1,59,0,60
2022-05-20T16:39:24,1,59,0,60
2022-05-20T16:49:38,1,59,0,60
2022-05-20T16:59:53,1,59,0,60
2022-05-20T17:10:07,1,59,0,60
2022-05-20T17:20:21,1,59,0,60
2022-05-20T17:30:35,1,59,0,60
2022-05-20T17:40:49,1,59,0,60
2022-05-20T17:51:04,1,59,0,60
2022-05-20T18:01:17,1,59,0,60
2022-05-20T18:11:40,1,59,0,60
2022-05-20T18:21:54,1,59,0,60
2022-05-20T18:32:07,1,59,0,60
2022-05-20T18:42:21,1,59,0,60
2022-05-20T18:52:34,1,59,0,60
2022-05-20T19:02:48,1,59,0,60
2022-05-20T19:13:02,2,58,0,60
2022-05-20T19:23:16,2,58,0,60
2022-05-20T19:33:30,2,58,0,60
2022-05-20T19:43:44,2,58,0,60
2022-05-20T19:53:57,2,58,0,60
2022-05-20T20:04:21,2,58,0,60
2022-05-20T20:14:35,2,58,0,60
2022-05-20T20:24:49,2,58,0,60
2022-05-20T20:35:02,2,58,0,60
2022-05-20T20:45:15,2,58,0,60
2022-05-20T20:55:29,2,58,0,60
2022-05-20T21:05:43,2,58,0,60
2022-05-20T21:15:56,2,58,0,60
2022-05-20T21:26:21,2,58,0,60
2022-05-20T21:36:34,2,58,0,60
2022-05-20T21:46:48,2,58,0,60
2022-05-20T21:57:02,2,58,0,60
2022-05-20T22:07:16,2,58,0,60
2022-05-20T22:17:29,2,58,0,60
2022-05-20T22:27:44,2,58,0,60
2022-05-20T22:37:58,2,58,0,60
2022-05-20T22:48:11,2,58,0,60
2022-05-20T22:58:25,2,58,0,60
2022-05-20T23:08:39,2,58,0,60
2022-05-20T23:19:04,2,58,0,60
2022-05-20T23:29:17,2,58,0,60
2022-05-20T23:39:31,2,58,0,60
2022-05-20T23:49:44,2,58,0,60
2022-05-20T23:59:58,2,58,0,60
2022-05-21T00:10:13,2,58,0,60
2022-05-21T00:20:30,2,58,0,60
2022-05-21T00:30:45,2,58,0,60
2022-05-21T00:41:02,2,58,0,60
2022-05-21T00:51:18,2,58,0,60
2022-05-21T01:01:33,2,58,0,60
2022-05-21T01:11:48,2,58,0,60
2022-05-21T01:22:03,2,58,0,60
2022-05-21T01:32:18,2,58,0,60
2022-05-21T01:42:33,2,58,0,60
2022-05-21T01:52:48,2,58,0,60
2022-05-21T02:03:12,2,58,0,60
2022-05-21T02:13:26,2,58,0,60
2022-05-21T02:23:39,2,58,0,60
2022-05-21T02:33:53,2,58,0,60
2022-05-21T02:44:06,2,58,0,60
2022-05-21T02:54:18,2,58,0,60
2022-05-21T03:04:31,2,58,0,60
2022-05-21T03:14:46,2,58,0,60
2022-05-21T03:25:05,2,58,0,60
2022-05-21T03:35:20,2,58,0,60
2022-05-21T03:45:36,2,58,0,60
2022-05-21T03:55:51,2,58,0,60
2022-05-21T04:06:07,2,58,0,60
2022-05-21T04:21:27,2,58,0,60
2022-05-21T04:32:47,2,58,0,60
2022-05-21T04:43:24,2,58,0,60
2022-05-21T04:53:40,2,58,0,60
2022-05-21T05:03:55,2,58,0,60
2022-05-21T05:14:11,2,58,0,60
2022-05-21T05:24:27,2,58,0,60
2022-05-21T05:34:43,2,58,0,60
2022-05-21T05:44:59,2,58,0,60
2022-05-21T05:55:15,2,58,0,60
2022-05-21T06:05:30,2,58,0,60
2022-05-21T06:15:45,2,58,0,60
2022-05-21T06:26:02,2,58,0,60
2022-05-21T06:36:17,2,58,0,60
2022-05-21T06:46:32,2,58,0,60
2022-05-21T06:56:48,2,58,0,60
2022-05-21T07:07:03,2,58,0,60
2022-05-21T07:17:19,2,58,0,60
2022-05-21T07:27:34,2,58,0,60
2022-05-21T07:37:49,2,58,0,60
2022-05-21T07:48:03,2,58,0,60
2022-05-21T07:58:18,2,58,0,60
2022-05-21T08:08:33,2,58,0,60
2022-05-21T08:18:49,2,58,0,60
2022-05-21T08:29:04,2,58,0,60
2022-05-21T08:39:18,2,58,0,60
2022-05-21T08:49:55,2,58,0,60
2022-05-21T09:00:09,2,58,0,60
2022-05-21T09:10:22,3,57,0,60
2022-05-21T09:20:35,3,57,0,60
2022-05-21T09:30:48,3,57,0,60
2022-05-21T09:41:01,3,57,0,60
2022-05-21T09:51:14,3,57,0,60
2022-05-21T10:01:28,3,57,0,60
2022-05-21T10:11:41,3,57,0,60
2022-05-21T10:21:54,3,57,0,60
2022-05-21T10:32:07,3,57,0,60
2022-05-21T10:42:21,3,57,0,60
2022-05-21T10:52:34,3,57,0,60
2022-05-21T11:02:47,3,57,0,60
2022-05-21T11:13:12,3,57,0,60
2022-05-21T11:23:26,3,57,0,60
2022-05-21T11:33:40,3,57,0,60
2022-05-21T11:43:54,3,57,0,60
2022-05-21T11:54:06,3,57,0,60
2022-05-21T12:04:20,3,57,0,60
2022-05-21T12:14:35,3,57,0,60
2022-05-21T12:24:48,3,57,0,60
2022-05-21T12:35:21,3,57,0,60
2022-05-21T12:45:35,3,57,0,60
2022-05-21T12:55:48,3,57,0,60
2022-05-21T13:06:02,3,57,0,60
2022-05-21T13:16:16,3,57,0,60
2022-05-21T13:26:29,3,57,0,60
2022-05-21T13:36:42,3,57,0,60
2022-05-21T13:46:56,3,57,0,60
2022-05-21T13:57:09,3,57,0,60
2022-05-21T14:07:22,3,57,0,60
2022-05-21T14:17:46,3,57,0,60
2022-05-21T14:27:59,3,57,0,60
2022-05-21T14:38:13,3,57,0,60
2022-05-21T14:48:27,3,57,0,60
2022-05-21T14:58:42,3,57,0,60
2022-05-21T15:08:56,3,57,0,60
2022-05-21T15:19:09,3,57,0,60
2022-05-21T15:29:32,3,57,0,60
2022-05-21T15:39:47,3,57,0,60
2022-05-21T15:50:00,3,57,0,60
2022-05-21T16:00:13,3,57,0,60
2022-05-21T16:10:27,3,57,0,60
2022-05-21T16:20:41,3,57,0,60
2022-05-21T16:30:54,3,57,0,60
2022-05-21T16:41:07,3,57,0,60
2022-05-21T16:51:21,3,57,0,60
2022-05-21T17:01:52,3,57,0,60
2022-05-21T17:12:06,3,57,0,60
2022-05-21T17:22:20,3,57,0,60
2022-05-21T17:32:34,3,57,0,60
2022-05-21T17:42:47,3,57,0,60
2022-05-21T17:53:00,3,57,0,60
2022-05-21T18:03:14,3,57,0,60
2022-05-21T18:13:27,3,57,0,60
2022-05-21T18:23:41,3,57,0,60
2022-05-21T18:33:55,3,57,0,60
2022-05-21T18:44:08,3,57,0,60
2022-05-21T18:54:49,3,57,0,60
2022-05-21T19:05:03,3,57,0,60
2022-05-21T19:15:16,3,57,0,60
2022-05-21T19:25:29,3,57,0,60
2022-05-21T19:35:43,3,57,0,60
2022-05-21T19:45:57,3,57,0,60
2022-05-21T19:56:12,3,57,0,60
2022-05-21T20:06:26,3,57,0,60
2022-05-21T20:16:40,3,57,0,60
2022-05-21T20:26:53,3,57,0,60
2022-05-21T20:37:18,3,57,0,60
2022-05-21T20:47:32,3,57,0,60
2022-05-21T20:57:45,3,57,0,60
2022-05-21T21:07:59,3,57,0,60
2022-05-21T21:18:12,3,57,0,60
2022-05-21T21:28:25,3,57,0,60
2022-05-21T21:38:39,3,57,0,60
2022-05-21T21:48:52,3,57,0,60
2022-05-21T21:59:05,3,57,0,60
2022-05-21T22:09:19,3,57,0,60
2022-05-21T22:19:55,3,57,0,60
2022-05-21T22:30:08,3,57,0,60
2022-05-21T22:40:22,3,57,0,60
2022-05-21T22:50:35,3,57,0,60
2022-05-21T23:00:48,3,57,0,60
2022-05-21T23:11:02,3,57,0,60
2022-05-21T23:21:15,3,57,0,60
2022-05-21T23:31:28,3,57,0,60
2022-05-21T23:41:41,3,57,0,60
2022-05-21T23:51:54,3,57,0,60
2022-05-22T00:02:07,3,57,0,60
2022-05-22T00:12:21,3,57,0,60
2022-05-22T00:22:37,3,57,0,60
2022-05-22T00:33:03,3,57,0,60
2022-05-22T00:43:17,3,57,0,60
2022-05-22T00:53:29,3,57,0,60
2022-05-22T01:03:42,3,57,0,60
2022-05-22T01:13:55,3,57,0,60
2022-05-22T01:24:08,3,57,0,60
2022-05-22T01:34:20,3,57,0,60
2022-05-22T01:44:33,3,57,0,60
2022-05-22T01:54:46,3,57,0,60
2022-05-22T02:04:59,3,57,0,60
2022-05-22T02:15:12,3,57,0,60
2022-05-22T02:25:25,3,57,0,60
2022-05-22T02:35:42,3,57,0,60
2022-05-22T02:45:58,3,57,0,60
2022-05-22T02:56:13,3,57,0,60
2022-05-22T03:07:24,3,57,0,60
2022-05-22T03:17:39,3,57,0,60
2022-05-22T03:27:55,3,57,0,60
2022-05-22T03:38:11,3,57,0,60
2022-05-22T03:48:36,3,57,0,60
2022-05-22T03:58:50,3,57,0,60
2022-05-22T04:19:34,3,57,0,60
2022-05-22T04:30:16,3,57,0,60
2022-05-22T04:40:32,3,57,0,60
2022-05-22T04:50:48,3,57,0,60
2022-05-22T05:01:03,3,57,0,60
2022-05-22T05:11:20,3,57,0,60
2022-05-22T05:21:36,3,57,0,60
2022-05-22T05:31:51,3,57,0,60
2022-05-22T05:42:06,3,57,0,60
2022-05-22T05:52:22,3,57,0,60
2022-05-22T06:02:37,3,57,0,60
2022-05-22T06:12:52,3,57,0,60
2022-05-22T06:23:07,3,57,0,60
2022-05-22T06:33:23,3,57,0,60
2022-05-22T06:43:37,3,57,0,60
2022-05-22T06:53:51,3,57,0,60
2022-05-22T07:04:05,3,57,0,60
2022-05-22T07:14:18,3,57,0,60
2022-05-22T07:24:31,3,57,0,60
2022-05-22T07:34:45,3,57,0,60
2022-05-22T07:44:58,3,57,0,60
2022-05-22T07:55:11,3,57,0,60
2022-05-22T08:05:24,3,57,0,60
2022-05-22T08:15:37,3,57,0,60
2022-05-22T08:25:50,3,57,0,60
2022-05-22T08:36:04,3,57,0,60
2022-05-22T08:46:16,3,57,0,60
2022-05-22T08:56:29,3,57,0,60
2022-05-22T09:06:42,3,57,0,60
2022-05-22T09:16:56,3,57,0,60
2022-05-22T09:27:09,3,57,0,60
2022-05-22T09:37:22,3,57,0,60
2022-05-22T09:47:35,3,57,0,60
2022-05-22T09:57:48,3,57,0,60
2022-05-22T10:08:01,3,57,0,60
2022-05-22T10:18:15,3,57,0,60
2022-05-22T10:28:29,3,57,0,60
2022-05-22T10:38:43,3,57,0,60
2022-05-22T10:48:57,3,57,0,60
2022-05-22T10:59:10,3,57,0,60
2022-05-22T11:09:23,3,57,0,60
2022-05-22T11:19:44,3,57,0,60
2022-05-22T11:29:57,3,57,0,60
2022-05-22T11:40:11,3,57,0,60
2022-05-22T11:50:25,3,57,0,60
2022-05-22T12:00:38,3,57,0,60
2022-05-22T12:10:51,3,57,0,60
2022-05-22T12:21:05,3,57,0,60
2022-05-22T12:31:18,3,57,0,60
2022-05-22T12:41:31,3,57,0,60
2022-05-22T12:51:44,3,57,0,60
2022-05-22T13:01:57,3,57,0,60
2022-05-22T13:12:10,3,57,0,60
2022-05-22T13:22:32,3,57,0,60
2022-05-22T13:32:45,3,57,0,60
2022-05-22T13:42:58,3,57,0,60
2022-05-22T13:53:12,3,57,0,60
2022-05-22T14:03:28,3,57,0,60
2022-05-22T14:13:41,3,57,0,60
2022-05-22T14:23:54,3,57,0,60
2022-05-22T14:34:07,3,57,0,60
2022-05-22T14:44:20,3,57,0,60
2022-05-22T14:54:33,3,57,0,60
2022-05-22T15:04:46,3,57,0,60
2022-05-22T15:15:00,3,57,0,60
2022-05-22T15:25:13,3,57,0,60
2022-05-22T15:35:27,3,57,0,60
2022-05-22T15:45:51,3,57,0,60
2022-05-22T15:56:04,3,57,0,60
2022-05-22T16:06:18,3,57,0,60
2022-05-22T16:16:32,3,57,0,60
2022-05-22T16:26:45,3,57,0,60
2022-05-22T16:36:59,3,57,0,60
2022-05-22T16:47:12,3,57,0,60
2022-05-22T16:57:25,3,57,0,60
2022-05-22T17:07:39,3,57,0,60
2022-05-22T17:17:52,3,57,0,60
2022-05-22T17:28:06,3,57,0,60
2022-05-22T17:38:19,3,57,0,60
2022-05-22T17:48:43,3,57,0,60
2022-05-22T17:58:56,3,57,0,60
2022-05-22T18:09:09,3,57,0,60
2022-05-22T18:19:22,3,57,0,60
2022-05-22T18:29:35,3,57,0,60
2022-05-22T18:39:49,3,57,0,60
2022-05-22T18:50:02,3,57,0,60
2022-05-22T19:00:16,3,57,0,60
2022-05-22T19:10:30,3,57,0,60
2022-05-22T19:20:45,3,57,0,60
2022-05-22T19:30:58,3,57,0,60
2022-05-22T19:41:11,3,57,0,60
2022-05-22T19:51:25,3,57,0,60
2022-05-22T20:01:49,3,57,0,60
2022-05-22T20:12:02,3,57,0,60
2022-05-22T20:22:17,3,57,0,60
2022-05-22T20:32:31,3,57,0,60
2022-05-22T20:42:45,3,57,0,60
2022-05-22T20:52:58,3,57,0,60
2022-05-22T21:03:11,3,57,0,60
2022-05-22T21:13:24,3,57,0,60
2022-05-22T21:23:38,3,57,0,60
2022-05-22T21:34:01,3,57,0,60
2022-05-22T21:44:15,3,57,0,60
2022-05-22T21:54:28,3,57,0,60
2022-05-22T22:04:42,3,57,0,60
2022-05-22T22:14:56,3,57,0,60
2022-05-22T22:25:12,3,57,0,60
2022-05-22T22:35:25,3,57,0,60
2022-05-22T22:45:39,3,57,0,60
2022-05-22T22:55:53,3,57,0,60
2022-05-22T23:06:17,3,57,0,60
2022-05-22T23:16:31,3,57,0,60
2022-05-22T23:26:45,3,57,0,60
2022-05-22T23:36:59,3,57,0,60
2022-05-22T23:47:14,3,57,0,60
2022-05-22T23:57:28,3,57,0,60
2022-05-23T00:07:43,3,57,0,60
2022-05-23T00:18:02,3,57,0,60
2022-05-23T00:28:17,3,57,0,60
2022-05-23T00:38:32,3,57,0,60
2022-05-23T00:48:46,3,57,0,60
2022-05-23T00:59:00,3,57,0,60
2022-05-23T01:09:27,3,57,0,60
2022-05-23T01:19:43,3,57,0,60
2022-05-23T01:29:59,3,57,0,60
2022-05-23T01:40:13,3,57,0,60
2022-05-23T01:50:26,3,57,0,60
2022-05-23T02:00:41,3,57,0,60
2022-05-23T02:13:10,3,57,0,60
2022-05-23T02:23:32,3,57,0,60
2022-05-23T02:33:47,3,57,0,60
2022-05-23T02:44:01,3,57,0,60
2022-05-23T02:54:17,3,57,0,60
2022-05-23T03:04:32,3,57,0,60
2022-05-23T03:14:47,3,57,0,60
2022-05-23T03:25:08,3,57,0,60
2022-05-23T03:35:25,3,57,0,60
2022-05-23T03:45:39,3,57,0,60
2022-05-23T03:55:54,3,57,0,60
2022-05-23T04:06:09,3,57,0,60
2022-05-23T04:18:22,3,57,0,60
2022-05-23T04:29:48,3,57,0,60
2022-05-23T04:40:21,3,57,0,60
2022-05-23T04:50:38,3,57,0,60
2022-05-23T05:00:54,3,57,0,60
2022-05-23T05:11:10,3,57,0,60
2022-05-23T05:21:26,3,57,0,60
2022-05-23T05:31:42,3,57,0,60
2022-05-23T05:41:58,3,57,0,60
2022-05-23T05:52:14,3,57,0,60
2022-05-23T06:02:29,3,57,0,60
2022-05-23T06:12:44,3,57,0,60
2022-05-23T06:22:58,3,57,0,60
2022-05-23T06:33:12,3,57,0,60
2022-05-23T06:43:26,3,57,0,60
2022-05-23T06:53:40,3,57,0,60
2022-05-23T07:03:54,3,57,0,60
2022-05-23T07:14:08,3,57,0,60
2022-05-23T07:24:23,3,57,0,60
2022-05-23T07:34:38,3,57,0,60
2022-05-23T07:44:52,3,57,0,60
2022-05-23T07:55:06,3,57,0,60
2022-05-23T08:05:21,3,57,0,60
2022-05-23T08:15:36,3,57,0,60
2022-05-23T08:26:02,3,57,0,60
2022-05-23T08:36:17,3,57,0,60
2022-05-23T08:46:33,3,57,0,60
2022-05-23T08:56:49,3,57,0,60
2022-05-23T09:07:06,3,57,0,60
2022-05-23T09:17:22,3,57,0,60
2022-05-23T09:27:39,3,57,0,60
2022-05-23T09:37:57,3,57,0,60
2022-05-23T09:48:33,3,57,0,60
2022-05-23T09:58:49,3,57,0,60
2022-05-23T10:09:07,3,57,0,60
2022-05-23T10:19:25,3,57,0,60
2022-05-23T10:29:43,3,57,0,60
2022-05-23T10:40:00,4,56,0,60
2022-05-23T10:50:30,4,56,0,60
2022-05-23T11:00:49,4,56,0,60
2022-05-23T11:11:06,4,56,0,60
2022-05-23T11:21:23,4,56,0,60
2022-05-23T11:32:03,4,56,0,60
2022-05-23T11:42:22,4,56,0,60
2022-05-23T11:52:40,4,56,0,60
2022-05-23T12:02:59,4,56,0,60
2022-05-23T12:13:30,4,56,0,60
2022-05-23T12:23:48,5,55,0,60
2022-05-23T12:34:07,5,55,0,60
2022-05-23T12:44:34,5,55,0,60
2022-05-23T12:54:52,5,55,0,60
2022-05-23T13:05:12,5,55,0,60
2022-05-23T13:15:32,5,55,0,60
2022-05-23T13:26:11,5,55,0,60
2022-05-23T13:36:29,5,55,0,60
2022-05-23T13:46:49,5,55,0,60
2022-05-23T13:57:09,5,55,0,60
2022-05-23T14:07:41,5,55,0,60
2022-05-23T14:18:00,5,55,0,60
2022-05-23T14:28:18,5,55,0,60
2022-05-23T14:38:49,5,55,0,60
2022-05-23T14:49:08,5,55,0,60
2022-05-23T14:59:26,5,55,0,60
2022-05-23T15:09:57,5,55,0,60
2022-05-23T15:20:17,5,55,0,60
2022-05-23T15:30:36,5,55,0,60
2022-05-23T15:40:57,5,55,0,60
2022-05-23T15:51:37,5,55,0,60
2022-05-23T16:01:59,5,55,0,60
2022-05-23T16:12:18,5,55,0,60
2022-05-23T16:22:48,5,55,0,60
2022-05-23T16:33:08,6,54,0,60
2022-05-23T16:43:25,5,55,0,60
2022-05-23T16:53:42,5,55,0,60
2022-05-23T17:04:11,5,55,0,60
2022-05-23T17:14:29,5,55,0,60
2022-05-23T17:24:46,5,55,0,60
2022-05-23T17:35:14,5,55,0,60
2022-05-23T17:45:30,5,55,0,60
2022-05-23T17:55:46,5,55,0,60
2022-05-23T18:06:04,5,55,0,60
2022-05-23T18:16:42,5,55,0,60
2022-05-23T18:26:59,5,55,0,60
2022-05-23T18:37:16,5,55,0,60
2022-05-23T18:47:32,5,55,0,60
2022-05-23T18:57:58,6,54,0,60
2022-05-23T19:08:13,7,53,0,60
2022-05-23T19:18:29,7,53,0,60
2022-05-23T19:28:45,7,53,0,60
2022-05-23T19:39:02,7,53,0,60
2022-05-23T19:49:18,8,52,0,60
2022-05-23T19:59:45,8,52,0,60
2022-05-23T20:10:03,8,52,0,60
2022-05-23T20:20:19,8,52,0,60
2022-05-23T20:30:34,9,51,0,60
2022-05-23T20:40:51,9,51,0,60
2022-05-23T20:51:18,10,50,0,60
2022-05-23T21:01:34,10,50,0,60
2022-05-23T21:11:49,10,50,0,60
2022-05-23T21:22:04,10,50,0,60
2022-05-23T21:32:21,10,50,0,60
2022-05-23T21:42:37,10,50,0,60
2022-05-23T21:53:13,10,50,0,60
2022-05-23T22:03:28,10,50,0,60
2022-05-23T22:13:42,10,50,0,60
2022-05-23T22:23:58,10,50,0,60
2022-05-23T22:34:13,10,50,0,60
2022-05-23T22:44:39,10,50,0,60
2022-05-23T22:54:54,10,50,0,60
2022-05-23T23:05:09,10,50,0,60
2022-05-23T23:15:24,10,50,0,60
2022-05-23T23:25:39,11,49,0,60
2022-05-23T23:36:06,11,49,0,60
2022-05-23T23:46:21,11,49,0,60
2022-05-23T23:56:35,11,49,0,60
2022-05-24T00:06:51,11,49,0,60
2022-05-24T00:17:10,11,49,0,60
2022-05-24T00:27:26,11,49,0,60
2022-05-24T00:37:42,11,49,0,60
2022-05-24T00:48:18,11,49,0,60
2022-05-24T00:58:34,11,49,0,60
2022-05-24T01:08:49,11,49,0,60
2022-05-24T01:19:04,11,49,0,60
2022-05-24T01:29:19,11,49,0,60
2022-05-24T01:39:33,11,49,0,60
2022-05-24T01:49:48,11,49,0,60
2022-05-24T02:00:02,11,49,0,60
2022-05-24T02:10:17,11,49,0,60
2022-05-24T02:20:41,11,49,0,60
2022-05-24T02:30:54,11,49,0,60
2022-05-24T02:41:08,11,49,0,60
2022-05-24T02:51:22,11,49,0,60
2022-05-24T03:01:35,11,49,0,60
2022-05-24T03:11:48,11,49,0,60
2022-05-24T03:22:02,11,49,0,60
2022-05-24T03:32:18,11,49,0,60
2022-05-24T03:42:43,11,49,0,60
2022-05-24T03:52:59,11,49,0,60
2022-05-24T04:03:42,11,49,0,60
2022-05-24T04:26:55,11,49,0,60
2022-05-24T04:37:34,11,49,0,60
2022-05-24T04:47:51,11,49,0,60
2022-05-24T04:58:09,11,49,0,60
2022-05-24T05:08:28,11,49,0,60
2022-05-24T05:18:45,11,49,0,60
2022-05-24T05:29:01,11,49,0,60
2022-05-24T05:39:18,11,49,0,60
2022-05-24T05:49:34,11,49,0,60
2022-05-24T05:59:50,11,49,0,60
2022-05-24T06:10:07,11,49,0,60
2022-05-24T06:20:22,11,49,0,60
2022-05-24T06:30:38,11,49,0,60
2022-05-24T06:40:54,11,49,0,60
2022-05-24T06:51:10,11,49,0,60
2022-05-24T07:01:26,11,49,0,60
2022-05-24T07:11:43,11,49,0,60
2022-05-24T07:21:59,11,49,0,60
2022-05-24T07:32:14,11,49,0,60
2022-05-24T07:42:32,11,49,0,60
2022-05-24T07:52:46,11,49,0,60
2022-05-24T08:03:00,11,49,0,60
2022-05-24T08:13:15,11,49,0,60
2022-05-24T08:23:30,11,49,0,60
2022-05-24T08:33:45,12,48,0,60
2022-05-24T08:44:01,12,48,0,60
2022-05-24T08:54:17,12,48,0,60
2022-05-24T09:04:43,12,48,0,60
2022-05-24T09:15:00,12,48,0,60
2022-05-24T09:25:18,12,48,0,60
2022-05-24T09:35:35,13,47,0,60
2022-05-24T09:45:52,13,47,0,60
2022-05-24T09:56:09,13,47,0,60
2022-05-24T10:06:38,13,47,0,60
2022-05-24T10:16:56,13,47,0,60
2022-05-24T10:27:14,13,47,0,60
2022-05-24T10:37:32,13,47,0,60
2022-05-24T10:48:00,13,47,0,60
2022-05-24T10:58:18,13,47,0,60
2022-05-24T11:08:39,13,47,0,60
2022-05-24T11:18:58,13,47,0,60
2022-05-24T11:29:28,13,47,0,60
2022-05-24T11:39:47,13,47,0,60
2022-05-24T11:50:06,13,47,0,60
2022-05-24T12:00:25,13,47,0,60
2022-05-24T12:10:54,13,47,0,60
2022-05-24T12:21:12,13,47,0,60
2022-05-24T12:31:30,13,47,0,60
2022-05-24T12:41:47,13,47,0,60
2022-05-24T12:52:15,13,47,0,60
2022-05-24T13:02:35,13,47,0,60
2022-05-24T13:12:55,13,47,0,60
2022-05-24T13:23:16,13,47,0,60
2022-05-24T13:33:49,13,47,0,60
2022-05-24T13:44:12,13,47,0,60
2022-05-24T13:57:23,14,46,0,60
2022-05-24T14:07:57,14,46,0,60
2022-05-24T14:18:18,14,46,0,60
2022-05-24T14:28:40,14,46,0,60
2022-05-24T14:39:12,14,46,0,60
2022-05-24T14:49:31,15,45,0,60
2022-05-24T14:59:52,15,45,0,60
2022-05-24T15:10:25,15,45,0,60
2022-05-24T15:20:44,15,45,0,60
2022-05-24T15:31:04,15,45,0,60
2022-05-24T15:41:24,15,45,0,60
2022-05-24T15:51:55,15,45,0,60
2022-05-24T16:02:16,15,45,0,60
2022-05-24T16:12:36,15,45,0,60
2022-05-24T16:22:55,15,45,0,60
2022-05-24T16:33:28,15,45,0,60
2022-05-24T16:43:54,15,45,0,60
2022-05-24T16:54:18,15,45,0,60
2022-05-24T17:04:47,16,44,0,60
2022-05-24T17:15:30,16,44,0,60
2022-05-24T17:25:53,16,44,0,60
2022-05-24T17:36:18,16,44,0,60
2022-05-24T17:46:45,16,44,0,60
2022-05-24T17:57:20,16,44,0,60
2022-05-24T18:07:53,16,44,0,60
2022-05-24T18:18:12,16,44,0,60
2022-05-24T18:28:35,16,44,0,60
2022-05-24T18:39:06,16,44,0,60
2022-05-24T18:49:23,16,44,0,60
2022-05-24T18:59:41,16,44,0,60
2022-05-24T19:09:58,16,44,0,60
2022-05-24T19:20:16,16,44,0,60
2022-05-24T19:30:33,16,44,0,60
2022-05-24T19:41:01,16,44,0,60
2022-05-24T19:51:18,16,44,0,60
2022-05-24T20:01:35,16,44,0,60
2022-05-24T20:11:51,16,44,0,60
2022-05-24T20:22:08,16,44,0,60
2022-05-24T20:32:36,16,44,0,60
2022-05-24T20:42:52,16,44,0,60
2022-05-24T20:53:08,16,44,0,60
2022-05-24T21:03:24,16,44,0,60
2022-05-24T21:13:39,16,44,0,60
2022-05-24T21:24:05,16,44,0,60
2022-05-24T21:34:23,16,44,0,60
2022-05-24T21:44:38,16,44,0,60
2022-05-24T21:54:54,16,44,0,60
2022-05-24T22:05:08,16,44,0,60
2022-05-24T22:15:22,16,44,0,60
2022-05-24T22:25:46,16,44,0,60
2022-05-24T22:36:01,16,44,0,60
2022-05-24T22:46:17,16,44,0,60
2022-05-24T22:56:31,16,44,0,60
2022-05-24T23:06:46,16,44,0,60
2022-05-24T23:17:11,16,44,0,60
2022-05-24T23:27:26,16,44,0,60
2022-05-24T23:37:41,16,44,0,60
2022-05-24T23:47:55,16,44,0,60
2022-05-24T23:58:09,16,44,0,60
2022-05-25T00:08:26,16,44,0,60
2022-05-25T00:18:46,16,44,0,60
2022-05-25T00:29:01,16,44,0,60
2022-05-25T00:39:28,16,44,0,60
2022-05-25T00:49:44,16,44,0,60
2022-05-25T00:59:59,16,44,0,60
2022-05-25T01:10:15,16,44,0,60
2022-05-25T01:20:31,16,44,0,60
2022-05-25T01:30:46,16,44,0,60
2022-05-25T01:41:00,16,44,0,60
2022-05-25T01:51:15,16,44,0,60
2022-05-25T02:01:31,16,44,0,60
2022-05-25T02:11:45,16,44,0,60
2022-05-25T02:21:59,16,44,0,60
2022-05-25T02:32:14,16,44,0,60
2022-05-25T02:42:30,16,44,0,60
2022-05-25T02:52:55,16,44,0,60
2022-05-25T03:03:11,16,44,0,60
2022-05-25T03:13:26,16,44,0,60
2022-05-25T03:23:40,16,44,0,60
2022-05-25T03:33:53,16,44,0,60
2022-05-25T03:44:07,16,44,0,60
2022-05-25T03:54:22,16,44,0,60
2022-05-25T04:04:37,16,44,0,60
2022-05-25T04:16:51,16,44,0,60
2022-05-25T11:06:31,16,44,0,60
2022-05-25T11:16:51,16,44,0,60
2022-05-25T11:27:20,16,44,0,60
2022-05-25T11:37:40,16,44,0,60
2022-05-25T11:47:59,16,44,0,60
2022-05-25T11:58:19,16,44,0,60
2022-05-25T12:08:50,16,44,0,60
2022-05-25T12:19:08,16,44,0,60
2022-05-25T12:29:26,16,44,0,60
2022-05-25T12:39:43,16,44,0,60
2022-05-25T12:49:59,16,44,0,60
2022-05-25T13:00:16,16,44,0,60
2022-05-25T13:10:43,16,44,0,60
2022-05-25T13:21:00,16,44,0,60
2022-05-25T13:31:16,16,44,0,60
2022-05-25T13:41:33,16,44,0,60
2022-05-25T13:51:49,16,44,0,60
2022-05-25T14:02:06,16,44,0,60
2022-05-25T14:12:35,16,44,0,60
2022-05-25T14:22:52,16,44,0,60
2022-05-25T14:33:09,16,44,0,60
2022-05-25T14:43:27,16,44,0,60
2022-05-25T14:53:44,15,45,0,60
2022-05-25T15:04:02,16,44,0,60
2022-05-25T15:14:29,16,44,0,60
2022-05-25T15:24:47,16,44,0,60
2022-05-25T15:35:05,16,44,0,60
2022-05-25T15:45:22,16,44,0,60
2022-05-25T15:55:39,16,44,0,60
2022-05-25T16:05:58,16,44,0,60
2022-05-25T16:16:14,16,44,0,60
2022-05-25T16:26:41,16,44,0,60
2022-05-25T16:36:57,16,44,0,60
2022-05-25T16:47:13,16,44,0,60
2022-05-25T16:57:29,16,44,0,60
2022-05-25T17:07:45,16,44,0,60
2022-05-25T17:18:01,16,44,0,60
2022-05-25T17:28:17,16,44,0,60
2022-05-25T17:38:43,16,44,0,60
2022-05-25T17:48:58,16,44,0,60
2022-05-25T17:59:13,16,44,0,60
2022-05-25T18:09:28,16,44,0,60
2022-05-25T18:19:43,16,44,0,60
2022-05-25T18:29:58,16,44,0,60
2022-05-25T18:40:13,16,44,0,60
2022-05-25T18:50:28,16,44,0,60
2022-05-25T19:00:43,16,44,0,60
2022-05-25T19:10:58,16,44,0,60
2022-05-25T19:21:25,16,44,0,60
2022-05-25T19:31:39,16,44,0,60
2022-05-25T19:41:54,16,44,0,60
2022-05-25T19:52:09,16,44,0,60
2022-05-25T20:02:23,16,44,0,60
2022-05-25T20:12:39,16,44,0,60
2022-05-25T20:22:53,16,44,0,60
2022-05-25T20:33:07,16,44,0,60
2022-05-25T20:43:22,16,44,0,60
2022-05-25T20:53:48,16,44,0,60
2022-05-25T21:04:02,16,44,0,60
2022-05-25T21:14:17,16,44,0,60
2022-05-25T21:24:32,16,44,0,60
2022-05-25T21:34:47,16,44,0,60
2022-05-25T21:45:02,16,44,0,60
2022-05-25T21:55:17,16,44,0,60
2022-05-25T22:05:44,16,44,0,60
2022-05-25T22:15:59,16,44,0,60
2022-05-25T22:26:15,16,44,0,60
2022-05-25T22:36:30,16,44,0,60
2022-05-25T22:46:44,16,44,0,60
2022-05-25T22:56:59,16,44,0,60
2022-05-25T23:07:15,16,44,0,60
2022-05-25T23:17:31,16,44,0,60
2022-05-25T23:27:46,16,44,0,60
2022-05-25T23:38:00,16,44,0,60
2022-05-25T23:48:15,16,44,0,60
2022-05-25T23:58:40,16,44,0,60
2022-05-26T00:08:55,16,44,0,60
2022-05-26T00:19:12,16,44,0,60
2022-05-26T00:29:28,16,44,0,60
2022-05-26T00:39:45,16,44,0,60
2022-05-26T00:50:01,16,44,0,60
2022-05-26T01:00:18,16,44,0,60
2022-05-26T01:10:34,16,44,0,60
2022-05-26T01:20:50,16,44,0,60
2022-05-26T01:31:06,16,44,0,60
2022-05-26T01:41:22,16,44,0,60
2022-05-26T01:51:39,16,44,0,60
2022-05-26T02:01:55,16,44,0,60
2022-05-26T02:12:10,16,44,0,60
2022-05-26T02:22:25,16,44,0,60
2022-05-26T02:32:41,16,44,0,60
2022-05-26T02:42:56,16,44,0,60
2022-05-26T02:53:10,16,44,0,60
2022-05-26T03:03:24,16,44,0,60
2022-05-26T03:13:51,16,44,0,60
2022-05-26T03:24:07,16,44,0,60
2022-05-26T03:34:23,16,44,0,60
2022-05-26T03:44:40,16,44,0,60
2022-05-26T03:54:56,16,44,0,60
2022-05-26T04:07:45,16,44,0,60
2022-05-26T04:26:12,16,44,0,60
2022-05-26T04:36:51,16,44,0,60
2022-05-26T04:47:07,16,44,0,60
2022-05-26T04:57:24,16,44,0,60
2022-05-26T05:07:42,16,44,0,60
2022-05-26T05:17:59,16,44,0,60
2022-05-26T05:28:14,16,44,0,60
2022-05-26T05:38:31,16,44,0,60
2022-05-26T05:48:49,16,44,0,60
2022-05-26T05:59:07,16,44,0,60
2022-05-26T06:09:24,16,44,0,60
2022-05-26T06:19:40,16,44,0,60
2022-05-26T06:29:57,16,44,0,60
2022-05-26T06:40:14,16,44,0,60
2022-05-26T06:50:31,16,44,0,60
2022-05-26T07:00:46,16,44,0,60
2022-05-26T07:11:05,16,44,0,60
2022-05-26T07:21:20,16,44,0,60
2022-05-26T07:31:36,16,44,0,60
2022-05-26T07:41:51,16,44,0,60
2022-05-26T07:52:06,16,44,0,60
2022-05-26T08:02:21,16,44,0,60
2022-05-26T08:12:36,16,44,0,60
2022-05-26T08:22:50,16,44,0,60
2022-05-26T08:33:16,16,44,0,60
2022-05-26T08:43:31,16,44,0,60
2022-05-26T08:53:48,16,44,0,60
2022-05-26T09:04:04,16,44,0,60
2022-05-26T09:14:20,16,44,0,60
2022-05-26T09:24:35,16,44,0,60
2022-05-26T09:34:51,16,44,0,60
2022-05-26T09:45:08,16,44,0,60
2022-05-26T09:55:24,16,44,0,60
2022-05-26T10:05:41,16,44,0,60
2022-05-26T10:16:09,16,44,0,60
2022-05-26T10:26:26,16,44,0,60
2022-05-26T10:36:43,16,44,0,60
2022-05-26T10:46:59,16,44,0,60
2022-05-26T10:57:16,16,44,0,60
2022-05-26T11:07:35,16,44,0,60
2022-05-26T11:17:53,16,44,0,60
2022-05-26T11:28:29,16,44,0,60
2022-05-26T11:38:53,16,44,0,60
2022-05-26T11:49:19,16,44,0,60
2022-05-26T11:59:48,16,44,0,60
2022-05-26T12:10:14,16,44,0,60
2022-05-26T12:20:42,16,44,0,60
2022-05-26T12:31:13,16,44,0,60
2022-05-26T12:41:57,16,44,0,60
2022-05-26T12:52:27,16,44,0,60
2022-05-26T13:02:55,16,44,0,60
2022-05-26T13:13:22,16,44,0,60
2022-05-26T13:23:49,16,44,0,60
2022-05-26T13:34:14,16,44,0,60
2022-05-26T13:44:40,16,44,0,60
2022-05-26T13:55:05,16,44,0,60
2022-05-26T14:05:39,16,44,0,60
2022-05-26T14:16:03,16,44,0,60
2022-05-26T14:26:23,16,44,0,60
2022-05-26T14:36:39,16,44,0,60
2022-05-26T14:46:56,16,44,0,60
2022-05-26T14:57:12,16,44,0,60
2022-05-26T15:07:40,16,44,0,60
2022-05-26T15:17:57,16,44,0,60
2022-05-26T15:28:13,16,44,0,60
2022-05-26T15:38:29,16,44,0,60
2022-05-26T15:48:45,16,44,0,60
2022-05-26T15:59:01,16,44,0,60
2022-05-26T16:09:17,16,44,0,60
2022-05-26T16:19:42,16,44,0,60
2022-05-26T16:29:58,16,44,0,60
2022-05-26T16:40:13,16,44,0,60
2022-05-26T16:50:28,16,44,0,60
2022-05-26T17:00:43,16,44,0,60
2022-05-26T17:10:59,16,44,0,60
2022-05-26T17:21:16,16,44,0,60
2022-05-26T17:31:32,16,44,0,60
2022-05-26T17:41:57,16,44,0,60
2022-05-26T17:52:13,16,44,0,60
2022-05-26T18:02:28,16,44,0,60
2022-05-26T18:12:43,16,44,0,60
2022-05-26T18:22:58,16,44,0,60
2022-05-26T18:33:13,16,44,0,60
2022-05-26T18:43:28,16,44,0,60
2022-05-26T18:53:43,16,44,0,60
2022-05-26T19:03:58,16,44,0,60
2022-05-26T19:14:14,16,44,0,60
2022-05-26T19:24:40,16,44,0,60
2022-05-26T19:34:54,16,44,0,60
2022-05-26T19:45:09,16,44,0,60
2022-05-26T19:55:23,16,44,0,60
2022-05-26T20:05:38,16,44,0,60
2022-05-26T20:15:53,16,44,0,60
2022-05-26T20:26:08,16,44,0,60
2022-05-26T20:36:22,16,44,0,60
2022-05-26T20:46:37,16,44,0,60
2022-05-26T20:56:51,16,44,0,60
2022-05-26T21:07:16,16,44,0,60
2022-05-26T21:17:30,16,44,0,60
2022-05-26T21:27:45,16,44,0,60
2022-05-26T21:37:59,16,44,0,60
2022-05-26T21:48:14,16,44,0,60
2022-05-26T21:58:28,16,44,0,60
2022-05-26T22:08:53,16,44,0,60
2022-05-26T22:19:07,16,44,0,60
2022-05-26T22:29:22,16,44,0,60
2022-05-26T22:39:37,16,44,0,60
2022-05-26T22:49:52,16,44,0,60
2022-05-26T23:00:06,16,44,0,60
2022-05-26T23:10:21,16,44,0,60
2022-05-26T23:20:36,16,44,0,60
2022-05-26T23:30:51,16,44,0,60
2022-05-26T23:41:17,16,44,0,60
2022-05-26T23:51:32,16,44,0,60
2022-05-27T00:01:47,16,44,0,60
2022-05-27T00:12:03,16,44,0,60
2022-05-27T00:22:20,16,44,0,60
2022-05-27T00:32:36,16,44,0,60
2022-05-27T00:42:53,16,44,0,60
2022-05-27T00:53:10,16,44,0,60
2022-05-27T01:03:27,16,44,0,60
2022-05-27T01:13:43,16,44,0,60
2022-05-27T01:23:59,16,44,0,60
2022-05-27T01:34:15,16,44,0,60
2022-05-27T01:44:31,16,44,0,60
2022-05-27T01:54:57,16,44,0,60
2022-05-27T02:05:13,16,44,0,60
2022-05-27T02:15:28,16,44,0,60
2022-05-27T02:25:44,16,44,0,60
2022-05-27T02:36:09,16,44,0,60
2022-05-27T02:46:25,16,44,0,60
2022-05-27T02:56:41,16,44,0,60
2022-05-27T03:06:56,16,44,0,60
2022-05-27T03:17:12,16,44,0,60
2022-05-27T03:27:26,16,44,0,60
2022-05-27T03:37:41,16,44,0,60
2022-05-27T03:47:57,16,44,0,60
2022-05-27T03:58:13,16,44,0,60
2022-05-27T04:08:29,16,44,0,60
2022-05-27T04:36:38,16,44,0,60
2022-05-27T04:46:56,16,44,0,60
2022-05-27T04:57:14,16,44,0,60
2022-05-27T05:07:32,16,44,0,60
2022-05-27T05:17:50,16,44,0,60
2022-05-27T05:28:08,16,44,0,60
2022-05-27T05:38:25,16,44,0,60
2022-05-27T05:48:41,16,44,0,60
2022-05-27T05:58:58,16,44,0,60
2022-05-27T06:09:14,16,44,0,60
2022-05-27T06:19:30,16,44,0,60
2022-05-27T06:29:46,16,44,0,60
2022-05-27T06:40:03,16,44,0,60
2022-05-27T06:50:17,16,44,0,60
2022-05-27T07:00:31,16,44,0,60
2022-05-27T07:10:48,16,44,0,60
2022-05-27T07:21:03,16,44,0,60
2022-05-27T07:31:18,16,44,0,60
2022-05-27T07:41:34,16,44,0,60
2022-05-27T07:51:49,16,44,0,60
2022-05-27T08:02:14,16,44,0,60
2022-05-27T08:12:30,16,44,0,60
2022-05-27T08:22:46,16,44,0,60
2022-05-27T08:33:03,16,44,0,60
2022-05-27T08:43:20,16,44,0,60
2022-05-27T08:53:35,16,44,0,60
2022-05-27T09:03:52,16,44,0,60
2022-05-27T09:14:07,16,44,0,60
2022-05-27T09:24:23,16,44,0,60
2022-05-27T09:34:38,16,44,0,60
2022-05-27T09:44:54,16,44,0,60
2022-05-27T09:55:10,16,44,0,60
2022-05-27T10:05:26,16,44,0,60
2022-05-27T10:15:41,16,44,0,60
2022-05-27T10:25:58,16,44,0,60
2022-05-27T10:36:14,16,44,0,60
2022-05-27T10:46:40,16,44,0,60
2022-05-27T10:56:56,16,44,0,60
2022-05-27T11:07:12,16,44,0,60
2022-05-27T11:17:29,16,44,0,60
2022-05-27T11:27:45,16,44,0,60
2022-05-27T11:38:01,16,44,0,60
2022-05-27T11:48:17,16,44,0,60
2022-05-27T11:58:34,16,44,0,60
2022-05-27T12:08:51,16,44,0,60
2022-05-27T12:19:17,16,44,0,60
2022-05-27T12:29:33,16,44,0,60
2022-05-27T12:39:49,16,44,0,60
2022-05-27T12:50:05,16,44,0,60
2022-05-27T13:00:21,16,44,0,60
2022-05-27T13:10:37,16,44,0,60
2022-05-27T13:20:53,16,44,0,60
2022-05-27T13:31:09,16,44,0,60
2022-05-27T13:41:34,16,44,0,60
2022-05-27T13:51:49,16,44,0,60
2022-05-27T14:02:06,16,44,0,60
2022-05-27T14:12:21,16,44,0,60
2022-05-27T14:22:37,16,44,0,60
2022-05-27T14:32:53,16,44,0,60
2022-05-27T14:43:08,16,44,0,60
2022-05-27T14:53:23,16,44,0,60
2022-05-27T15:03:39,16,44,0,60
2022-05-27T15:14:04,16,44,0,60
2022-05-27T15:24:20,16,44,0,60
2022-05-27T15:34:36,16,44,0,60
2022-05-27T15:44:52,16,44,0,60
2022-05-27T15:55:07,16,44,0,60
2022-05-27T16:05:22,16,44,0,60
2022-05-27T16:15:38,16,44,0,60
2022-05-27T16:25:53,16,44,0,60
2022-05-27T16:36:18,16,44,0,60
2022-05-27T16:46:33,16,44,0,60
2022-05-27T16:56:48,16,44,0,60
2022-05-27T17:07:02,16,44,0,60
2022-05-27T17:17:18,16,44,0,60
2022-05-27T17:27:33,16,44,0,60
2022-05-27T17:37:47,16,44,0,60
2022-05-27T17:48:02,16,44,0,60
2022-05-27T17:58:16,16,44,0,60
2022-05-27T18:08:30,16,44,0,60
2022-05-27T18:18:55,16,44,0,60
2022-05-27T18:29:09,16,44,0,60
2022-05-27T18:39:23,16,44,0,60
2022-05-27T18:49:37,16,44,0,60
2022-05-27T18:59:51,16,44,0,60
2022-05-27T19:10:05,16,44,0,60
2022-05-27T19:20:20,16,44,0,60
2022-05-27T19:30:34,16,44,0,60
2022-05-27T19:40:48,16,44,0,60
2022-05-27T19:51:12,16,44,0,60
2022-05-27T20:01:27,16,44,0,60
2022-05-27T20:11:41,16,44,0,60
2022-05-27T20:21:56,16,44,0,60
2022-05-27T20:32:10,16,44,0,60
2022-05-27T20:42:24,16,44,0,60
2022-05-27T20:52:39,16,44,0,60
2022-05-27T21:02:53,16,44,0,60
2022-05-27T21:13:08,16,44,0,60
2022-05-27T21:23:22,16,44,0,60
2022-05-27T21:33:37,16,44,0,60
2022-05-27T21:43:51,16,44,0,60
2022-05-27T21:54:05,16,44,0,60
2022-05-27T22:04:19,16,44,0,60
2022-05-27T22:14:42,16,44,0,60
2022-05-27T22:24:57,16,44,0,60
2022-05-27T22:35:12,16,44,0,60
2022-05-27T22:45:26,16,44,0,60
2022-05-27T22:55:40,16,44,0,60
2022-05-27T23:05:56,16,44,0,60
2022-05-27T23:16:10,16,44,0,60
2022-05-27T23:26:25,16,44,0,60
2022-05-27T23:36:40,16,44,0,60
2022-05-27T23:46:55,16,44,0,60
2022-05-27T23:57:10,16,44,0,60
2022-05-28T00:09:02,16,44,0,60
2022-05-28T00:19:25,16,44,0,60
2022-05-28T00:29:45,16,44,0,60
2022-05-28T00:40:07,16,44,0,60
2022-05-28T00:50:38,16,44,0,60
2022-05-28T01:00:57,16,44,0,60
2022-05-28T01:11:21,16,44,0,60
2022-05-28T01:21:43,16,44,0,60
2022-05-28T01:32:05,16,44,0,60
2022-05-28T01:42:25,16,44,0,60
2022-05-28T01:52:47,16,44,0,60
2022-05-28T02:03:25,16,44,0,60
2022-05-28T02:13:53,16,44,0,60
2022-05-28T02:24:18,16,44,0,60
2022-05-28T02:34:54,16,44,0,60
2022-05-28T02:45:19,16,44,0,60
2022-05-28T02:55:40,16,44,0,60
2022-05-28T03:06:11,16,44,0,60
2022-05-28T03:16:33,16,44,0,60
2022-05-28T03:26:51,16,44,0,60
2022-05-28T03:37:10,16,44,0,60
2022-05-28T03:47:31,16,44,0,60
2022-05-28T03:57:48,16,44,0,60
2022-05-28T04:10:22,16,44,0,60
2022-05-28T04:24:45,16,44,0,60
2022-05-28T04:35:24,16,44,0,60
2022-05-28T04:45:40,16,44,0,60
2022-05-28T04:55:56,16,44,0,60
2022-05-28T05:06:13,16,44,0,60
2022-05-28T05:16:29,16,44,0,60
2022-05-28T05:26:46,16,44,0,60
2022-05-28T05:37:02,16,44,0,60
2022-05-28T05:47:20,16,44,0,60
2022-05-28T05:57:36,16,44,0,60
2022-05-28T06:07:52,16,44,0,60
2022-05-28T06:18:08,16,44,0,60
2022-05-28T06:28:24,16,44,0,60
2022-05-28T06:38:40,16,44,0,60
2022-05-28T06:48:55,16,44,0,60
2022-05-28T06:59:11,16,44,0,60
2022-05-28T07:09:28,16,44,0,60
2022-05-28T07:19:44,16,44,0,60
2022-05-28T07:30:00,16,44,0,60
2022-05-28T07:40:17,16,44,0,60
2022-05-28T07:50:33,16,44,0,60
2022-05-28T08:00:48,16,44,0,60
2022-05-28T08:11:12,16,44,0,60
2022-05-28T08:21:27,16,44,0,60
2022-05-28T08:31:43,16,44,0,60
2022-05-28T08:41:58,16,44,0,60
2022-05-28T08:52:12,16,44,0,60
2022-05-28T09:02:27,16,44,0,60
2022-05-28T09:12:42,16,44,0,60
2022-05-28T09:22:57,16,44,0,60
2022-05-28T09:33:12,16,44,0,60
2022-05-28T09:43:26,16,44,0,60
2022-05-28T09:53:50,16,44,0,60
2022-05-28T10:04:04,16,44,0,60
2022-05-28T10:14:18,16,44,0,60
2022-05-28T10:24:32,16,44,0,60
2022-05-28T10:34:46,16,44,0,60
2022-05-28T10:44:59,16,44,0,60
2022-05-28T10:55:13,16,44,0,60
2022-05-28T11:05:27,16,44,0,60
2022-05-28T11:15:41,16,44,0,60
2022-05-28T11:25:55,16,44,0,60
2022-05-28T11:36:12,17,43,0,60
2022-05-28T11:46:27,17,43,0,60
2022-05-28T11:56:41,17,43,0,60
2022-05-28T12:06:54,17,43,0,60
2022-05-28T12:17:08,17,43,0,60
2022-05-28T12:27:22,17,43,0,60
2022-05-28T12:37:36,17,43,0,60
2022-05-28T12:47:49,17,43,0,60
2022-05-28T12:58:04,17,43,0,60
2022-05-28T13:08:27,17,43,0,60
2022-05-28T13:18:41,17,43,0,60
2022-05-28T13:28:56,17,43,0,60
2022-05-28T13:39:10,17,43,0,60
2022-05-28T13:49:23,17,43,0,60
2022-05-28T13:59:37,17,43,0,60
2022-05-28T14:09:51,17,43,0,60
2022-05-28T14:20:14,17,43,0,60
2022-05-28T14:30:28,17,43,0,60
2022-05-28T14:40:42,17,43,0,60
2022-05-28T14:50:56,17,43,0,60
2022-05-28T15:01:09,17,43,0,60
2022-05-28T15:11:24,17,43,0,60
2022-05-28T15:21:38,17,43,0,60
2022-05-28T15:31:52,17,43,0,60
2022-05-28T15:42:06,17,43,0,60
2022-05-28T15:52:19,17,43,0,60
2022-05-28T16:02:34,17,43,0,60
2022-05-28T16:12:48,17,43,0,60
2022-05-28T16:23:02,17,43,0,60
2022-05-28T16:33:16,17,43,0,60
2022-05-28T16:43:39,17,43,0,60
2022-05-28T16:53:53,17,43,0,60
2022-05-28T17:04:07,17,43,0,60
2022-05-28T17:14:22,17,43,0,60
2022-05-28T17:24:36,17,43,0,60
2022-05-28T17:34:50,17,43,0,60
2022-05-28T17:45:05,17,43,0,60
2022-05-28T17:55:18,17,43,0,60
2022-05-28T18:05:33,17,43,0,60
2022-05-28T18:15:47,17,43,0,60
2022-05-28T18:26:02,19,41,0,60
2022-05-28T18:36:16,19,41,0,60
2022-05-28T18:46:41,19,41,0,60
2022-05-28T18:56:54,19,41,0,60
2022-05-28T19:07:09,19,41,0,60
2022-05-28T19:17:23,19,41,0,60
2022-05-28T19:27:38,19,41,0,60
2022-05-28T19:37:52,19,41,0,60
2022-05-28T19:48:09,19,41,0,60
2022-05-28T19:58:23,19,41,0,60
2022-05-28T20:08:37,19,41,0,60
2022-05-28T20:18:51,19,41,0,60
2022-05-28T20:29:04,19,41,0,60
2022-05-28T20:39:18,19,41,0,60
2022-05-28T20:49:42,19,41,0,60
2022-05-28T20:59:56,19,41,0,60
2022-05-28T21:10:10,19,41,0,60
2022-05-28T21:20:24,19,41,0,60
2022-05-28T21:30:38,19,41,0,60
2022-05-28T21:40:52,19,41,0,60
2022-05-28T21:51:06,19,41,0,60
2022-05-28T22:01:20,19,41,0,60
2022-05-28T22:11:33,19,41,0,60
2022-05-28T22:21:48,19,41,0,60
2022-05-28T22:32:02,19,41,0,60
2022-05-28T22:42:27,19,41,0,60
2022-05-28T22:52:41,19,41,0,60
2022-05-28T23:02:55,19,41,0,60
2022-05-28T23:13:10,19,41,0,60
2022-05-28T23:23:25,19,41,0,60
2022-05-28T23:33:39,19,41,0,60
2022-05-28T23:43:53,19,41,0,60
2022-05-28T23:54:07,19,41,0,60
2022-05-29T00:04:22,19,41,0,60
2022-05-29T00:14:38,19,41,0,60
2022-05-29T00:24:54,19,41,0,60
2022-05-29T00:35:18,19,41,0,60
2022-05-29T00:45:33,19,41,0,60
2022-05-29T00:55:49,19,41,0,60
2022-05-29T01:06:04,19,41,0,60
2022-05-29T01:16:18,19,41,0,60
2022-05-29T01:26:33,19,41,0,60
2022-05-29T01:36:49,19,41,0,60
2022-05-29T01:47:04,19,41,0,60
2022-05-29T01:57:19,19,41,0,60
2022-05-29T02:07:36,19,41,0,60
2022-05-29T02:17:51,19,41,0,60
2022-05-29T02:28:06,19,41,0,60
2022-05-29T02:38:22,19,41,0,60
2022-05-29T02:48:37,19,41,0,60
2022-05-29T02:58:51,19,41,0,60
2022-05-29T03:09:06,19,41,0,60
2022-05-29T03:19:20,19,41,0,60
2022-05-29T03:29:35,19,41,0,60
2022-05-29T03:39:51,19,41,0,60
2022-05-29T03:50:16,19,41,0,60
2022-05-29T04:00:32,19,41,0,60
2022-05-29T04:12:35,19,41,0,60
2022-05-29T04:39:03,19,41,0,60
2022-05-29T04:49:20,19,41,0,60
2022-05-29T04:59:37,19,41,0,60
2022-05-29T05:09:58,19,41,0,60
2022-05-29T05:20:15,19,41,0,60
2022-05-29T05:30:30,19,41,0,60
2022-05-29T05:40:47,19,41,0,60
2022-05-29T05:51:02,19,41,0,60
2022-05-29T06:01:17,19,41,0,60
2022-05-29T06:11:32,19,41,0,60
2022-05-29T06:21:47,19,41,0,60
2022-05-29T06:32:01,19,41,0,60
2022-05-29T06:42:15,19,41,0,60
2022-05-29T06:52:28,19,41,0,60
2022-05-29T07:02:42,19,41,0,60
2022-05-29T07:13:03,19,41,0,60
2022-05-29T07:23:17,19,41,0,60
2022-05-29T07:33:31,19,41,0,60
2022-05-29T07:43:46,19,41,0,60
2022-05-29T07:54:00,19,41,0,60
2022-05-29T08:04:14,19,41,0,60
2022-05-29T08:14:28,19,41,0,60
2022-05-29T08:24:41,19,41,0,60
2022-05-29T08:34:55,19,41,0,60
2022-05-29T08:45:09,19,41,0,60
2022-05-29T08:55:22,19,41,0,60
2022-05-29T09:05:37,19,41,0,60
2022-05-29T09:15:50,19,41,0,60
2022-05-29T09:26:04,19,41,0,60
2022-05-29T09:36:18,19,41,0,60
2022-05-29T09:46:40,19,41,0,60
2022-05-29T09:56:54,19,41,0,60
2022-05-29T10:07:08,19,41,0,60
2022-05-29T10:17:21,19,41,0,60
2022-05-29T10:27:35,19,41,0,60
2022-05-29T10:37:49,19,41,0,60
2022-05-29T10:48:03,19,41,0,60
2022-05-29T10:58:16,19,41,0,60
2022-05-29T11:08:31,19,41,0,60
2022-05-29T11:18:45,19,41,0,60
2022-05-29T11:28:59,19,41,0,60
2022-05-29T11:39:13,19,41,0,60
2022-05-29T11:49:27,19,41,0,60
2022-05-29T11:59:41,19,41,0,60
2022-05-29T12:10:07,19,41,0,60
2022-05-29T12:20:21,19,41,0,60
2022-05-29T12:30:36,19,41,0,60
2022-05-29T12:40:50,19,41,0,60
2022-05-29T12:51:04,19,41,0,60
2022-05-29T13:01:19,19,41,0,60
2022-05-29T13:11:33,19,41,0,60
2022-05-29T13:21:47,19,41,0,60
2022-05-29T13:32:01,19,41,0,60
2022-05-29T13:42:16,19,41,0,60
2022-05-29T13:52:30,19,41,0,60
2022-05-29T14:02:44,19,41,0,60
2022-05-29T14:13:08,19,41,0,60
2022-05-29T14:23:22,19,41,0,60
2022-05-29T14:33:36,19,41,0,60
2022-05-29T14:43:50,19,41,0,60
2022-05-29T14:54:04,19,41,0,60
2022-05-29T15:04:18,19,41,0,60
2022-05-29T15:14:32,19,41,0,60
2022-05-29T15:24:46,19,41,0,60
2022-05-29T15:35:00,19,41,0,60
2022-05-29T15:45:14,19,41,0,60
2022-05-29T15:55:28,19,41,0,60
2022-05-29T16:05:42,19,41,0,60
2022-05-29T16:16:06,19,41,0,60
2022-05-29T16:26:20,19,41,0,60
2022-05-29T16:36:34,19,41,0,60
2022-05-29T16:46:48,19,41,0,60
2022-05-29T16:57:02,19,41,0,60
2022-05-29T17:07:16,19,41,0,60
2022-05-29T17:17:31,19,41,0,60
2022-05-29T17:27:44,19,41,0,60
2022-05-29T17:37:59,19,41,0,60
2022-05-29T17:48:21,19,41,0,60
2022-05-29T17:58:35,19,41,0,60
2022-05-29T18:08:49,19,41,0,60
2022-05-29T18:19:04,19,41,0,60
2022-05-29T18:29:18,19,41,0,60
2022-05-29T18:39:32,19,41,0,60
2022-05-29T18:49:46,19,41,0,60
2022-05-29T19:00:00,19,41,0,60
2022-05-29T19:10:14,19,41,0,60
2022-05-29T19:20:39,19,41,0,60
2022-05-29T19:30:52,19,41,0,60
2022-05-29T19:41:06,19,41,0,60
2022-05-29T19:51:21,19,41,0,60
2022-05-29T20:01:34,19,41,0,60
2022-05-29T20:11:48,19,41,0,60
2022-05-29T20:22:03,19,41,0,60
2022-05-29T20:32:16,19,41,0,60
2022-05-29T20:42:31,19,41,0,60
2022-05-29T20:52:45,19,41,0,60
2022-05-29T21:02:59,19,41,0,60
2022-05-29T21:13:13,19,41,0,60
2022-05-29T21:23:27,19,41,0,60
2022-05-29T21:33:42,19,41,0,60
2022-05-29T21:44:06,19,41,0,60
2022-05-29T21:54:20,19,41,0,60
2022-05-29T22:04:33,19,41,0,60
2022-05-29T22:14:47,19,41,0,60
2022-05-29T22:25:02,19,41,0,60
2022-05-29T22:35:16,19,41,0,60
2022-05-29T22:45:30,19,41,0,60
2022-05-29T22:55:44,19,41,0,60
2022-05-29T23:05:59,19,41,0,60
2022-05-29T23:16:13,19,41,0,60
2022-05-29T23:26:38,19,41,0,60
2022-05-29T23:36:52,19,41,0,60
2022-05-29T23:47:07,19,41,0,60
2022-05-29T23:57:21,19,41,0,60
2022-05-30T00:07:35,19,41,0,60
2022-05-30T00:17:52,19,41,0,60
2022-05-30T00:28:09,19,41,0,60
2022-05-30T00:38:26,19,41,0,60
2022-05-30T00:48:43,19,41,0,60
2022-05-30T00:58:58,19,41,0,60
2022-05-30T01:09:23,19,41,0,60
2022-05-30T01:19:41,19,41,0,60
2022-05-30T01:29:58,19,41,0,60
2022-05-30T01:40:15,19,41,0,60
2022-05-30T01:50:31,19,41,0,60
2022-05-30T02:00:47,19,41,0,60
2022-05-30T02:11:03,19,41,0,60
2022-05-30T02:21:18,19,41,0,60
2022-05-30T02:31:33,19,41,0,60
2022-05-30T02:41:48,19,41,0,60
2022-05-30T02:52:03,19,41,0,60
2022-05-30T03:02:17,19,41,0,60
2022-05-30T03:12:32,19,41,0,60
2022-05-30T03:22:46,19,41,0,60
2022-05-30T03:33:00,19,41,0,60
2022-05-30T03:43:17,19,41,0,60
2022-05-30T03:53:32,19,41,0,60
2022-05-30T04:03:57,19,41,0,60
2022-05-30T04:20:11,19,41,0,60
2022-05-30T04:30:45,19,41,0,60
2022-05-30T04:41:02,19,41,0,60
2022-05-30T04:51:18,19,41,0,60
2022-05-30T05:01:35,19,41,0,60
2022-05-30T05:11:54,19,41,0,60
2022-05-30T05:22:11,19,41,0,60
2022-05-30T05:32:27,19,41,0,60
2022-05-30T05:42:47,19,41,0,60
2022-05-30T05:53:04,19,41,0,60
2022-05-30T06:03:19,19,41,0,60
2022-05-30T06:13:35,19,41,0,60
2022-05-30T06:23:51,19,41,0,60
2022-05-30T06:34:07,19,41,0,60
2022-05-30T06:44:22,19,41,0,60
2022-05-30T06:54:37,19,41,0,60
2022-05-30T07:04:52,19,41,0,60
2022-05-30T07:15:06,19,41,0,60
2022-05-30T07:25:20,19,41,0,60
2022-05-30T07:35:35,19,41,0,60
2022-05-30T07:45:49,19,41,0,60
2022-05-30T07:56:18,19,41,0,60
2022-05-30T08:06:32,19,41,0,60
2022-05-30T08:16:46,19,41,0,60
2022-05-30T08:27:00,19,41,0,60
2022-05-30T08:37:15,19,41,0,60
2022-05-30T08:47:28,19,41,0,60
2022-05-30T08:57:42,19,41,0,60
2022-05-30T09:07:56,19,41,0,60
2022-05-30T09:18:10,19,41,0,60
2022-05-30T09:28:24,19,41,0,60
2022-05-30T09:38:39,19,41,0,60
2022-05-30T09:48:53,19,41,0,60
2022-05-30T09:59:09,19,41,0,60
2022-05-30T10:09:24,19,41,0,60
2022-05-30T10:19:38,19,41,0,60
2022-05-30T10:29:53,19,41,0,60
2022-05-30T10:40:25,19,41,0,60
2022-05-30T10:50:39,19,41,0,60
2022-05-30T11:00:54,19,41,0,60
2022-05-30T11:11:09,19,41,0,60
2022-05-30T11:21:23,19,41,0,60
2022-05-30T11:31:38,19,41,0,60
2022-05-30T11:41:52,19,41,0,60
2022-05-30T11:52:07,19,41,0,60
2022-05-30T12:02:22,19,41,0,60
2022-05-30T12:12:46,19,41,0,60
2022-05-30T12:23:00,19,41,0,60
2022-05-30T12:33:15,19,41,0,60
2022-05-30T12:43:30,19,41,0,60
2022-05-30T12:53:44,19,41,0,60
2022-05-30T13:03:58,19,41,0,60
2022-05-30T13:14:13,19,41,0,60
2022-05-30T13:24:43,19,41,0,60
2022-05-30T13:34:58,19,41,0,60
2022-05-30T13:45:12,19,41,0,60
2022-05-30T13:55:27,19,41,0,60
2022-05-30T14:05:41,19,41,0,60
2022-05-30T14:15:56,19,41,0,60
2022-05-30T14:26:11,19,41,0,60
2022-05-30T14:36:26,19,41,0,60
2022-05-30T14:46:50,19,41,0,60
2022-05-30T14:57:04,19,41,0,60
2022-05-30T15:07:19,19,41,0,60
2022-05-30T15:17:34,19,41,0,60
2022-05-30T15:27:49,19,41,0,60
2022-05-30T15:38:03,19,41,0,60
2022-05-30T15:48:18,19,41,0,60
2022-05-30T15:58:33,19,41,0,60
2022-05-30T16:08:58,19,41,0,60
2022-05-30T16:19:12,19,41,0,60
2022-05-30T16:29:27,19,41,0,60
2022-05-30T16:39:41,19,41,0,60
2022-05-30T16:49:56,19,41,0,60
2022-05-30T17:00:10,19,41,0,60
2022-05-30T17:10:26,19,41,0,60
2022-05-30T17:21:00,19,41,0,60
2022-05-30T17:31:14,19,41,0,60
2022-05-30T17:41:28,19,41,0,60
2022-05-30T17:51:43,19,41,0,60
2022-05-30T18:01:58,19,41,0,60
2022-05-30T18:12:12,19,41,0,60
2022-05-30T18:22:27,19,41,0,60
2022-05-30T18:32:41,19,41,0,60
2022-05-30T18:43:05,19,41,0,60
2022-05-30T18:53:20,19,41,0,60
2022-05-30T19:03:35,19,41,0,60
2022-05-30T19:13:50,19,41,0,60
2022-05-30T19:24:05,19,41,0,60
2022-05-30T19:34:19,19,41,0,60
2022-05-30T19:44:44,19,41,0,60
2022-05-30T19:54:58,19,41,0,60
2022-05-30T20:05:13,19,41,0,60
2022-05-30T20:15:27,19,41,0,60
2022-05-30T20:25:42,19,41,0,60
2022-05-30T20:35:57,19,41,0,60
2022-05-30T20:46:12,19,41,0,60
2022-05-30T20:56:43,19,41,0,60
2022-05-30T21:06:58,19,41,0,60
2022-05-30T21:17:13,19,41,0,60
2022-05-30T21:27:28,19,41,0,60
2022-05-30T21:37:43,19,41,0,60
2022-05-30T21:47:58,19,41,0,60
2022-05-30T21:58:23,19,41,0,60
2022-05-30T22:08:38,19,41,0,60
2022-05-30T22:18:54,19,41,0,60
2022-05-30T22:29:10,19,41,0,60
2022-05-30T22:39:26,19,41,0,60
2022-05-30T22:49:40,19,41,0,60
2022-05-30T23:00:13,19,41,0,60
2022-05-30T23:10:28,19,41,0,60
2022-05-30T23:20:42,19,41,0,60
2022-05-30T23:30:57,19,41,0,60
2022-05-30T23:41:12,19,41,0,60
2022-05-30T23:51:27,19,41,0,60
2022-05-31T00:01:51,19,41,0,60
2022-05-31T00:12:09,19,41,0,60
2022-05-31T00:22:25,19,41,0,60
2022-05-31T00:32:40,19,41,0,60
2022-05-31T00:42:55,19,41,0,60
2022-05-31T00:53:10,19,41,0,60
2022-05-31T01:03:25,19,41,0,60
2022-05-31T01:14:03,19,41,0,60
2022-05-31T01:24:19,19,41,0,60
2022-05-31T01:34:35,19,41,0,60
2022-05-31T01:44:50,19,41,0,60
2022-05-31T01:55:04,19,41,0,60
2022-05-31T02:05:20,19,41,0,60
2022-05-31T02:15:36,19,41,0,60
2022-05-31T02:25:51,19,41,0,60
2022-05-31T02:36:07,19,41,0,60
2022-05-31T02:46:22,19,41,0,60
2022-05-31T02:56:46,19,41,0,60
2022-05-31T03:07:02,19,41,0,60
2022-05-31T03:17:17,19,41,0,60
2022-05-31T03:27:32,19,41,0,60
2022-05-31T03:37:48,19,41,0,60
2022-05-31T03:48:04,19,41,0,60
2022-05-31T03:58:21,19,41,0,60
2022-05-31T04:08:39,19,41,0,60
2022-05-31T04:36:01,19,41,0,60
2022-05-31T04:46:20,19,41,0,60
2022-05-31T04:56:36,19,41,0,60
2022-05-31T05:06:55,19,41,0,60
2022-05-31T05:17:11,19,41,0,60
2022-05-31T05:27:28,19,41,0,60
2022-05-31T05:37:45,19,41,0,60
2022-05-31T05:48:02,19,41,0,60
2022-05-31T05:58:18,19,41,0,60
2022-05-31T06:08:34,19,41,0,60
2022-05-31T06:18:50,19,41,0,60
2022-05-31T06:29:05,19,41,0,60
2022-05-31T06:39:19,19,41,0,60
2022-05-31T06:49:34,19,41,0,60
2022-05-31T06:59:53,19,41,0,60
2022-05-31T07:10:15,19,41,0,60
2022-05-31T07:20:35,19,41,0,60
2022-05-31T07:30:53,19,41,0,60
2022-05-31T07:41:14,19,41,0,60
2022-05-31T07:51:35,19,41,0,60
2022-05-31T08:01:53,19,41,0,60
2022-05-31T08:12:15,19,41,0,60
2022-05-31T08:22:35,19,41,0,60
2022-05-31T08:32:55,19,41,0,60
2022-05-31T08:43:29,19,41,0,60
2022-05-31T08:53:57,19,41,0,60
2022-05-31T09:04:29,19,41,0,60
2022-05-31T09:14:59,19,41,0,60
2022-05-31T09:25:25,19,41,0,60
2022-05-31T09:35:52,19,41,0,60
2022-05-31T09:46:19,19,41,0,60
2022-05-31T09:56:45,19,41,0,60
2022-05-31T10:07:24,20,40,0,60
2022-05-31T10:17:49,20,40,0,60
2022-05-31T10:28:13,20,40,0,60
2022-05-31T10:38:37,20,40,0,60
2022-05-31T10:48:58,20,40,0,60
2022-05-31T10:59:38,21,39,0,60
2022-05-31T11:10:01,21,39,0,60
2022-05-31T11:20:23,21,39,0,60
2022-05-31T11:30:45,21,39,0,60
2022-05-31T11:41:07,21,39,0,60
2022-05-31T11:51:41,21,39,0,60
2022-05-31T12:02:03,21,39,0,60
2022-05-31T12:12:24,21,39,0,60
2022-05-31T12:22:45,21,39,0,60
2022-05-31T12:33:07,21,39,0,60
2022-05-31T12:43:41,21,39,0,60
2022-05-31T12:54:02,21,39,0,60
2022-05-31T13:04:23,21,39,0,60
2022-05-31T13:14:46,21,39,0,60
2022-05-31T13:25:08,21,39,0,60
2022-05-31T13:35:41,21,39,0,60
2022-05-31T13:46:03,21,39,0,60
2022-05-31T13:56:26,21,39,0,60
2022-05-31T14:06:51,21,39,0,60
2022-05-31T14:17:34,21,39,0,60
2022-05-31T14:27:56,21,39,0,60
2022-05-31T14:38:19,21,39,0,60
2022-05-31T14:48:41,21,39,0,60
2022-05-31T14:59:04,21,39,0,60
2022-05-31T15:09:37,21,39,0,60
2022-05-31T15:20:00,21,39,0,60
2022-05-31T15:30:22,21,39,0,60
2022-05-31T15:40:44,21,39,0,60
2022-05-31T15:51:06,21,39,0,60
2022-05-31T16:01:28,21,39,0,60
2022-05-31T16:12:00,21,39,0,60
2022-05-31T16:22:22,21,39,0,60
2022-05-31T16:32:44,21,39,0,60
2022-05-31T16:43:05,21,39,0,60
2022-05-31T16:53:26,21,39,0,60
2022-05-31T17:03:57,21,39,0,60
2022-05-31T17:14:20,21,39,0,60
2022-05-31T17:24:40,21,39,0,60
2022-05-31T17:35:01,21,39,0,60
2022-05-31T17:45:21,21,39,0,60
2022-05-31T17:55:41,21,39,0,60
2022-05-31T18:06:14,21,39,0,60
2022-05-31T18:16:34,21,39,0,60
2022-05-31T18:26:54,21,39,0,60
2022-05-31T18:37:15,21,39,0,60
2022-05-31T18:47:37,21,39,0,60
2022-05-31T18:57:56,21,39,0,60
2022-05-31T19:08:30,21,39,0,60
2022-05-31T19:18:50,21,39,0,60
2022-05-31T19:29:11,21,39,0,60
2022-05-31T19:39:31,21,39,0,60
2022-05-31T19:49:51,21,39,0,60
2022-05-31T20:00:23,21,39,0,60
2022-05-31T20:10:45,21,39,0,60
2022-05-31T20:21:05,21,39,0,60
2022-05-31T20:31:25,21,39,0,60
2022-05-31T20:41:45,21,39,0,60
2022-05-31T20:52:04,21,39,0,60
2022-05-31T21:02:36,21,39,0,60
2022-05-31T21:12:55,21,39,0,60
2022-05-31T21:23:14,21,39,0,60
2022-05-31T21:33:34,21,39,0,60
2022-05-31T21:43:53,21,39,0,60
2022-05-31T21:54:34,21,39,0,60
2022-05-31T22:04:53,21,39,0,60
2022-05-31T22:15:13,21,39,0,60
2022-05-31T22:25:32,21,39,0,60
2022-05-31T22:35:52,21,39,0,60
2022-05-31T22:46:11,21,39,0,60
2022-05-31T22:56:31,21,39,0,60
2022-05-31T23:07:03,21,39,0,60
2022-05-31T23:17:22,21,39,0,60
2022-05-31T23:27:41,21,39,0,60
2022-05-31T23:38:01,21,39,0,60
2022-05-31T23:48:20,21,39,0,60
2022-05-31T23:58:39,21,39,0,60
2022-06-01T00:09:04,21,39,0,60
2022-06-01T00:19:37,22,38,0,60
2022-06-01T00:29:58,22,38,0,60
2022-06-01T00:40:19,22,38,0,60
2022-06-01T00:50:42,22,38,0,60
2022-06-01T01:01:03,22,38,0,60
2022-06-01T01:11:24,22,38,0,60
2022-06-01T01:21:44,22,38,0,60
2022-06-01T01:32:05,22,38,0,60
2022-06-01T01:42:24,22,38,0,60
2022-06-01T01:52:45,22,38,0,60
2022-06-01T02:03:05,22,38,0,60
2022-06-01T02:13:25,22,38,0,60
2022-06-01T02:23:58,22,38,0,60
2022-06-01T02:34:26,22,38,0,60
2022-06-01T02:44:46,22,38,0,60
2022-06-01T02:55:06,22,38,0,60
2022-06-01T03:05:25,22,38,0,60
2022-06-01T03:15:45,22,38,0,60
2022-06-01T03:26:04,22,38,0,60
2022-06-01T03:36:23,22,38,0,60
2022-06-01T03:46:43,22,38,0,60
2022-06-01T03:57:03,22,38,0,60
2022-06-01T04:07:24,22,38,0,60
2022-06-01T04:17:44,22,38,0,60
2022-06-01T04:32:13,22,38,0,60
2022-06-01T04:42:34,22,38,0,60
2022-06-01T04:52:54,22,38,0,60
2022-06-01T05:03:17,22,38,0,60
2022-06-01T05:15:02,22,38,0,60
2022-06-01T05:25:43,22,38,0,60
2022-06-01T05:36:04,22,38,0,60
2022-06-01T05:46:26,22,38,0,60
2022-06-01T05:56:48,22,38,0,60
2022-06-01T06:07:09,22,38,0,60
2022-06-01T06:17:29,22,38,0,60
2022-06-01T06:27:49,22,38,0,60
2022-06-01T06:38:10,22,38,0,60
2022-06-01T06:48:28,22,38,0,60
2022-06-01T06:58:47,22,38,0,60
2022-06-01T07:09:07,22,38,0,60
2022-06-01T07:19:26,22,38,0,60
2022-06-01T07:29:46,22,38,0,60
2022-06-01T07:40:06,22,38,0,60
2022-06-01T07:50:30,22,38,0,60
2022-06-01T08:00:50,22,38,0,60
2022-06-01T08:11:11,22,38,0,60
2022-06-01T08:21:32,22,38,0,60
2022-06-01T08:32:05,22,38,0,60
2022-06-01T08:42:25,22,38,0,60
2022-06-01T08:52:46,22,38,0,60
2022-06-01T09:03:07,22,38,0,60
2022-06-01T09:13:30,22,38,0,60
2022-06-01T09:23:52,22,38,0,60
2022-06-01T09:34:14,23,37,0,60
2022-06-01T09:44:37,23,37,0,60
2022-06-01T09:54:59,23,37,0,60
2022-06-01T10:05:22,23,37,0,60
2022-06-01T10:15:56,23,37,0,60
2022-06-01T10:26:21,23,37,0,60
2022-06-01T10:36:43,23,37,0,60
2022-06-01T10:47:06,23,37,0,60
2022-06-01T10:57:28,23,37,0,60
2022-06-01T11:07:58,23,37,0,60
2022-06-01T11:18:26,23,37,0,60
2022-06-01T11:29:06,23,37,0,60
2022-06-01T11:39:33,23,37,0,60
2022-06-01T11:50:01,23,37,0,60
2022-06-01T12:00:29,23,37,0,60
2022-06-01T12:10:59,23,37,0,60
2022-06-01T12:21:32,23,37,0,60
2022-06-01T12:32:13,23,37,0,60
2022-06-01T12:42:47,23,37,0,60
2022-06-01T12:53:23,23,37,0,60
2022-06-01T13:03:57,23,37,0,60
2022-06-01T13:14:29,23,37,0,60
2022-06-01T13:25:00,23,37,0,60
2022-06-01T13:35:41,23,37,0,60
2022-06-01T13:46:13,23,37,0,60
2022-06-01T13:56:43,24,36,0,60
2022-06-01T14:07:14,24,36,0,60
2022-06-01T14:17:43,24,36,0,60
2022-06-01T14:28:22,24,36,0,60
2022-06-01T14:38:50,24,36,0,60
2022-06-01T14:49:15,24,36,0,60
2022-06-01T14:59:39,24,36,0,60
2022-06-01T15:10:04,24,36,0,60
2022-06-01T15:20:42,24,36,0,60
2022-06-01T15:31:06,24,36,0,60
2022-06-01T15:41:30,24,36,0,60
2022-06-01T15:51:53,24,36,0,60
2022-06-01T16:02:18,24,36,0,60
2022-06-01T16:12:55,25,35,0,60
2022-06-01T16:23:18,25,35,0,60
2022-06-01T16:33:41,25,35,0,60
2022-06-01T16:44:05,25,35,0,60
2022-06-01T16:54:29,25,35,0,60
2022-06-01T17:05:06,25,35,0,60
2022-06-01T17:15:30,25,35,0,60
2022-06-01T17:25:53,25,35,0,60
2022-06-01T17:36:15,25,35,0,60
2022-06-01T17:46:37,25,35,0,60
2022-06-01T17:57:13,25,35,0,60
2022-06-01T18:07:37,25,35,0,60
2022-06-01T18:18:01,25,35,0,60
2022-06-01T18:28:23,25,35,0,60
2022-06-01T18:38:47,25,35,0,60
2022-06-01T18:49:22,25,35,0,60
2022-06-01T18:59:44,25,35,0,60
2022-06-01T19:10:06,25,35,0,60
2022-06-01T19:20:29,25,35,0,60
2022-06-01T19:30:53,25,35,0,60
2022-06-01T19:41:26,25,35,0,60
2022-06-01T19:51:48,25,35,0,60
2022-06-01T20:02:11,25,35,0,60
2022-06-01T20:12:33,25,35,0,60
2022-06-01T20:22:56,25,35,0,60
2022-06-01T20:33:30,25,35,0,60
2022-06-01T20:43:53,25,35,0,60
2022-06-01T20:54:14,26,34,0,60
2022-06-01T21:04:36,26,34,0,60
2022-06-01T21:14:57,26,34,0,60
2022-06-01T21:25:31,26,34,0,60
2022-06-01T21:35:53,26,34,0,60
2022-06-01T21:46:15,26,34,0,60
2022-06-01T21:56:36,26,34,0,60
2022-06-01T22:07:00,26,34,0,60
2022-06-01T22:17:21,26,34,0,60
2022-06-01T22:27:55,26,34,0,60
2022-06-01T22:38:17,26,34,0,60
2022-06-01T22:48:38,26,34,0,60
2022-06-01T22:58:59,26,34,0,60
2022-06-01T23:09:20,26,34,0,60
2022-06-01T23:19:53,26,34,0,60
2022-06-01T23:30:14,26,34,0,60
2022-06-01T23:40:36,26,34,0,60
2022-06-01T23:50:57,26,34,0,60
2022-06-02T00:01:19,26,34,0,60
2022-06-02T00:11:42,26,34,0,60
2022-06-02T00:22:18,26,34,0,60
2022-06-02T00:32:40,26,34,0,60
2022-06-02T00:43:04,26,34,0,60
2022-06-02T00:53:25,26,34,0,60
2022-06-02T01:03:49,26,34,0,60
2022-06-02T01:14:10,26,34,0,60
2022-06-02T01:24:33,26,34,0,60
2022-06-02T01:34:55,26,34,0,60
2022-06-02T01:45:16,26,34,0,60
2022-06-02T01:55:39,26,34,0,60
2022-06-02T02:06:06,26,34,0,60
2022-06-02T02:16:32,26,34,0,60
2022-06-02T02:27:07,26,34,0,60
2022-06-02T02:37:31,26,34,0,60
2022-06-02T02:47:55,26,34,0,60
2022-06-02T02:58:18,26,34,0,60
2022-06-02T03:08:42,26,34,0,60
2022-06-02T03:19:04,26,34,0,60
2022-06-02T03:29:31,26,34,0,60
2022-06-02T03:39:59,26,34,0,60
2022-06-02T03:50:25,26,34,0,60
2022-06-02T04:00:54,26,34,0,60
2022-06-02T04:14:13,26,34,0,60
2022-06-02T04:35:24,26,34,0,60
2022-06-02T04:45:54,26,34,0,60
2022-06-02T04:56:25,26,34,0,60
2022-06-02T05:06:56,26,34,0,60
2022-06-02T05:17:24,26,34,0,60
2022-06-02T05:27:51,26,34,0,60
2022-06-02T05:38:17,26,34,0,60
2022-06-02T05:48:45,26,34,0,60
2022-06-02T05:59:09,26,34,0,60
2022-06-02T06:09:32,26,34,0,60
2022-06-02T06:19:54,26,34,0,60
2022-06-02T06:30:17,26,34,0,60
2022-06-02T06:40:40,26,34,0,60
2022-06-02T06:51:01,26,34,0,60
2022-06-02T07:01:24,26,34,0,60
2022-06-02T07:11:48,26,34,0,60
2022-06-02T07:22:10,26,34,0,60
2022-06-02T07:32:32,26,34,0,60
2022-06-02T07:42:54,26,34,0,60
2022-06-02T07:53:15,26,34,0,60
2022-06-02T09:40:01,26,34,0,60
2022-06-02T09:50:26,26,34,0,60
2022-06-02T10:00:51,26,34,0,60
2022-06-02T10:11:21,26,34,0,60
2022-06-02T10:21:46,26,34,0,60
2022-06-02T10:32:10,26,34,0,60
2022-06-02T10:42:47,26,34,0,60
2022-06-02T10:53:12,26,34,0,60
2022-06-02T11:03:39,26,34,0,60
2022-06-02T11:14:05,26,34,0,60
2022-06-02T11:24:30,26,34,0,60
2022-06-02T11:35:12,26,34,0,60
2022-06-02T11:45:37,26,34,0,60
2022-06-02T11:56:01,26,34,0,60
2022-06-02T12:06:26,26,34,0,60
2022-06-02T12:16:50,26,34,0,60
2022-06-02T12:27:25,26,34,0,60
2022-06-02T12:37:50,26,34,0,60
2022-06-02T12:48:14,26,34,0,60
2022-06-02T12:58:38,26,34,0,60
2022-06-02T13:09:03,26,34,0,60
2022-06-02T13:19:30,26,34,0,60
2022-06-02T13:30:13,26,34,0,60
2022-06-02T13:40:48,26,34,0,60
2022-06-02T13:51:22,26,34,0,60
2022-06-02T14:02:00,26,34,0,60
2022-06-02T14:12:42,26,34,0,60
2022-06-02T14:23:19,26,34,0,60
2022-06-02T14:34:10,26,34,0,60
2022-06-02T14:44:43,26,34,0,60
2022-06-02T14:55:19,26,34,0,60
2022-06-02T15:05:53,26,34,0,60
2022-06-02T15:16:27,26,34,0,60
2022-06-02T15:27:01,26,34,0,60
2022-06-02T15:37:45,26,34,0,60
2022-06-02T15:48:18,26,34,0,60
2022-06-02T15:58:50,26,34,0,60
2022-06-02T16:09:22,26,34,0,60
2022-06-02T16:19:56,26,34,0,60
2022-06-02T16:30:27,26,34,0,60
2022-06-02T16:40:53,26,34,0,60
2022-06-02T16:51:32,27,33,0,60
2022-06-02T17:01:56,27,33,0,60
2022-06-02T17:12:20,27,33,0,60
2022-06-02T17:22:42,27,33,0,60
2022-06-02T17:33:04,27,33,0,60
2022-06-02T17:43:27,27,33,0,60
2022-06-02T17:53:48,27,33,0,60
2022-06-02T18:04:22,27,33,0,60
2022-06-02T18:14:44,27,33,0,60
2022-06-02T18:25:06,27,33,0,60
2022-06-02T18:35:28,27,33,0,60
2022-06-02T18:45:50,27,33,0,60
2022-06-02T18:56:13,27,33,0,60
2022-06-02T19:06:35,27,33,0,60
2022-06-02T19:16:57,27,33,0,60
2022-06-02T19:27:30,27,33,0,60
2022-06-02T19:37:51,27,33,0,60
2022-06-02T19:48:13,27,33,0,60
2022-06-02T19:58:34,27,33,0,60
2022-06-02T20:08:57,27,33,0,60
2022-06-02T20:19:19,27,33,0,60
2022-06-02T20:29:42,27,33,0,60
2022-06-02T20:40:04,27,33,0,60
2022-06-02T20:50:26,27,33,0,60
2022-06-02T21:00:48,27,33,0,60
2022-06-02T21:11:22,27,33,0,60
2022-06-02T21:21:43,27,33,0,60
2022-06-02T21:32:05,27,33,0,60
2022-06-02T21:42:27,27,33,0,60
2022-06-02T21:52:49,27,33,0,60
2022-06-02T22:03:11,27,33,0,60
2022-06-02T22:13:33,27,33,0,60
2022-06-02T22:23:54,27,33,0,60
2022-06-02T22:34:21,27,33,0,60
2022-06-02T22:45:02,28,32,0,60
2022-06-02T22:55:27,28,32,0,60
2022-06-02T23:05:54,28,32,0,60
2022-06-02T23:16:21,28,32,0,60
2022-06-02T23:26:49,28,32,0,60
2022-06-02T23:37:16,28,32,0,60
2022-06-02T23:47:47,28,32,0,60
2022-06-02T23:58:18,28,32,0,60
2022-06-03T00:08:49,28,32,0,60
2022-06-03T00:19:38,28,32,0,60
2022-06-03T00:30:11,28,32,0,60
2022-06-03T00:40:44,28,32,0,60
2022-06-03T00:51:16,28,32,0,60
2022-06-03T01:01:46,28,32,0,60
2022-06-03T01:12:24,28,32,0,60
2022-06-03T01:22:51,28,32,0,60
2022-06-03T01:33:18,28,32,0,60
2022-06-03T01:43:43,28,32,0,60
2022-06-03T01:54:07,28,32,0,60
2022-06-03T02:04:30,28,32,0,60
2022-06-03T02:14:52,28,32,0,60
2022-06-03T02:25:13,28,32,0,60
2022-06-03T02:35:49,28,32,0,60
2022-06-03T02:46:13,28,32,0,60
2022-06-03T02:56:36,28,32,0,60
2022-06-03T03:07:00,28,32,0,60
2022-06-03T03:17:21,28,32,0,60
2022-06-03T03:27:43,28,32,0,60
2022-06-03T03:38:05,28,32,0,60
2022-06-03T03:48:28,28,32,0,60
2022-06-03T04:01:10,28,32,0,60
2022-06-03T04:23:22,28,32,0,60
2022-06-03T04:34:08,28,32,0,60
2022-06-03T04:44:32,28,32,0,60
2022-06-03T04:54:55,28,32,0,60
2022-06-03T05:05:21,28,32,0,60
2022-06-03T05:15:45,28,32,0,60
2022-06-03T05:26:10,28,32,0,60
2022-06-03T05:36:33,28,32,0,60
2022-06-03T05:46:58,28,32,0,60
2022-06-03T05:57:23,28,32,0,60
2022-06-03T06:07:46,28,32,0,60
2022-06-03T06:18:09,28,32,0,60
2022-06-03T06:28:34,28,32,0,60
2022-06-03T06:38:57,28,32,0,60
2022-06-03T06:49:18,28,32,0,60
2022-06-03T06:59:40,28,32,0,60
2022-06-03T07:10:03,28,32,0,60
2022-06-03T07:20:25,28,32,0,60
2022-06-03T07:30:47,28,32,0,60
2022-06-03T07:41:09,28,32,0,60
2022-06-03T07:51:31,28,32,0,60
2022-06-03T08:01:53,28,32,0,60
2022-06-03T08:12:15,28,32,0,60
2022-06-03T08:22:37,28,32,0,60
2022-06-03T08:33:00,28,32,0,60
2022-06-03T08:43:23,28,32,0,60
2022-06-03T08:53:45,28,32,0,60
2022-06-03T09:04:12,28,32,0,60
2022-06-03T09:14:36,28,32,0,60
2022-06-03T09:25:02,28,32,0,60
2022-06-03T09:35:36,28,32,0,60
2022-06-03T09:46:00,28,32,0,60
2022-06-03T09:56:23,28,32,0,60
2022-06-03T10:06:47,28,32,0,60
2022-06-03T10:17:11,28,32,0,60
2022-06-03T10:27:35,28,32,0,60
2022-06-03T10:37:59,28,32,0,60
2022-06-03T10:48:24,28,32,0,60
2022-06-03T10:58:50,28,32,0,60
2022-06-03T11:09:28,28,32,0,60
2022-06-03T11:19:53,28,32,0,60
2022-06-03T11:30:18,28,32,0,60
2022-06-03T11:40:42,28,32,0,60
2022-06-03T11:51:07,28,32,0,60
2022-06-03T12:01:32,28,32,0,60
2022-06-03T12:11:56,28,32,0,60
2022-06-03T12:22:20,28,32,0,60
2022-06-03T12:32:45,28,32,0,60
2022-06-03T12:43:10,28,32,0,60
2022-06-03T12:53:34,28,32,0,60
2022-06-03T13:03:58,28,32,0,60
2022-06-03T13:14:23,28,32,0,60
2022-06-03T13:24:59,28,32,0,60
2022-06-03T13:35:24,28,32,0,60
2022-06-03T13:45:56,28,32,0,60
2022-06-03T13:56:20,28,32,0,60
2022-06-03T14:06:46,28,32,0,60
2022-06-03T14:17:46,28,32,0,60
2022-06-03T14:28:14,28,32,0,60
2022-06-03T14:38:52,28,32,0,60
2022-06-03T14:49:20,29,31,0,60
2022-06-03T14:59:46,29,31,0,60
2022-06-03T15:10:11,29,31,0,60
2022-06-03T15:20:36,29,31,0,60
2022-06-03T15:31:00,29,31,0,60
2022-06-03T15:41:25,29,31,0,60
2022-06-03T15:51:50,29,31,0,60
2022-06-03T16:02:14,29,31,0,60
2022-06-03T16:12:39,29,31,0,60
2022-06-03T16:23:03,29,31,0,60
2022-06-03T16:33:27,29,31,0,60
2022-06-03T16:44:03,29,31,0,60
2022-06-03T16:54:27,29,31,0,60
2022-06-03T17:04:51,29,31,0,60
2022-06-03T17:15:15,29,31,0,60
2022-06-03T17:25:39,29,31,0,60
2022-06-03T17:36:07,29,31,0,60
2022-06-03T17:46:30,29,31,0,60
2022-06-03T17:56:53,29,31,0,60
2022-06-03T18:07:27,29,31,0,60
2022-06-03T18:17:50,29,31,0,60
2022-06-03T18:28:14,29,31,0,60
2022-06-03T18:38:37,29,31,0,60
2022-06-03T18:48:59,29,31,0,60
2022-06-03T18:59:22,29,31,0,60
2022-06-03T19:09:45,29,31,0,60
2022-06-03T19:20:08,29,31,0,60
2022-06-03T19:30:31,29,31,0,60
2022-06-03T19:40:53,29,31,0,60
2022-06-03T19:51:16,29,31,0,60
2022-06-03T20:01:51,29,31,0,60
2022-06-03T20:12:14,29,31,0,60
2022-06-03T20:22:37,29,31,0,60
2022-06-03T20:33:00,29,31,0,60
2022-06-03T20:43:23,29,31,0,60
2022-06-03T20:53:45,29,31,0,60
2022-06-03T21:04:08,29,31,0,60
2022-06-03T21:14:31,29,31,0,60
2022-06-03T21:24:53,29,31,0,60
2022-06-03T21:35:16,29,31,0,60
2022-06-03T21:45:49,29,31,0,60
2022-06-03T21:56:11,29,31,0,60
2022-06-03T22:06:34,29,31,0,60
2022-06-03T22:16:58,29,31,0,60
2022-06-03T22:27:25,29,31,0,60
2022-06-03T22:37:55,29,31,0,60
2022-06-03T22:48:21,29,31,0,60
2022-06-03T22:58:50,29,31,0,60
2022-06-03T23:09:33,29,31,0,60
2022-06-03T23:20:04,29,31,0,60
2022-06-03T23:30:34,29,31,0,60
2022-06-03T23:41:00,29,31,0,60
2022-06-03T23:51:29,29,31,0,60
2022-06-04T00:01:58,29,31,0,60
2022-06-04T00:12:25,29,31,0,60
2022-06-04T00:22:56,29,31,0,60
2022-06-04T00:33:24,29,31,0,60
2022-06-04T00:44:08,29,31,0,60
2022-06-04T00:54:39,29,31,0,60
2022-06-04T01:05:08,29,31,0,60
2022-06-04T01:15:39,29,31,0,60
2022-06-04T01:26:10,29,31,0,60
2022-06-04T01:36:41,29,31,0,60
2022-06-04T01:47:12,29,31,0,60
2022-06-04T01:57:41,29,31,0,60
2022-06-04T02:08:07,29,31,0,60
2022-06-04T02:18:33,29,31,0,60
2022-06-04T02:28:55,29,31,0,60
2022-06-04T02:39:18,29,31,0,60
2022-06-04T02:49:40,29,31,0,60
2022-06-04T03:00:01,29,31,0,60
2022-06-04T03:10:23,29,31,0,60
2022-06-04T03:20:45,29,31,0,60
2022-06-04T03:31:07,29,31,0,60
2022-06-04T03:41:31,29,31,0,60
2022-06-04T03:51:56,29,31,0,60
2022-06-04T04:02:31,29,31,0,60
2022-06-04T04:23:13,29,31,0,60
2022-06-04T04:33:54,29,31,0,60
2022-06-04T04:44:19,29,31,0,60
2022-06-04T04:54:43,29,31,0,60
2022-06-04T05:05:08,29,31,0,60
2022-06-04T05:15:32,29,31,0,60
2022-06-04T05:25:57,29,31,0,60
2022-06-04T05:36:21,29,31,0,60
2022-06-04T05:46:46,29,31,0,60
2022-06-04T05:57:11,29,31,0,60
2022-06-04T06:07:35,29,31,0,60
2022-06-04T06:17:58,29,31,0,60
2022-06-04T06:28:22,29,31,0,60
2022-06-04T06:38:46,29,31,0,60
2022-06-04T06:49:10,29,31,0,60
2022-06-04T06:59:34,29,31,0,60
2022-06-04T07:09:58,29,31,0,60
2022-06-04T07:20:23,29,31,0,60
2022-06-04T07:30:47,29,31,0,60
2022-06-04T07:41:14,29,31,0,60
2022-06-04T07:51:39,29,31,0,60
2022-06-04T08:02:03,29,31,0,60
2022-06-04T08:12:27,29,31,0,60
2022-06-04T08:22:51,29,31,0,60
2022-06-04T08:33:15,29,31,0,60
2022-06-04T08:43:46,29,31,0,60
2022-06-04T08:54:10,29,31,0,60
2022-06-04T09:04:33,29,31,0,60
2022-06-04T09:14:57,29,31,0,60
2022-06-04T09:25:20,29,31,0,60
2022-06-04T09:35:43,29,31,0,60
2022-06-04T09:46:06,29,31,0,60
2022-06-04T09:56:28,29,31,0,60
2022-06-04T10:06:50,29,31,0,60
2022-06-04T10:17:13,29,31,0,60
2022-06-04T10:27:36,29,31,0,60
2022-06-04T10:37:58,29,31,0,60
2022-06-04T10:48:21,29,31,0,60
2022-06-04T10:58:44,29,31,0,60
2022-06-04T11:09:06,29,31,0,60
2022-06-04T11:19:31,29,31,0,60
2022-06-04T11:30:05,29,31,0,60
2022-06-04T11:40:27,29,31,0,60
2022-06-04T11:50:49,29,31,0,60
2022-06-04T12:01:11,29,31,0,60
2022-06-04T12:11:33,29,31,0,60
2022-06-04T12:21:56,29,31,0,60
2022-06-04T12:32:21,29,31,0,60
2022-06-04T12:42:43,29,31,0,60
2022-06-04T12:53:06,29,31,0,60
2022-06-04T13:03:39,29,31,0,60
2022-06-04T13:14:02,29,31,0,60
2022-06-04T13:24:24,29,31,0,60
2022-06-04T13:34:46,29,31,0,60
2022-06-04T13:45:09,29,31,0,60
2022-06-04T13:55:32,29,31,0,60
2022-06-04T14:05:54,29,31,0,60
2022-06-04T14:16:16,29,31,0,60
2022-06-04T14:26:39,29,31,0,60
2022-06-04T14:37:02,29,31,0,60
2022-06-04T14:47:37,29,31,0,60
2022-06-04T14:57:59,29,31,0,60
2022-06-04T15:08:22,29,31,0,60
2022-06-04T15:18:44,29,31,0,60
2022-06-04T15:29:06,29,31,0,60
2022-06-04T15:39:28,29,31,0,60
2022-06-04T15:49:51,29,31,0,60
2022-06-04T16:00:13,29,31,0,60
2022-06-04T16:10:35,29,31,0,60
2022-06-04T16:20:58,29,31,0,60
2022-06-04T16:31:20,29,31,0,60
2022-06-04T16:41:43,29,31,0,60
2022-06-04T16:52:17,29,31,0,60
2022-06-04T17:02:39,29,31,0,60
2022-06-04T17:13:02,29,31,0,60
2022-06-04T17:23:25,29,31,0,60
2022-06-04T17:33:47,29,31,0,60
2022-06-04T17:44:09,29,31,0,60
2022-06-04T17:54:31,29,31,0,60
2022-06-04T18:04:53,29,31,0,60
2022-06-04T18:15:16,29,31,0,60
2022-06-04T18:25:39,29,31,0,60
2022-06-04T18:36:03,29,31,0,60
2022-06-04T18:46:25,29,31,0,60
2022-06-04T18:56:47,29,31,0,60
2022-06-04T19:07:20,29,31,0,60
2022-06-04T19:17:43,29,31,0,60
2022-06-04T19:28:05,29,31,0,60
2022-06-04T19:38:26,29,31,0,60
2022-06-04T19:48:48,29,31,0,60
2022-06-04T19:59:10,29,31,0,60
2022-06-04T20:09:32,29,31,0,60
2022-06-04T20:19:54,29,31,0,60
2022-06-04T20:30:16,29,31,0,60
2022-06-04T20:40:39,29,31,0,60
2022-06-04T20:51:01,29,31,0,60
2022-06-04T21:01:36,29,31,0,60
2022-06-04T21:11:59,29,31,0,60
2022-06-04T21:22:21,29,31,0,60
2022-06-04T21:32:43,29,31,0,60
2022-06-04T21:43:05,29,31,0,60
2022-06-04T21:53:27,29,31,0,60
2022-06-04T22:03:50,29,31,0,60
2022-06-04T22:14:12,29,31,0,60
2022-06-04T22:24:34,29,31,0,60
2022-06-04T22:34:57,29,31,0,60
2022-06-04T22:45:20,29,31,0,60
2022-06-04T22:55:42,29,31,0,60
2022-06-04T23:06:17,29,31,0,60
2022-06-04T23:16:40,29,31,0,60
2022-06-04T23:27:03,29,31,0,60
2022-06-04T23:37:25,29,31,0,60
2022-06-04T23:47:47,29,31,0,60
2022-06-04T23:58:09,29,31,0,60
2022-06-05T00:08:33,29,31,0,60
2022-06-05T00:18:58,29,31,0,60
2022-06-05T00:29:21,29,31,0,60
2022-06-05T00:39:46,29,31,0,60
2022-06-05T00:50:20,29,31,0,60
2022-06-05T01:00:43,29,31,0,60
2022-06-05T01:11:06,29,31,0,60
2022-06-05T01:21:29,29,31,0,60
2022-06-05T01:31:52,29,31,0,60
2022-06-05T01:42:17,29,31,0,60
2022-06-05T01:52:40,29,31,0,60
2022-06-05T02:03:11,29,31,0,60
2022-06-05T02:13:35,29,31,0,60
2022-06-05T02:23:58,29,31,0,60
2022-06-05T02:34:22,29,31,0,60
2022-06-05T02:44:45,29,31,0,60
2022-06-05T02:55:08,29,31,0,60
2022-06-05T03:05:30,29,31,0,60
2022-06-05T03:15:53,29,31,0,60
2022-06-05T03:26:26,29,31,0,60
2022-06-05T03:36:50,29,31,0,60
2022-06-05T03:47:14,29,31,0,60
2022-06-05T03:57:38,29,31,0,60
2022-06-05T04:08:03,29,31,0,60
2022-06-05T04:23:09,29,31,0,60
2022-06-05T04:34:45,29,31,0,60
2022-06-05T04:45:25,29,31,0,60
2022-06-05T04:55:49,29,31,0,60
2022-06-05T05:06:18,29,31,0,60
2022-06-05T05:16:43,29,31,0,60
2022-06-05T05:27:08,29,31,0,60
2022-06-05T05:37:33,29,31,0,60
2022-06-05T05:47:57,29,31,0,60
2022-06-05T05:58:21,29,31,0,60
2022-06-05T06:08:43,29,31,0,60
2022-06-05T06:19:06,29,31,0,60
2022-06-05T06:29:30,29,31,0,60
2022-06-05T06:39:51,29,31,0,60
2022-06-05T06:50:13,29,31,0,60
2022-06-05T07:00:35,29,31,0,60
2022-06-05T07:10:58,29,31,0,60
2022-06-05T07:21:23,29,31,0,60
2022-06-05T07:31:45,29,31,0,60
2022-06-05T07:42:08,29,31,0,60
2022-06-05T07:52:32,29,31,0,60
2022-06-05T08:02:55,29,31,0,60
2022-06-05T08:13:17,29,31,0,60
2022-06-05T08:23:40,29,31,0,60
2022-06-05T08:34:03,29,31,0,60
2022-06-05T08:44:25,29,31,0,60
2022-06-05T08:54:48,29,31,0,60
2022-06-05T09:05:10,29,31,0,60
2022-06-05T09:15:33,29,31,0,60
2022-06-05T09:25:55,29,31,0,60
2022-06-05T09:36:17,29,31,0,60
2022-06-05T09:46:38,29,31,0,60
2022-06-05T09:57:01,29,31,0,60
2022-06-05T10:07:25,29,31,0,60
2022-06-05T10:18:07,29,31,0,60
2022-06-05T10:28:30,29,31,0,60
2022-06-05T10:38:53,29,31,0,60
2022-06-05T10:49:16,29,31,0,60
2022-06-05T10:59:38,29,31,0,60
2022-06-05T11:10:01,29,31,0,60
2022-06-05T11:20:24,29,31,0,60
2022-06-05T11:30:47,29,31,0,60
2022-06-05T11:41:09,29,31,0,60
2022-06-05T11:51:31,29,31,0,60
2022-06-05T12:01:54,29,31,0,60
2022-06-05T12:12:16,29,31,0,60
2022-06-05T12:22:39,29,31,0,60
2022-06-05T12:33:01,29,31,0,60
2022-06-05T12:43:24,29,31,0,60
2022-06-05T12:53:48,29,31,0,60
2022-06-05T13:04:10,29,31,0,60
2022-06-05T13:14:43,29,31,0,60
2022-06-05T13:25:05,29,31,0,60
2022-06-05T13:35:28,29,31,0,60
2022-06-05T13:45:50,29,31,0,60
2022-06-05T13:56:12,29,31,0,60
2022-06-05T14:06:34,29,31,0,60
2022-06-05T14:16:57,29,31,0,60
2022-06-05T14:27:19,29,31,0,60
2022-06-05T14:37:42,29,31,0,60
2022-06-05T14:48:05,29,31,0,60
2022-06-05T14:58:54,29,31,0,60
2022-06-05T15:09:17,29,31,0,60
2022-06-05T15:19:39,29,31,0,60
2022-06-05T15:30:01,29,31,0,60
2022-06-05T15:40:26,29,31,0,60
2022-06-05T15:50:48,29,31,0,60
2022-06-05T16:01:11,29,31,0,60
2022-06-05T16:11:34,29,31,0,60
2022-06-05T16:21:56,29,31,0,60
2022-06-05T16:32:19,29,31,0,60
2022-06-05T16:42:41,29,31,0,60
2022-06-05T16:53:04,29,31,0,60
2022-06-05T17:03:36,29,31,0,60
2022-06-05T17:14:00,29,31,0,60
2022-06-05T17:24:22,29,31,0,60
2022-06-05T17:34:45,29,31,0,60
2022-06-05T17:45:07,29,31,0,60
2022-06-05T17:55:30,29,31,0,60
2022-06-05T18:05:52,29,31,0,60
2022-06-05T18:16:14,29,31,0,60
2022-06-05T18:26:39,29,31,0,60
2022-06-05T18:37:02,29,31,0,60
2022-06-05T18:47:25,29,31,0,60
2022-06-05T18:57:47,29,31,0,60
2022-06-05T19:08:11,29,31,0,60
2022-06-05T19:18:51,29,31,0,60
2022-06-05T19:29:13,29,31,0,60
2022-06-05T19:39:35,29,31,0,60
2022-06-05T19:49:58,29,31,0,60
2022-06-05T20:00:21,29,31,0,60
2022-06-05T20:10:43,29,31,0,60
2022-06-05T20:21:06,29,31,0,60
2022-06-05T20:31:29,29,31,0,60
2022-06-05T20:41:52,29,31,0,60
2022-06-05T20:52:14,29,31,0,60
2022-06-05T21:02:37,29,31,0,60
2022-06-05T21:13:00,29,31,0,60
2022-06-05T21:23:40,29,31,0,60
2022-06-05T21:34:03,29,31,0,60
2022-06-05T21:44:26,29,31,0,60
2022-06-05T21:54:48,29,31,0,60
2022-06-05T22:05:10,29,31,0,60
2022-06-05T22:15:33,29,31,0,60
2022-06-05T22:25:55,29,31,0,60
2022-06-05T22:36:18,29,31,0,60
2022-06-05T22:46:41,29,31,0,60
2022-06-05T22:57:05,29,31,0,60
2022-06-05T23:07:29,29,31,0,60
2022-06-05T23:17:51,29,31,0,60
2022-06-05T23:28:16,29,31,0,60
2022-06-05T23:38:49,29,31,0,60
2022-06-05T23:49:12,29,31,0,60
2022-06-05T23:59:35,29,31,0,60
2022-06-06T00:09:58,29,31,0,60
2022-06-06T00:20:24,29,31,0,60
2022-06-06T00:30:49,29,31,0,60
2022-06-06T00:41:15,29,31,0,60
2022-06-06T00:51:38,29,31,0,60
2022-06-06T01:02:01,29,31,0,60
2022-06-06T01:12:34,29,31,0,60
2022-06-06T01:22:59,29,31,0,60
2022-06-06T01:33:23,29,31,0,60
2022-06-06T01:43:47,29,31,0,60
2022-06-06T01:54:11,29,31,0,60
2022-06-06T02:04:45,29,31,0,60
2022-06-06T02:15:20,29,31,0,60
2022-06-06T02:25:48,29,31,0,60
2022-06-06T02:36:16,29,31,0,60
2022-06-06T02:46:45,29,31,0,60
2022-06-06T02:57:12,29,31,0,60
2022-06-06T03:07:36,29,31,0,60
2022-06-06T03:18:03,29,31,0,60
2022-06-06T03:28:34,29,31,0,60
2022-06-06T03:39:01,29,31,0,60
2022-06-06T03:49:32,29,31,0,60
2022-06-06T04:00:03,29,31,0,60
2022-06-06T04:10:34,29,31,0,60
2022-06-06T04:23:10,29,31,0,60
2022-06-06T04:33:52,29,31,0,60
2022-06-06T04:44:19,29,31,0,60
2022-06-06T04:54:52,29,31,0,60
2022-06-06T05:05:27,29,31,0,60
2022-06-06T05:16:01,29,31,0,60
2022-06-06T05:26:36,29,31,0,60
2022-06-06T05:37:10,29,31,0,60
2022-06-06T05:47:42,29,31,0,60
2022-06-06T05:58:19,29,31,0,60
2022-06-06T06:08:51,29,31,0,60
2022-06-06T06:19:19,29,31,0,60
2022-06-06T06:29:45,29,31,0,60
2022-06-06T06:40:11,29,31,0,60
2022-06-06T06:50:35,29,31,0,60
2022-06-06T07:00:57,29,31,0,60
2022-06-06T07:11:21,29,31,0,60
2022-06-06T07:21:44,29,31,0,60
2022-06-06T07:32:07,29,31,0,60
2022-06-06T07:42:31,29,31,0,60
2022-06-06T07:52:54,29,31,0,60
2022-06-06T08:03:17,29,31,0,60
2022-06-06T08:13:40,29,31,0,60
2022-06-06T08:24:04,29,31,0,60
2022-06-06T08:34:28,29,31,0,60
2022-06-06T08:44:51,29,31,0,60
2022-06-06T08:55:15,29,31,0,60
2022-06-06T09:05:39,29,31,0,60
2022-06-06T09:16:03,29,31,0,60
2022-06-06T09:26:27,29,31,0,60
2022-06-06T09:37:03,29,31,0,60
2022-06-06T09:47:28,29,31,0,60
2022-06-06T09:57:52,29,31,0,60
2022-06-06T10:08:17,29,31,0,60
2022-06-06T10:18:42,29,31,0,60
2022-06-06T10:29:07,29,31,0,60
2022-06-06T10:39:31,29,31,0,60
2022-06-06T10:49:57,29,31,0,60
2022-06-06T11:00:21,29,31,0,60
2022-06-06T11:10:46,29,31,0,60
2022-06-06T11:21:10,29,31,0,60
2022-06-06T11:31:46,29,31,0,60
2022-06-06T11:42:10,29,31,0,60
2022-06-06T11:52:35,29,31,0,60
2022-06-06T12:02:59,29,31,0,60
2022-06-06T12:13:24,29,31,0,60
2022-06-06T12:23:48,29,31,0,60
2022-06-06T12:34:12,29,31,0,60
2022-06-06T12:44:35,29,31,0,60
2022-06-06T12:55:10,29,31,0,60
2022-06-06T13:05:34,29,31,0,60
2022-06-06T13:15:58,29,31,0,60
2022-06-06T13:26:22,29,31,0,60
2022-06-06T13:36:46,29,31,0,60
2022-06-06T13:47:11,29,31,0,60
2022-06-06T13:57:36,29,31,0,60
2022-06-06T14:08:00,29,31,0,60
2022-06-06T14:18:25,29,31,0,60
2022-06-06T14:28:49,29,31,0,60
2022-06-06T14:39:14,30,30,0,60
2022-06-06T14:49:49,30,30,0,60
2022-06-06T15:00:14,30,30,0,60
2022-06-06T15:10:40,30,30,0,60
2022-06-06T15:21:05,30,30,0,60
2022-06-06T15:31:30,30,30,0,60
2022-06-06T15:41:54,30,30,0,60
2022-06-06T15:52:18,30,30,0,60
2022-06-06T16:02:42,30,30,0,60
2022-06-06T16:13:19,30,30,0,60
2022-06-06T16:23:43,30,30,0,60
2022-06-06T16:34:07,30,30,0,60
2022-06-06T16:44:30,30,30,0,60
2022-06-06T16:54:54,30,30,0,60
2022-06-06T17:05:17,30,30,0,60
2022-06-06T17:15:41,30,30,0,60
2022-06-06T17:26:04,30,30,0,60
2022-06-06T17:36:27,30,30,0,60
2022-06-06T17:46:50,30,30,0,60
2022-06-06T17:57:13,30,30,0,60
2022-06-06T18:07:37,30,30,0,60
2022-06-06T18:18:12,30,30,0,60
2022-06-06T18:28:35,30,30,0,60
2022-06-06T18:38:58,30,30,0,60
2022-06-06T18:49:21,30,30,0,60
2022-06-06T18:59:44,30,30,0,60
2022-06-06T19:10:07,30,30,0,60
2022-06-06T19:20:30,30,30,0,60
2022-06-06T19:30:57,30,30,0,60
2022-06-06T19:41:24,30,30,0,60
2022-06-06T19:51:50,30,30,0,60
2022-06-06T20:02:28,30,30,0,60
2022-06-06T20:12:57,30,30,0,60
2022-06-06T20:23:26,30,30,0,60
2022-06-06T20:33:55,30,30,0,60
2022-06-06T20:44:25,30,30,0,60
2022-06-06T20:54:56,30,30,0,60
2022-06-06T21:05:30,30,30,0,60
2022-06-06T21:16:04,30,30,0,60
2022-06-06T21:26:37,30,30,0,60
2022-06-06T21:37:11,30,30,0,60
2022-06-06T21:47:44,30,30,0,60
2022-06-06T21:58:19,30,30,0,60
2022-06-06T22:09:04,30,30,0,60
2022-06-06T22:19:30,30,30,0,60
2022-06-06T22:29:56,30,30,0,60
2022-06-06T22:40:21,30,30,0,60
2022-06-06T22:50:44,30,30,0,60
2022-06-06T23:01:06,30,30,0,60
2022-06-06T23:11:29,30,30,0,60
2022-06-06T23:21:52,30,30,0,60
2022-06-06T23:32:16,30,30,0,60
2022-06-06T23:42:38,30,30,0,60
2022-06-06T23:53:01,30,30,0,60
2022-06-07T00:03:24,30,30,0,60
2022-06-07T00:13:48,30,30,0,60
2022-06-07T00:24:13,30,30,0,60
2022-06-07T00:34:38,30,30,0,60
2022-06-07T00:45:14,30,30,0,60
2022-06-07T00:55:40,30,30,0,60
2022-06-07T01:06:04,30,30,0,60
2022-06-07T01:16:29,30,30,0,60
2022-06-07T01:26:52,30,30,0,60
2022-06-07T01:37:17,30,30,0,60
2022-06-07T01:47:41,30,30,0,60
2022-06-07T01:58:05,30,30,0,60
2022-06-07T02:08:29,30,30,0,60
2022-06-07T02:18:52,30,30,0,60
2022-06-07T02:29:16,30,30,0,60
2022-06-07T02:39:38,30,30,0,60
2022-06-07T02:50:00,30,30,0,60
2022-06-07T03:00:22,30,30,0,60
2022-06-07T03:10:44,30,30,0,60
2022-06-07T03:21:06,30,30,0,60
2022-06-07T03:31:28,30,30,0,60
2022-06-07T03:41:51,30,30,0,60
2022-06-07T03:52:15,30,30,0,60
2022-06-07T04:02:40,30,30,0,60
2022-06-07T04:25:52,30,30,0,60
2022-06-07T04:36:34,30,30,0,60
2022-06-07T04:47:00,30,30,0,60
2022-06-07T04:57:25,30,30,0,60
2022-06-07T05:07:51,30,30,0,60
2022-06-07T05:18:16,30,30,0,60
2022-06-07T05:28:41,30,30,0,60
2022-06-07T05:39:05,30,30,0,60
2022-06-07T05:49:28,30,30,0,60
2022-06-07T05:59:53,30,30,0,60
2022-06-07T06:10:18,30,30,0,60
2022-06-07T06:20:42,30,30,0,60
2022-06-07T06:31:07,30,30,0,60
2022-06-07T06:41:32,30,30,0,60
2022-06-07T06:51:56,30,30,0,60
2022-06-07T07:02:21,30,30,0,60
2022-06-07T07:12:45,30,30,0,60
2022-06-07T07:23:12,30,30,0,60
2022-06-07T07:33:37,30,30,0,60
2022-06-07T07:44:02,30,30,0,60
2022-06-07T07:54:27,30,30,0,60
2022-06-07T08:04:51,30,30,0,60
2022-06-07T08:15:15,30,30,0,60
2022-06-07T08:25:40,30,30,0,60
2022-06-07T08:36:04,30,30,0,60
2022-06-07T08:46:28,30,30,0,60
2022-06-07T08:56:52,30,30,0,60
2022-06-07T09:07:17,30,30,0,60
2022-06-07T09:17:42,30,30,0,60
2022-06-07T09:28:06,30,30,0,60
2022-06-07T09:38:30,30,30,0,60
2022-06-07T09:48:54,30,30,0,60
2022-06-07T09:59:19,30,30,0,60
2022-06-07T10:09:54,30,30,0,60
2022-06-07T10:20:28,30,30,0,60
2022-06-07T10:30:52,30,30,0,60
2022-06-07T10:41:17,30,30,0,60
2022-06-07T10:51:42,30,30,0,60
2022-06-07T11:02:07,30,30,0,60
2022-06-07T11:12:33,30,30,0,60
2022-06-07T11:22:58,30,30,0,60
2022-06-07T11:33:22,30,30,0,60
2022-06-07T11:43:47,30,30,0,60
2022-06-07T11:54:12,30,30,0,60
2022-06-07T12:04:36,30,30,0,60
2022-06-07T12:15:01,30,30,0,60
2022-06-07T12:25:36,30,30,0,60
2022-06-07T12:36:00,30,30,0,60
2022-06-07T12:46:24,30,30,0,60
2022-06-07T12:56:47,30,30,0,60
2022-06-07T13:07:12,30,30,0,60
2022-06-07T13:17:37,30,30,0,60
2022-06-07T13:28:06,30,30,0,60
2022-06-07T13:38:35,30,30,0,60
2022-06-07T13:49:16,30,30,0,60
2022-06-07T13:59:45,30,30,0,60
2022-06-07T14:10:14,30,30,0,60
2022-06-07T14:20:43,30,30,0,60
2022-06-07T14:31:10,30,30,0,60
2022-06-07T14:41:41,30,30,0,60
2022-06-07T14:52:14,30,30,0,60
2022-06-07T15:02:58,30,30,0,60
2022-06-07T15:13:27,30,30,0,60
2022-06-07T15:23:59,30,30,0,60
2022-06-07T15:34:33,30,30,0,60
2022-06-07T15:45:05,30,30,0,60
2022-06-07T15:55:34,30,30,0,60
2022-06-07T16:06:12,30,30,0,60
2022-06-07T16:16:40,30,30,0,60
2022-06-07T16:27:10,30,30,0,60
2022-06-07T16:37:39,30,30,0,60
2022-06-07T16:48:07,30,30,0,60
2022-06-07T16:58:33,30,30,0,60
2022-06-07T17:08:59,30,30,0,60
2022-06-07T17:19:24,30,30,0,60
2022-06-07T17:29:47,30,30,0,60
2022-06-07T17:40:11,30,30,0,60
2022-06-07T17:50:34,30,30,0,60
2022-06-07T18:00:57,30,30,0,60
2022-06-07T18:11:20,30,30,0,60
2022-06-07T18:21:54,30,30,0,60
2022-06-07T18:32:17,30,30,0,60
2022-06-07T18:42:40,30,30,0,60
2022-06-07T18:53:03,30,30,0,60
2022-06-07T19:03:26,30,30,0,60
2022-06-07T19:13:49,30,30,0,60
2022-06-07T19:24:12,30,30,0,60
2022-06-07T19:34:35,30,30,0,60
2022-06-07T19:44:57,30,30,0,60
2022-06-07T19:55:20,30,30,0,60
2022-06-07T20:05:43,30,30,0,60
2022-06-07T20:16:07,30,30,0,60
2022-06-07T20:26:30,30,30,0,60
2022-06-07T20:36:53,30,30,0,60
2022-06-07T20:47:16,30,30,0,60
2022-06-07T20:57:48,30,30,0,60
2022-06-07T21:08:11,30,30,0,60
2022-06-07T21:18:33,30,30,0,60
2022-06-07T21:28:56,30,30,0,60
2022-06-07T21:39:19,30,30,0,60
2022-06-07T21:49:42,30,30,0,60
2022-06-07T22:00:05,30,30,0,60
2022-06-07T22:10:28,30,30,0,60
2022-06-07T22:20:51,30,30,0,60
2022-06-07T22:31:13,30,30,0,60
2022-06-07T22:41:36,30,30,0,60
2022-06-07T22:52:01,30,30,0,60
2022-06-07T23:02:24,30,30,0,60
2022-06-07T23:13:01,30,30,0,60
2022-06-07T23:23:23,30,30,0,60
2022-06-07T23:33:46,30,30,0,60
2022-06-07T23:44:09,30,30,0,60
2022-06-07T23:54:31,30,30,0,60
2022-06-08T00:04:55,30,30,0,60
2022-06-08T00:15:22,30,30,0,60
2022-06-08T00:25:47,30,30,0,60
2022-06-08T00:36:11,30,30,0,60
2022-06-08T00:46:36,30,30,0,60
2022-06-08T00:57:02,30,30,0,60
2022-06-08T01:07:27,30,30,0,60
2022-06-08T01:17:52,30,30,0,60
2022-06-08T01:28:17,30,30,0,60
2022-06-08T01:38:41,30,30,0,60
2022-06-08T01:49:05,30,30,0,60
2022-06-08T01:59:28,30,30,0,60
2022-06-08T02:09:52,30,30,0,60
2022-06-08T02:20:16,30,30,0,60
2022-06-08T02:30:48,30,30,0,60
2022-06-08T02:41:13,30,30,0,60
2022-06-08T02:51:37,30,30,0,60
2022-06-08T03:02:01,30,30,0,60
2022-06-08T03:12:24,30,30,0,60
2022-06-08T03:22:46,30,30,0,60
2022-06-08T03:33:09,30,30,0,60
2022-06-08T03:43:32,30,30,0,60
2022-06-08T03:53:56,30,30,0,60
2022-06-08T04:06:35,30,30,0,60
2022-06-08T04:25:37,30,30,0,60
2022-06-08T04:36:24,30,30,0,60
2022-06-08T04:46:49,30,30,0,60
2022-06-08T04:57:14,30,30,0,60
2022-06-08T05:07:40,30,30,0,60
2022-06-08T05:18:04,30,30,0,60
2022-06-08T05:28:30,30,30,0,60
2022-06-08T05:38:55,30,30,0,60
2022-06-08T05:49:19,30,30,0,60
2022-06-08T05:59:44,30,30,0,60
2022-06-08T06:10:14,30,30,0,60
2022-06-08T06:20:42,30,30,0,60
2022-06-08T06:31:10,30,30,0,60
2022-06-08T06:41:39,30,30,0,60
2022-06-08T06:52:09,30,30,0,60
2022-06-08T07:02:40,30,30,0,60
2022-06-08T07:13:12,30,30,0,60
2022-06-08T07:23:40,30,30,0,60
2022-06-08T07:34:08,30,30,0,60
2022-06-08T07:44:38,30,30,0,60
2022-06-08T07:55:08,30,30,0,60
2022-06-08T08:05:33,30,30,0,60
2022-06-08T08:16:04,30,30,0,60
2022-06-08T08:26:36,30,30,0,60
2022-06-08T08:37:07,30,30,0,60
2022-06-08T08:47:38,30,30,0,60
2022-06-08T08:58:10,30,30,0,60
2022-06-08T09:08:40,30,30,0,60
2022-06-08T09:19:11,30,30,0,60
2022-06-08T09:29:42,30,30,0,60
2022-06-08T09:40:12,30,30,0,60
2022-06-08T09:50:40,30,30,0,60
2022-06-08T10:01:09,30,30,0,60
2022-06-08T10:11:45,30,30,0,60
2022-06-08T10:22:10,30,30,0,60
2022-06-08T10:32:35,30,30,0,60
2022-06-08T10:42:59,30,30,0,60
2022-06-08T10:53:24,30,30,0,60
2022-06-08T11:03:48,30,30,0,60
2022-06-08T11:14:13,30,30,0,60
2022-06-08T11:24:39,30,30,0,60
2022-06-08T11:35:04,30,30,0,60
2022-06-08T11:45:29,30,30,0,60
2022-06-08T11:55:53,30,30,0,60
2022-06-08T12:06:18,30,30,0,60
2022-06-08T12:16:55,30,30,0,60
2022-06-08T12:27:19,30,30,0,60
2022-06-08T12:37:42,30,30,0,60
2022-06-08T12:48:07,30,30,0,60
2022-06-08T12:58:32,30,30,0,60
2022-06-08T13:08:57,30,30,0,60
2022-06-08T13:19:21,30,30,0,60
2022-06-08T13:29:46,30,30,0,60
2022-06-08T13:40:11,30,30,0,60
2022-06-08T13:50:36,30,30,0,60
2022-06-08T14:01:02,30,30,0,60
2022-06-08T14:11:40,30,30,0,60
2022-06-08T14:22:04,30,30,0,60
2022-06-08T14:32:29,30,30,0,60
2022-06-08T14:42:54,30,30,0,60
2022-06-08T14:53:19,30,30,0,60
2022-06-08T15:03:43,30,30,0,60
2022-06-08T15:14:08,30,30,0,60
2022-06-08T15:24:44,30,30,0,60
2022-06-08T15:35:08,30,30,0,60
2022-06-08T15:45:33,30,30,0,60
2022-06-08T15:55:57,30,30,0,60
2022-06-08T16:06:21,30,30,0,60
2022-06-08T16:16:45,30,30,0,60
2022-06-08T16:27:09,30,30,0,60
2022-06-08T16:37:34,30,30,0,60
2022-06-08T16:47:59,30,30,0,60
2022-06-08T16:58:23,30,30,0,60
2022-06-08T17:08:48,30,30,0,60
2022-06-08T17:19:23,30,30,0,60
2022-06-08T17:29:46,30,30,0,60
2022-06-08T17:40:10,30,30,0,60
2022-06-08T17:50:34,30,30,0,60
2022-06-08T18:00:57,30,30,0,60
2022-06-08T18:11:20,30,30,0,60
2022-06-08T18:21:44,30,30,0,60
2022-06-08T18:32:07,30,30,0,60
2022-06-08T18:42:30,30,30,0,60
2022-06-08T18:52:55,30,30,0,60
2022-06-08T19:03:18,30,30,0,60
2022-06-08T19:13:41,30,30,0,60
2022-06-08T19:24:04,30,30,0,60
2022-06-08T19:34:38,30,30,0,60
2022-06-08T19:45:01,30,30,0,60
2022-06-08T19:55:24,30,30,0,60
2022-06-08T20:05:47,30,30,0,60
2022-06-08T20:16:11,30,30,0,60
2022-06-08T20:26:34,30,30,0,60
2022-06-08T20:36:57,30,30,0,60
2022-06-08T20:47:20,30,30,0,60
2022-06-08T20:57:44,30,30,0,60
2022-06-08T21:08:08,30,30,0,60
2022-06-08T21:18:31,30,30,0,60
2022-06-08T21:28:54,30,30,0,60
2022-06-08T21:39:18,30,30,0,60
2022-06-08T21:49:50,30,30,0,60
2022-06-08T22:00:14,30,30,0,60
2022-06-08T22:10:37,30,30,0,60
2022-06-08T22:21:00,30,30,0,60
2022-06-08T22:31:23,30,30,0,60
2022-06-08T22:41:47,30,30,0,60
2022-06-08T22:52:12,30,30,0,60
2022-06-08T23:02:35,30,30,0,60
2022-06-08T23:12:59,30,30,0,60
2022-06-08T23:23:22,30,30,0,60
2022-06-08T23:33:46,30,30,0,60
2022-06-08T23:44:09,30,30,0,60
2022-06-08T23:54:32,30,30,0,60
2022-06-09T00:04:56,30,30,0,60
2022-06-09T00:15:24,30,30,0,60
2022-06-09T00:25:49,30,30,0,60
2022-06-09T00:36:22,30,30,0,60
2022-06-09T00:46:47,30,30,0,60
2022-06-09T00:57:11,30,30,0,60
2022-06-09T01:07:35,30,30,0,60
2022-06-09T01:18:00,30,30,0,60
2022-06-09T01:28:24,30,30,0,60
2022-06-09T01:38:49,30,30,0,60
2022-06-09T01:49:13,30,30,0,60
2022-06-09T01:59:37,30,30,0,60
2022-06-09T02:10:01,30,30,0,60
2022-06-09T02:20:25,30,30,0,60
2022-06-09T02:30:48,30,30,0,60
2022-06-09T02:41:12,30,30,0,60
2022-06-09T02:51:34,30,30,0,60
2022-06-09T03:01:57,30,30,0,60
2022-06-09T03:12:20,30,30,0,60
2022-06-09T03:22:42,30,30,0,60
2022-06-09T03:33:04,30,30,0,60
2022-06-09T03:43:28,30,30,0,60
2022-06-09T03:53:52,30,30,0,60
2022-06-09T04:04:16,30,30,0,60
2022-06-09T04:14:40,30,30,0,60
2022-06-09T04:30:51,30,30,0,60
2022-06-09T04:41:35,30,30,0,60
2022-06-09T04:52:01,30,30,0,60
2022-06-09T05:02:28,30,30,0,60
2022-06-09T05:12:54,30,30,0,60
2022-06-09T05:23:19,30,30,0,60
2022-06-09T05:33:43,30,30,0,60
2022-06-09T05:44:07,30,30,0,60
2022-06-09T05:54:31,30,30,0,60
2022-06-09T06:04:56,30,30,0,60
2022-06-09T06:15:20,30,30,0,60
2022-06-09T06:25:45,30,30,0,60
2022-06-09T06:36:10,30,30,0,60
2022-06-09T06:46:35,30,30,0,60
2022-06-09T06:56:59,30,30,0,60
2022-06-09T07:07:24,30,30,0,60
2022-06-09T07:17:49,30,30,0,60
2022-06-09T07:28:14,30,30,0,60
2022-06-09T07:38:42,30,30,0,60
2022-06-09T07:49:08,30,30,0,60
2022-06-09T07:59:37,30,30,0,60
2022-06-09T08:10:01,30,30,0,60
2022-06-09T08:20:26,30,30,0,60
2022-06-09T08:30:51,30,30,0,60
2022-06-09T08:41:15,30,30,0,60
2022-06-09T08:51:38,30,30,0,60
2022-06-09T09:02:03,30,30,0,60
2022-06-09T09:12:27,30,30,0,60
2022-06-09T09:22:51,30,30,0,60
2022-06-09T09:33:16,30,30,0,60
2022-06-09T09:43:40,30,30,0,60
2022-06-09T09:54:05,30,30,0,60
2022-06-09T10:04:30,30,30,0,60
2022-06-09T10:14:56,30,30,0,60
2022-06-09T10:25:20,30,30,0,60
2022-06-09T10:35:55,30,30,0,60
2022-06-09T10:46:20,30,30,0,60
2022-06-09T10:56:45,30,30,0,60
2022-06-09T11:07:09,30,30,0,60
2022-06-09T11:17:34,30,30,0,60
2022-06-09T11:27:59,30,30,0,60
2022-06-09T11:38:24,30,30,0,60
2022-06-09T11:48:48,30,30,0,60
2022-06-09T11:59:12,30,30,0,60
2022-06-09T12:09:36,30,30,0,60
2022-06-09T12:20:00,30,30,0,60
2022-06-09T12:30:36,30,30,0,60
2022-06-09T12:41:06,30,30,0,60
2022-06-09T12:51:40,30,30,0,60
2022-06-09T13:02:15,30,30,0,60
2022-06-09T13:12:53,30,30,0,60
2022-06-09T13:23:30,30,30,0,60
2022-06-09T13:34:05,30,30,0,60
2022-06-09T13:44:55,30,30,0,60
2022-06-09T13:55:33,30,30,0,60
2022-06-09T14:06:10,30,30,0,60
2022-06-09T14:16:46,30,30,0,60
2022-06-09T14:27:20,30,30,0,60
2022-06-09T14:37:52,30,30,0,60
2022-06-09T14:48:24,30,30,0,60
2022-06-09T14:58:56,30,30,0,60
2022-06-09T15:09:29,30,30,0,60
2022-06-09T15:20:12,30,30,0,60
2022-06-09T15:30:42,30,30,0,60
2022-06-09T15:41:11,30,30,0,60
2022-06-09T15:51:40,30,30,0,60
2022-06-09T16:02:06,30,30,0,60
2022-06-09T16:12:31,30,30,0,60
2022-06-09T16:23:05,30,30,0,60
2022-06-09T16:33:29,30,30,0,60
2022-06-09T16:43:58,30,30,0,60
2022-06-09T16:54:24,30,30,0,60
2022-06-09T17:04:49,30,30,0,60
2022-06-09T17:15:15,30,30,0,60
2022-06-09T17:25:41,30,30,0,60
2022-06-09T17:36:10,30,30,0,60
2022-06-09T17:46:50,30,30,0,60
2022-06-09T17:57:19,30,30,0,60
2022-06-09T18:07:48,30,30,0,60
2022-06-09T18:18:17,30,30,0,60
2022-06-09T18:28:44,30,30,0,60
2022-06-09T18:39:13,30,30,0,60
2022-06-09T18:49:42,30,30,0,60
2022-06-09T19:00:11,30,30,0,60
2022-06-09T19:10:44,30,30,0,60
2022-06-09T19:21:19,30,30,0,60
2022-06-09T19:32:01,30,30,0,60
2022-06-09T19:42:51,30,30,0,60
2022-06-09T19:53:22,30,30,0,60
2022-06-09T20:03:51,30,30,0,60
2022-06-09T20:14:22,30,30,0,60
2022-06-09T20:24:51,30,30,0,60
2022-06-09T20:35:21,30,30,0,60
2022-06-09T20:45:50,30,30,0,60
2022-06-09T20:56:18,30,30,0,60
2022-06-09T21:06:45,30,30,0,60
2022-06-09T21:17:10,30,30,0,60
2022-06-09T21:27:34,30,30,0,60
2022-06-09T21:37:59,30,30,0,60
2022-06-09T21:48:22,30,30,0,60
2022-06-09T21:58:47,30,30,0,60
2022-06-09T22:09:11,30,30,0,60
2022-06-09T22:19:36,30,30,0,60
2022-06-09T22:30:10,30,30,0,60
2022-06-09T22:40:35,30,30,0,60
2022-06-09T22:50:59,30,30,0,60
2022-06-09T23:01:23,30,30,0,60
2022-06-09T23:11:48,30,30,0,60
2022-06-09T23:22:12,30,30,0,60
2022-06-09T23:32:37,30,30,0,60
2022-06-09T23:43:02,30,30,0,60
2022-06-09T23:53:26,30,30,0,60
2022-06-10T00:03:51,30,30,0,60
2022-06-10T00:14:17,30,30,0,60
2022-06-10T00:24:45,30,30,0,60
2022-06-10T00:35:11,30,30,0,60
2022-06-10T00:45:37,30,30,0,60
2022-06-10T00:56:03,30,30,0,60
2022-06-10T01:06:41,30,30,0,60
2022-06-10T01:17:07,30,30,0,60
2022-06-10T01:27:35,30,30,0,60
2022-06-10T01:38:01,30,30,0,60
2022-06-10T01:48:27,30,30,0,60
2022-06-10T01:58:52,30,30,0,60
2022-06-10T02:09:17,30,30,0,60
2022-06-10T02:19:44,30,30,0,60
2022-06-10T02:30:20,30,30,0,60
2022-06-10T02:40:46,30,30,0,60
2022-06-10T02:51:12,30,30,0,60
2022-06-10T03:01:36,30,30,0,60
2022-06-10T03:12:01,30,30,0,60
2022-06-10T03:22:25,30,30,0,60
2022-06-10T03:32:50,30,30,0,60
2022-06-10T03:43:15,30,30,0,60
2022-06-10T03:53:40,30,30,0,60
2022-06-10T04:04:06,30,30,0,60
2022-06-10T04:14:32,30,30,0,60
2022-06-10T04:30:16,30,30,0,60
2022-06-10T04:41:00,30,30,0,60
2022-06-10T04:51:28,30,30,0,60
2022-06-10T05:01:55,30,30,0,60
2022-06-10T05:12:22,30,30,0,60
2022-06-10T05:22:49,30,30,0,60
2022-06-10T05:33:14,30,30,0,60
2022-06-10T05:43:40,30,30,0,60
2022-06-10T05:54:06,30,30,0,60
2022-06-10T06:04:31,30,30,0,60
2022-06-10T06:14:57,30,30,0,60
2022-06-10T06:25:25,30,30,0,60
2022-06-10T06:35:50,30,30,0,60
2022-06-10T06:46:14,30,30,0,60
2022-06-10T06:56:38,30,30,0,60
2022-06-10T07:07:03,30,30,0,60
2022-06-10T07:17:27,30,30,0,60
2022-06-10T07:27:51,30,30,0,60
2022-06-10T07:38:16,30,30,0,60
2022-06-10T07:48:40,30,30,0,60
2022-06-10T07:59:05,30,30,0,60
2022-06-10T08:09:30,30,30,0,60
2022-06-10T08:19:54,30,30,0,60
2022-06-10T08:30:19,30,30,0,60
2022-06-10T08:40:45,30,30,0,60
2022-06-10T08:51:10,30,30,0,60
2022-06-10T09:01:35,30,30,0,60
2022-06-10T09:12:01,30,30,0,60
2022-06-10T09:22:45,30,30,0,60
2022-06-10T09:33:11,30,30,0,60
2022-06-10T09:43:38,30,30,0,60
2022-06-10T09:54:05,30,30,0,60
2022-06-10T10:04:35,30,30,0,60
2022-06-10T10:15:05,30,30,0,60
2022-06-10T10:25:37,30,30,0,60
2022-06-10T10:36:08,30,30,0,60
2022-06-10T10:46:41,30,30,0,60
2022-06-10T10:57:10,30,30,0,60
2022-06-10T11:07:56,30,30,0,60
2022-06-10T11:18:35,30,30,0,60
2022-06-10T11:29:15,30,30,0,60
2022-06-10T11:39:57,30,30,0,60
2022-06-10T11:50:40,30,30,0,60
2022-06-10T12:01:18,30,30,0,60
2022-06-10T12:11:50,30,30,0,60
2022-06-10T12:22:19,30,30,0,60
2022-06-10T12:32:52,30,30,0,60
2022-06-10T12:43:31,30,30,0,60
2022-06-10T12:54:01,30,30,0,60
2022-06-10T13:04:30,30,30,0,60
2022-06-10T13:14:56,30,30,0,60
2022-06-10T13:25:22,30,30,0,60
2022-06-10T13:35:49,30,30,0,60
2022-06-10T13:46:16,30,30,0,60
2022-06-10T13:56:52,30,30,0,60
2022-06-10T14:07:18,30,30,0,60
2022-06-10T14:17:45,30,30,0,60
2022-06-10T14:28:11,30,30,0,60
2022-06-10T14:38:37,30,30,0,60
2022-06-10T14:49:04,30,30,0,60
2022-06-10T14:59:34,30,30,0,60
2022-06-10T15:10:00,30,30,0,60
2022-06-10T15:20:25,30,30,0,60
2022-06-10T15:31:01,30,30,0,60
2022-06-10T15:41:27,30,30,0,60
2022-06-10T15:51:53,30,30,0,60
2022-06-10T16:02:19,30,30,0,60
2022-06-10T16:12:45,30,30,0,60
2022-06-10T16:23:10,30,30,0,60
2022-06-10T16:33:36,30,30,0,60
2022-06-10T16:44:20,30,30,0,60
2022-06-10T16:54:46,30,30,0,60
2022-06-10T17:05:11,30,30,0,60
2022-06-10T17:15:37,30,30,0,60
2022-06-10T17:26:03,30,30,0,60
2022-06-10T17:36:28,30,30,0,60
2022-06-10T17:46:53,30,30,0,60
2022-06-10T17:57:18,30,30,0,60
2022-06-10T18:07:43,30,30,0,60
2022-06-10T18:18:08,30,30,0,60
2022-06-10T18:28:43,30,30,0,60
2022-06-10T18:39:08,30,30,0,60
2022-06-10T18:49:33,30,30,0,60
2022-06-10T18:59:57,30,30,0,60
2022-06-10T19:10:21,30,30,0,60
2022-06-10T19:20:46,30,30,0,60
2022-06-10T19:31:11,30,30,0,60
2022-06-10T19:41:36,30,30,0,60
2022-06-10T19:52:00,30,30,0,60
2022-06-10T20:02:25,30,30,0,60
2022-06-10T20:12:50,30,30,0,60
2022-06-10T20:23:15,30,30,0,60
2022-06-10T20:33:57,30,30,0,60
2022-06-10T20:44:22,30,30,0,60
2022-06-10T20:54:46,30,30,0,60
2022-06-10T21:05:10,30,30,0,60
2022-06-10T21:15:35,30,30,0,60
2022-06-10T21:26:00,30,30,0,60
2022-06-10T21:36:25,30,30,0,60
2022-06-10T21:46:49,30,30,0,60
2022-06-10T21:57:14,30,30,0,60
2022-06-10T22:07:39,30,30,0,60
2022-06-10T22:18:04,30,30,0,60
2022-06-10T22:28:29,30,30,0,60
2022-06-10T22:39:04,30,30,0,60
2022-06-10T22:49:31,30,30,0,60
2022-06-10T22:59:56,30,30,0,60
2022-06-10T23:10:21,30,30,0,60
2022-06-10T23:20:47,30,30,0,60
2022-06-10T23:31:12,30,30,0,60
2022-06-10T23:41:37,30,30,0,60
2022-06-10T23:52:01,30,30,0,60
2022-06-11T00:02:27,30,30,0,60
2022-06-11T00:12:54,30,30,0,60
2022-06-11T00:23:22,30,30,0,60
2022-06-11T00:33:48,30,30,0,60
2022-06-11T00:44:15,30,30,0,60
2022-06-11T00:54:41,30,30,0,60
2022-06-11T01:05:21,30,30,0,60
2022-06-11T01:15:48,30,30,0,60
2022-06-11T01:26:16,30,30,0,60
2022-06-11T01:36:43,30,30,0,60
2022-06-11T01:47:09,30,30,0,60
2022-06-11T01:57:35,30,30,0,60
2022-06-11T02:08:01,30,30,0,60
2022-06-11T02:18:25,30,30,0,60
2022-06-11T02:28:49,30,30,0,60
2022-06-11T02:39:14,30,30,0,60
2022-06-11T02:49:39,30,30,0,60
2022-06-11T03:00:04,30,30,0,60
2022-06-11T03:10:30,30,30,0,60
2022-06-11T03:20:54,30,30,0,60
2022-06-11T03:31:19,30,30,0,60
2022-06-11T03:41:43,30,30,0,60
2022-06-11T03:52:09,30,30,0,60
2022-06-11T04:02:34,30,30,0,60
2022-06-11T04:26:00,30,30,0,60
2022-06-11T04:36:49,30,30,0,60
2022-06-11T04:47:17,30,30,0,60
2022-06-11T04:57:44,30,30,0,60
2022-06-11T05:08:09,30,30,0,60
2022-06-11T05:18:34,30,30,0,60
2022-06-11T05:28:59,30,30,0,60
2022-06-11T05:39:24,30,30,0,60
2022-06-11T05:50:08,30,30,0,60
2022-06-11T06:00:35,30,30,0,60
2022-06-11T06:11:02,30,30,0,60
2022-06-11T06:21:28,30,30,0,60
2022-06-11T06:31:55,30,30,0,60
2022-06-11T06:42:21,30,30,0,60
2022-06-11T06:52:47,30,30,0,60
2022-06-11T07:03:14,30,30,0,60
2022-06-11T07:13:40,30,30,0,60
2022-06-11T07:24:07,30,30,0,60
2022-06-11T07:34:33,30,30,0,60
2022-06-11T07:45:00,30,30,0,60
2022-06-11T07:55:27,30,30,0,60
2022-06-11T08:05:54,30,30,0,60
2022-06-11T08:16:20,30,30,0,60
2022-06-11T08:26:47,30,30,0,60
2022-06-11T08:37:13,30,30,0,60
2022-06-11T08:47:40,30,30,0,60
2022-06-11T08:58:06,30,30,0,60
2022-06-11T09:08:33,30,30,0,60
2022-06-11T09:18:59,30,30,0,60
2022-06-11T09:29:26,30,30,0,60
2022-06-11T09:39:52,30,30,0,60
2022-06-11T09:50:19,30,30,0,60
2022-06-11T10:00:45,30,30,0,60
2022-06-11T10:11:14,30,30,0,60
2022-06-11T10:21:40,30,30,0,60
2022-06-11T10:32:14,30,30,0,60
2022-06-11T10:42:39,30,30,0,60
2022-06-11T10:53:05,30,30,0,60
2022-06-11T11:03:32,30,30,0,60
2022-06-11T11:13:58,30,30,0,60
2022-06-11T11:24:24,30,30,0,60
2022-06-11T11:34:50,30,30,0,60
2022-06-11T11:45:14,30,30,0,60
2022-06-11T11:55:39,30,30,0,60
2022-06-11T12:06:04,30,30,0,60
2022-06-11T12:16:30,30,30,0,60
2022-06-11T12:26:54,30,30,0,60
2022-06-11T12:37:31,30,30,0,60
2022-06-11T12:47:56,30,30,0,60
2022-06-11T12:58:20,30,30,0,60
2022-06-11T13:08:45,30,30,0,60
2022-06-11T13:19:09,30,30,0,60
2022-06-11T13:29:34,30,30,0,60
2022-06-11T13:39:59,30,30,0,60
2022-06-11T13:50:23,30,30,0,60
2022-06-11T14:00:48,30,30,0,60
2022-06-11T14:11:13,30,30,0,60
2022-06-11T14:21:37,30,30,0,60
2022-06-11T14:32:02,30,30,0,60
2022-06-11T14:42:26,30,30,0,60
2022-06-11T14:52:59,30,30,0,60
2022-06-11T15:03:23,30,30,0,60
2022-06-11T15:13:47,30,30,0,60
2022-06-11T15:24:12,30,30,0,60
2022-06-11T15:34:36,30,30,0,60
2022-06-11T15:45:00,30,30,0,60
2022-06-11T15:55:25,30,30,0,60
2022-06-11T16:05:49,30,30,0,60
2022-06-11T16:16:13,30,30,0,60
2022-06-11T16:26:47,30,30,0,60
2022-06-11T16:37:12,30,30,0,60
2022-06-11T16:47:36,30,30,0,60
2022-06-11T16:58:00,30,30,0,60
2022-06-11T17:08:25,30,30,0,60
2022-06-11T17:18:50,30,30,0,60
2022-06-11T17:29:14,30,30,0,60
2022-06-11T17:39:38,30,30,0,60
2022-06-11T17:50:13,30,30,0,60
2022-06-11T18:00:37,30,30,0,60
2022-06-11T18:11:01,30,30,0,60
2022-06-11T18:21:26,30,30,0,60
2022-06-11T18:31:50,30,30,0,60
2022-06-11T18:42:14,30,30,0,60
2022-06-11T18:52:38,30,30,0,60
2022-06-11T19:03:02,30,30,0,60
2022-06-11T19:13:38,30,30,0,60
2022-06-11T19:24:02,30,30,0,60
2022-06-11T19:34:26,30,30,0,60
2022-06-11T19:44:50,30,30,0,60
2022-06-11T19:55:15,30,30,0,60
2022-06-11T20:05:39,30,30,0,60
2022-06-11T20:16:03,30,30,0,60
2022-06-11T20:26:27,30,30,0,60
2022-06-11T20:36:51,30,30,0,60
2022-06-11T20:47:15,30,30,0,60
2022-06-11T20:57:49,30,30,0,60
2022-06-11T21:08:13,30,30,0,60
2022-06-11T21:18:37,30,30,0,60
2022-06-11T21:29:01,30,30,0,60
2022-06-11T21:39:25,30,30,0,60
2022-06-11T21:49:50,30,30,0,60
2022-06-11T22:00:14,30,30,0,60
2022-06-11T22:10:45,30,30,0,60
2022-06-11T22:21:17,30,30,0,60
2022-06-11T22:31:46,30,30,0,60
2022-06-11T22:42:24,30,30,0,60
2022-06-11T22:52:53,30,30,0,60
2022-06-11T23:03:23,30,30,0,60
2022-06-11T23:13:56,30,30,0,60
2022-06-11T23:24:28,30,30,0,60
2022-06-11T23:34:59,30,30,0,60
2022-06-11T23:45:31,30,30,0,60
2022-06-11T23:56:01,30,30,0,60
2022-06-12T00:06:34,30,30,0,60
2022-06-12T00:17:10,30,30,0,60
2022-06-12T00:27:42,30,30,0,60
2022-06-12T00:38:15,30,30,0,60
2022-06-12T00:48:58,30,30,0,60
2022-06-12T00:59:30,30,30,0,60
2022-06-12T01:10:03,30,30,0,60
2022-06-12T01:20:33,30,30,0,60
2022-06-12T01:31:01,30,30,0,60
2022-06-12T01:41:30,30,30,0,60
2022-06-12T01:51:55,30,30,0,60
2022-06-12T02:02:35,30,30,0,60
2022-06-12T02:13:01,30,30,0,60
2022-06-12T02:23:26,30,30,0,60
2022-06-12T02:33:51,30,30,0,60
2022-06-12T02:44:16,30,30,0,60
2022-06-12T02:54:50,30,30,0,60
2022-06-12T03:05:15,30,30,0,60
2022-06-12T03:15:39,30,30,0,60
2022-06-12T03:26:04,30,30,0,60
2022-06-12T03:36:28,30,30,0,60
2022-06-12T03:46:54,30,30,0,60
2022-06-12T03:57:20,30,30,0,60
2022-06-12T04:16:52,30,30,0,60
2022-06-12T04:27:43,30,30,0,60
2022-06-12T04:38:11,30,30,0,60
2022-06-12T04:48:38,30,30,0,60
2022-06-12T04:59:04,30,30,0,60
2022-06-12T05:09:31,30,30,0,60
2022-06-12T05:19:58,30,30,0,60
2022-06-12T05:30:24,30,30,0,60
2022-06-12T05:40:50,30,30,0,60
2022-06-12T05:51:16,30,30,0,60
2022-06-12T06:01:44,30,30,0,60
2022-06-12T06:12:09,30,30,0,60
2022-06-12T06:22:35,30,30,0,60
2022-06-12T06:33:00,30,30,0,60
2022-06-12T06:43:25,30,30,0,60
2022-06-12T06:54:04,30,30,0,60
2022-06-12T07:04:28,30,30,0,60
2022-06-12T07:14:53,30,30,0,60
2022-06-12T07:25:17,30,30,0,60
2022-06-12T07:35:42,30,30,0,60
2022-06-12T07:46:06,30,30,0,60
2022-06-12T07:56:31,30,30,0,60
2022-06-12T08:06:55,30,30,0,60
2022-06-12T08:17:19,30,30,0,60
2022-06-12T08:27:44,30,30,0,60
2022-06-12T08:38:21,30,30,0,60
2022-06-12T08:48:45,30,30,0,60
2022-06-12T08:59:10,30,30,0,60
2022-06-12T09:09:36,30,30,0,60
2022-06-12T09:20:00,30,30,0,60
2022-06-12T09:30:25,30,30,0,60
2022-06-12T09:40:52,30,30,0,60
2022-06-12T09:51:18,30,30,0,60
2022-06-12T10:01:45,30,30,0,60
2022-06-12T10:12:20,30,30,0,60
2022-06-12T10:22:46,30,30,0,60
2022-06-12T10:33:12,30,30,0,60
2022-06-12T10:43:38,30,30,0,60
2022-06-12T10:54:05,30,30,0,60
2022-06-12T11:04:32,30,30,0,60
2022-06-12T11:14:57,30,30,0,60
2022-06-12T11:25:22,30,30,0,60
2022-06-12T11:35:58,30,30,0,60
2022-06-12T11:46:22,30,30,0,60
2022-06-12T11:56:47,30,30,0,60
2022-06-12T12:07:11,30,30,0,60
2022-06-12T12:17:36,30,30,0,60
2022-06-12T12:28:01,30,30,0,60
2022-06-12T12:38:26,30,30,0,60
2022-06-12T12:49:09,30,30,0,60
2022-06-12T12:59:33,30,30,0,60
2022-06-12T13:09:58,30,30,0,60
2022-06-12T13:20:22,30,30,0,60
2022-06-12T13:30:47,30,30,0,60
2022-06-12T13:41:12,30,30,0,60
2022-06-12T13:51:36,30,30,0,60
2022-06-12T14:02:00,30,30,0,60
2022-06-12T14:12:36,30,30,0,60
2022-06-12T14:23:00,30,30,0,60
2022-06-12T14:33:24,30,30,0,60
2022-06-12T14:43:49,30,30,0,60
2022-06-12T14:54:13,30,30,0,60
2022-06-12T15:04:37,30,30,0,60
2022-06-12T15:15:02,30,30,0,60
2022-06-12T15:25:37,30,30,0,60
2022-06-12T15:36:02,30,30,0,60
2022-06-12T15:46:27,30,30,0,60
2022-06-12T15:56:51,30,30,0,60
2022-06-12T16:07:16,30,30,0,60
2022-06-12T16:18:02,30,30,0,60
2022-06-12T16:28:26,30,30,0,60
2022-06-12T16:38:51,30,30,0,60
2022-06-12T16:49:16,30,30,0,60
2022-06-12T16:59:40,30,30,0,60
2022-06-12T17:10:23,30,30,0,60
2022-06-12T17:20:48,30,30,0,60
2022-06-12T17:31:13,30,30,0,60
2022-06-12T17:41:38,30,30,0,60
2022-06-12T17:52:02,30,30,0,60
2022-06-12T18:02:26,30,30,0,60
2022-06-12T18:13:02,30,30,0,60
2022-06-12T18:23:26,30,30,0,60
2022-06-12T18:33:51,30,30,0,60
2022-06-12T18:44:16,30,30,0,60
2022-06-12T18:54:40,30,30,0,60
2022-06-12T19:05:05,30,30,0,60
2022-06-12T19:15:29,30,30,0,60
2022-06-12T19:25:54,30,30,0,60
2022-06-12T19:36:29,30,30,0,60
2022-06-12T19:46:53,30,30,0,60
2022-06-12T19:57:18,30,30,0,60
2022-06-12T20:07:42,30,30,0,60
2022-06-12T20:18:07,30,30,0,60
2022-06-12T20:28:43,30,30,0,60
2022-06-12T20:39:08,30,30,0,60
2022-06-12T20:49:33,30,30,0,60
2022-06-12T20:59:57,30,30,0,60
2022-06-12T21:10:22,30,30,0,60
2022-06-12T21:20:58,30,30,0,60
2022-06-12T21:31:22,30,30,0,60
2022-06-12T21:41:47,30,30,0,60
2022-06-12T21:52:12,30,30,0,60
2022-06-12T22:02:36,30,30,0,60
2022-06-12T22:13:12,30,30,0,60
2022-06-12T22:23:37,30,30,0,60
2022-06-12T22:34:03,30,30,0,60
2022-06-12T22:44:28,30,30,0,60
2022-06-12T22:54:53,30,30,0,60
2022-06-12T23:05:19,30,30,0,60
2022-06-12T23:15:47,30,30,0,60
2022-06-12T23:26:24,30,30,0,60
2022-06-12T23:36:52,30,30,0,60
2022-06-12T23:47:22,30,30,0,60
2022-06-12T23:57:51,30,30,0,60
2022-06-13T00:08:20,30,30,0,60
2022-06-13T00:18:57,30,30,0,60
2022-06-13T00:29:28,30,30,0,60
2022-06-13T00:40:13,30,30,0,60
2022-06-13T00:50:43,30,30,0,60
2022-06-13T01:01:15,30,30,0,60
2022-06-13T01:11:54,30,30,0,60
2022-06-13T01:22:26,30,30,0,60
2022-06-13T01:33:03,30,30,0,60
2022-06-13T01:43:40,30,30,0,60
2022-06-13T01:54:17,30,30,0,60
2022-06-13T02:05:24,30,30,0,60
2022-06-13T02:16:01,30,30,0,60
2022-06-13T02:26:34,30,30,0,60
2022-06-13T02:37:08,30,30,0,60
2022-06-13T02:47:43,30,30,0,60
2022-06-13T02:58:13,30,30,0,60
2022-06-13T03:08:40,30,30,0,60
2022-06-13T03:19:06,30,30,0,60
2022-06-13T03:29:32,30,30,0,60
2022-06-13T03:39:57,30,30,0,60
2022-06-13T03:50:22,30,30,0,60
2022-06-13T04:03:01,30,30,0,60
2022-06-13T04:22:55,30,30,0,60
2022-06-13T04:33:46,30,30,0,60
2022-06-13T04:44:14,30,30,0,60
2022-06-13T04:54:40,30,30,0,60
2022-06-13T05:05:08,30,30,0,60
2022-06-13T05:15:35,30,30,0,60
2022-06-13T05:26:01,30,30,0,60
2022-06-13T05:36:27,30,30,0,60
2022-06-13T05:46:53,30,30,0,60
2022-06-13T05:57:20,30,30,0,60
2022-06-13T06:07:46,30,30,0,60
2022-06-13T06:18:12,30,30,0,60
2022-06-13T06:28:39,30,30,0,60
2022-06-13T06:39:05,30,30,0,60
2022-06-13T06:49:30,30,30,0,60
2022-06-13T06:59:55,30,30,0,60
2022-06-13T07:10:24,30,30,0,60
2022-06-13T07:20:49,30,30,0,60
2022-06-13T07:31:14,30,30,0,60
2022-06-13T07:41:40,30,30,0,60
2022-06-13T07:52:04,30,30,0,60
2022-06-13T08:02:40,30,30,0,60
2022-06-13T08:13:06,30,30,0,60
2022-06-13T08:23:33,30,30,0,60
2022-06-13T08:33:59,30,30,0,60
2022-06-13T08:44:25,30,30,0,60
2022-06-13T08:54:52,30,30,0,60
2022-06-13T09:05:20,30,30,0,60
2022-06-13T09:15:46,30,30,0,60
2022-06-13T09:26:25,30,30,0,60
2022-06-13T09:36:53,30,30,0,60
2022-06-13T09:47:22,30,30,0,60
2022-06-13T09:57:50,30,30,0,60
2022-06-13T10:08:20,30,30,0,60
2022-06-13T10:18:48,30,30,0,60
2022-06-13T10:29:26,30,30,0,60
2022-06-13T10:39:54,30,30,0,60
2022-06-13T10:50:21,30,30,0,60
2022-06-13T11:00:49,30,30,0,60
2022-06-13T11:11:19,30,30,0,60
2022-06-13T11:21:47,30,30,0,60
2022-06-13T11:32:25,30,30,0,60
2022-06-13T11:42:53,30,30,0,60
2022-06-13T11:53:21,30,30,0,60
2022-06-13T12:03:51,30,30,0,60
2022-06-13T12:14:18,30,30,0,60
2022-06-13T12:24:56,30,30,0,60
2022-06-13T12:35:23,30,30,0,60
2022-06-13T12:45:50,30,30,0,60
2022-06-13T12:56:20,30,30,0,60
2022-06-13T13:06:48,30,30,0,60
2022-06-13T13:17:28,30,30,0,60
2022-06-13T13:27:55,30,30,0,60
2022-06-13T13:38:23,30,30,0,60
2022-06-13T13:48:53,30,30,0,60
2022-06-13T13:59:25,30,30,0,60
2022-06-13T14:09:55,30,30,0,60
2022-06-13T14:20:37,30,30,0,60
2022-06-13T14:31:10,30,30,0,60
2022-06-13T14:41:45,30,30,0,60
2022-06-13T14:52:16,30,30,0,60
2022-06-13T15:02:50,30,30,0,60
2022-06-13T15:13:23,30,30,0,60
2022-06-13T15:23:55,30,30,0,60
2022-06-13T15:34:43,30,30,0,60
2022-06-13T15:45:18,30,30,0,60
2022-06-13T15:55:53,30,30,0,60
2022-06-13T16:06:26,30,30,0,60
2022-06-13T16:16:55,30,30,0,60
2022-06-13T16:27:43,30,30,0,60
2022-06-13T16:38:15,30,30,0,60
2022-06-13T16:48:49,30,30,0,60
2022-06-13T16:59:23,30,30,0,60
2022-06-13T17:09:56,30,30,0,60
2022-06-13T17:20:41,30,30,0,60
2022-06-13T17:31:15,30,30,0,60
2022-06-13T17:41:47,30,30,0,60
2022-06-13T17:52:20,30,30,0,60
2022-06-13T18:02:49,30,30,0,60
2022-06-13T18:13:30,30,30,0,60
2022-06-13T18:23:58,30,30,0,60
2022-06-13T18:34:23,30,30,0,60
2022-06-13T18:44:52,30,30,0,60
2022-06-13T18:55:18,30,30,0,60
2022-06-13T19:05:57,30,30,0,60
2022-06-13T19:16:23,30,30,0,60
2022-06-13T19:26:52,30,30,0,60
2022-06-13T19:37:18,30,30,0,60
2022-06-13T19:47:56,30,30,0,60
2022-06-13T19:58:22,30,30,0,60
2022-06-13T20:08:47,30,30,0,60
2022-06-13T20:19:13,30,30,0,60
2022-06-13T20:29:41,30,30,0,60
2022-06-13T20:40:07,30,30,0,60
2022-06-13T20:50:44,30,30,0,60
2022-06-13T21:01:11,30,30,0,60
2022-06-13T21:11:40,30,30,0,60
2022-06-13T21:22:06,30,30,0,60
2022-06-13T21:32:44,30,30,0,60
2022-06-13T21:43:10,30,30,0,60
2022-06-13T21:53:36,30,30,0,60
2022-06-13T22:04:05,30,30,0,60
2022-06-13T22:14:31,30,30,0,60
2022-06-13T22:25:10,30,30,0,60
2022-06-13T22:35:37,30,30,0,60
2022-06-13T22:46:03,30,30,0,60
2022-06-13T22:56:28,30,30,0,60
2022-06-13T23:06:57,30,30,0,60
2022-06-13T23:17:23,30,30,0,60
2022-06-13T23:28:01,30,30,0,60
2022-06-13T23:38:28,30,30,0,60
2022-06-13T23:48:54,30,30,0,60
2022-06-13T23:59:19,30,30,0,60
2022-06-14T00:09:49,30,30,0,60
2022-06-14T00:20:19,30,30,0,60
2022-06-14T00:31:01,30,30,0,60
2022-06-14T00:41:29,30,30,0,60
2022-06-14T00:51:56,30,30,0,60
2022-06-14T01:02:24,30,30,0,60
2022-06-14T01:12:54,30,30,0,60
2022-06-14T01:23:22,30,30,0,60
2022-06-14T01:34:04,30,30,0,60
2022-06-14T01:44:31,30,30,0,60
2022-06-14T01:54:58,30,30,0,60
2022-06-14T02:05:26,30,30,0,60
2022-06-14T02:15:52,30,30,0,60
2022-06-14T02:26:17,30,30,0,60
2022-06-14T02:36:42,30,30,0,60
2022-06-14T02:47:10,30,30,0,60
2022-06-14T02:57:34,30,30,0,60
2022-06-14T03:07:59,30,30,0,60
2022-06-14T03:18:24,30,30,0,60
2022-06-14T03:28:48,30,30,0,60
2022-06-14T03:39:25,30,30,0,60
2022-06-14T03:49:50,30,30,0,60
2022-06-14T04:00:16,30,30,0,60
2022-06-14T04:22:52,30,30,0,60
2022-06-14T04:33:45,30,30,0,60
2022-06-14T04:44:15,30,30,0,60
2022-06-14T04:54:43,30,30,0,60
2022-06-14T05:05:11,30,30,0,60
2022-06-14T05:15:39,30,30,0,60
2022-06-14T05:26:06,30,30,0,60
2022-06-14T05:36:32,30,30,0,60
2022-06-14T05:47:01,30,30,0,60
2022-06-14T05:57:27,30,30,0,60
2022-06-14T06:07:54,30,30,0,60
2022-06-14T06:18:21,30,30,0,60
2022-06-14T06:28:57,30,30,0,60
2022-06-14T06:39:24,30,30,0,60
2022-06-14T06:49:50,30,30,0,60
2022-06-14T07:00:17,30,30,0,60
2022-06-14T07:10:47,30,30,0,60
2022-06-14T07:21:13,30,30,0,60
2022-06-14T07:31:40,30,30,0,60
2022-06-14T07:42:09,30,30,0,60
2022-06-14T07:52:47,30,30,0,60
2022-06-14T08:03:14,30,30,0,60
2022-06-14T08:13:41,30,30,0,60
2022-06-14T08:24:09,30,30,0,60
2022-06-14T08:34:36,30,30,0,60
2022-06-14T08:45:04,30,30,0,60
2022-06-14T08:55:42,30,30,0,60
2022-06-14T09:06:11,30,30,0,60
2022-06-14T09:16:42,30,30,0,60
2022-06-14T09:27:12,30,30,0,60
2022-06-14T09:37:42,30,30,0,60
2022-06-14T09:48:23,30,30,0,60
2022-06-14T09:58:53,30,30,0,60
2022-06-14T10:09:23,30,30,0,60
2022-06-14T10:19:54,30,30,0,60
2022-06-14T10:30:23,30,30,0,60
2022-06-14T10:41:05,30,30,0,60
2022-06-14T10:51:34,30,30,0,60
2022-06-14T11:02:03,30,30,0,60
2022-06-14T11:12:31,30,30,0,60
2022-06-14T11:23:13,30,30,0,60
2022-06-14T11:33:42,30,30,0,60
2022-06-14T11:44:11,30,30,0,60
2022-06-14T11:54:41,30,30,0,60
2022-06-14T12:05:22,30,30,0,60
2022-06-14T12:15:51,30,30,0,60
2022-06-14T12:26:20,30,30,0,60
2022-06-14T12:36:49,30,30,0,60
2022-06-14T12:47:28,30,30,0,60
2022-06-14T12:57:57,30,30,0,60
2022-06-14T13:08:26,30,30,0,60
2022-06-14T13:19:06,30,30,0,60
2022-06-14T13:29:35,30,30,0,60
2022-06-14T13:40:03,30,30,0,60
2022-06-14T13:50:32,30,30,0,60
2022-06-14T14:01:00,30,30,0,60
2022-06-14T14:11:41,30,30,0,60
2022-06-14T14:22:09,30,30,0,60
2022-06-14T14:32:38,30,30,0,60
2022-06-14T14:43:20,30,30,0,60
2022-06-14T14:53:49,30,30,0,60
2022-06-14T15:04:17,30,30,0,60
2022-06-14T15:14:45,30,30,0,60
2022-06-14T15:25:26,30,30,0,60
2022-06-14T15:35:55,30,30,0,60
2022-06-14T15:46:23,30,30,0,60
2022-06-14T15:57:02,30,30,0,60
2022-06-14T16:07:30,30,30,0,60
2022-06-14T16:17:58,30,30,0,60
2022-06-14T16:28:25,30,30,0,60
2022-06-14T16:39:03,30,30,0,60
2022-06-14T16:49:29,30,30,0,60
2022-06-14T16:59:57,30,30,0,60
2022-06-14T17:10:24,30,30,0,60
2022-06-14T17:21:03,30,30,0,60
2022-06-14T17:31:30,30,30,0,60
2022-06-14T17:41:57,30,30,0,60
2022-06-14T17:52:23,30,30,0,60
2022-06-14T18:02:50,30,30,0,60
2022-06-14T18:13:30,30,30,0,60
2022-06-14T18:23:57,30,30,0,60
2022-06-14T18:34:25,30,30,0,60
2022-06-14T18:44:53,29,31,0,60
2022-06-14T18:55:20,29,31,0,60
2022-06-14T19:06:00,29,31,0,60
2022-06-14T19:16:27,29,31,0,60
2022-06-14T19:26:54,29,31,0,60
2022-06-14T19:37:21,29,31,0,60
2022-06-14T19:47:59,29,31,0,60
2022-06-14T19:58:25,29,31,0,60
2022-06-14T20:08:52,29,31,0,60
2022-06-14T20:19:19,29,31,0,60
2022-06-14T20:29:59,29,31,0,60
2022-06-14T20:40:25,29,31,0,60
2022-06-14T20:50:52,29,31,0,60
2022-06-14T21:01:30,29,31,0,60
2022-06-14T21:11:57,29,31,0,60
2022-06-14T21:22:24,29,31,0,60
2022-06-14T21:32:51,29,31,0,60
2022-06-14T21:43:30,29,31,0,60
2022-06-14T21:53:56,29,31,0,60
2022-06-14T22:04:22,29,31,0,60
2022-06-14T22:14:49,29,31,0,60
2022-06-14T22:25:27,29,31,0,60
2022-06-14T22:35:54,29,31,0,60
2022-06-14T22:46:21,29,31,0,60
2022-06-14T22:56:47,29,31,0,60
2022-06-14T23:07:27,29,31,0,60
2022-06-14T23:17:54,29,31,0,60
2022-06-14T23:28:21,29,31,0,60
2022-06-14T23:38:47,29,31,0,60
2022-06-14T23:49:25,29,31,0,60
2022-06-14T23:59:51,29,31,0,60
2022-06-15T00:10:23,29,31,0,60
2022-06-15T00:20:55,29,31,0,60
2022-06-15T00:31:24,29,31,0,60
2022-06-15T00:42:05,29,31,0,60
2022-06-15T00:52:34,29,31,0,60
2022-06-15T01:03:03,29,31,0,60
2022-06-15T01:13:33,29,31,0,60
2022-06-15T01:24:02,29,31,0,60
2022-06-15T01:34:30,29,31,0,60
2022-06-15T01:45:10,29,31,0,60
2022-06-15T01:55:38,29,31,0,60
2022-06-15T02:06:08,29,31,0,60
2022-06-15T02:16:35,29,31,0,60
2022-06-15T02:27:01,29,31,0,60
2022-06-15T02:37:27,29,31,0,60
2022-06-15T02:48:06,29,31,0,60
2022-06-15T02:58:32,29,31,0,60
2022-06-15T03:09:02,29,31,0,60
2022-06-15T03:19:32,29,31,0,60
2022-06-15T03:30:03,29,31,0,60
2022-06-15T03:40:33,29,31,0,60
2022-06-15T03:51:04,29,31,0,60
2022-06-15T04:01:39,29,31,0,60
2022-06-15T04:21:45,29,31,0,60
2022-06-15T04:32:48,29,31,0,60
2022-06-15T04:43:26,29,31,0,60
2022-06-15T04:54:01,29,31,0,60
2022-06-15T05:04:34,29,31,0,60
2022-06-15T05:15:04,29,31,0,60
2022-06-15T05:25:44,29,31,0,60
2022-06-15T05:36:20,29,31,0,60
2022-06-15T05:46:58,29,31,0,60
2022-06-15T05:57:34,29,31,0,60
2022-06-15T06:08:10,29,31,0,60
2022-06-15T06:18:45,29,31,0,60
2022-06-15T06:29:19,29,31,0,60
2022-06-15T06:40:06,29,31,0,60
2022-06-15T06:50:40,29,31,0,60
2022-06-15T07:01:12,29,31,0,60
2022-06-15T07:11:43,29,31,0,60
2022-06-15T07:22:13,29,31,0,60
2022-06-15T07:32:41,29,31,0,60
2022-06-15T07:43:09,29,31,0,60
2022-06-15T07:53:37,29,31,0,60
2022-06-15T08:04:17,29,31,0,60
2022-06-15T08:14:49,29,31,0,60
2022-06-15T08:25:17,29,31,0,60
2022-06-15T08:35:47,29,31,0,60
2022-06-15T08:46:18,29,31,0,60
2022-06-15T08:56:46,29,31,0,60
2022-06-15T09:07:29,29,31,0,60
2022-06-15T09:17:59,29,31,0,60
2022-06-15T09:28:28,29,31,0,60
2022-06-15T09:38:57,29,31,0,60
2022-06-15T09:49:26,29,31,0,60
2022-06-15T10:00:06,29,31,0,60
2022-06-15T10:10:36,29,31,0,60
2022-06-15T10:21:04,29,31,0,60
2022-06-15T10:31:32,29,31,0,60
2022-06-15T10:42:01,29,31,0,60
2022-06-15T10:52:42,29,31,0,60
2022-06-15T11:03:10,29,31,0,60
2022-06-15T11:13:40,29,31,0,60
2022-06-15T11:24:09,29,31,0,60
2022-06-15T11:34:51,29,31,0,60
2022-06-15T11:45:22,29,31,0,60
2022-06-15T11:55:51,29,31,0,60
2022-06-15T12:06:20,29,31,0,60
2022-06-15T12:17:00,29,31,0,60
2022-06-15T12:27:27,29,31,0,60
2022-06-15T12:37:55,29,31,0,60
2022-06-15T12:48:23,29,31,0,60
2022-06-15T12:58:51,29,31,0,60
2022-06-15T13:09:32,29,31,0,60
2022-06-15T13:20:00,29,31,0,60
2022-06-15T13:30:30,29,31,0,60
2022-06-15T13:41:00,29,31,0,60
2022-06-15T13:51:43,29,31,0,60
2022-06-15T14:02:13,29,31,0,60
2022-06-15T14:12:42,29,31,0,60
2022-06-15T14:23:14,29,31,0,60
2022-06-15T14:33:45,29,31,0,60
2022-06-15T14:44:14,29,31,0,60
2022-06-15T14:54:56,29,31,0,60
2022-06-15T15:05:25,29,31,0,60
2022-06-15T15:15:53,29,31,0,60
2022-06-15T15:26:21,29,31,0,60
2022-06-15T15:36:48,29,31,0,60
2022-06-15T15:47:28,29,31,0,60
2022-06-15T15:57:55,29,31,0,60
2022-06-15T16:08:22,29,31,0,60
2022-06-15T16:18:50,29,31,0,60
2022-06-15T16:29:17,29,31,0,60
2022-06-15T16:39:44,29,31,0,60
2022-06-15T16:50:23,29,31,0,60
2022-06-15T17:00:50,29,31,0,60
2022-06-15T17:11:17,29,31,0,60
2022-06-15T17:21:44,29,31,0,60
2022-06-15T17:32:10,29,31,0,60
2022-06-15T17:42:37,29,31,0,60
2022-06-15T17:53:15,29,31,0,60
2022-06-15T18:03:41,29,31,0,60
2022-06-15T18:14:08,29,31,0,60
2022-06-15T18:24:38,29,31,0,60
2022-06-15T18:35:04,29,31,0,60
2022-06-15T18:45:29,29,31,0,60
2022-06-15T18:56:09,29,31,0,60
2022-06-15T19:06:39,29,31,0,60
2022-06-15T19:17:08,29,31,0,60
2022-06-15T19:27:38,29,31,0,60
2022-06-15T19:38:10,29,31,0,60
2022-06-15T19:48:42,29,31,0,60
2022-06-15T19:59:27,29,31,0,60
2022-06-15T20:10:03,29,31,0,60
2022-06-15T20:20:36,29,31,0,60
2022-06-15T20:31:08,29,31,0,60
2022-06-15T20:41:43,29,31,0,60
2022-06-15T20:52:15,29,31,0,60
2022-06-15T21:02:58,29,31,0,60
2022-06-15T21:13:34,29,31,0,60
2022-06-15T21:24:08,29,31,0,60
2022-06-15T21:34:42,29,31,0,60
2022-06-15T21:45:28,29,31,0,60
2022-06-15T21:56:02,29,31,0,60
2022-06-15T22:06:36,29,31,0,60
2022-06-15T22:17:10,29,31,0,60
2022-06-15T22:27:57,29,31,0,60
2022-06-15T22:38:29,29,31,0,60
2022-06-15T22:48:59,29,31,0,60
2022-06-15T22:59:28,29,31,0,60
2022-06-15T23:09:56,29,31,0,60
2022-06-15T23:20:36,29,31,0,60
2022-06-15T23:31:02,29,31,0,60
2022-06-15T23:41:29,29,31,0,60
2022-06-15T23:51:54,29,31,0,60
2022-06-16T00:02:20,29,31,0,60
2022-06-16T00:12:48,29,31,0,60
2022-06-16T00:23:17,29,31,0,60
2022-06-16T00:33:57,29,31,0,60
2022-06-16T00:44:25,29,31,0,60
2022-06-16T00:54:53,29,31,0,60
2022-06-16T01:05:21,29,31,0,60
2022-06-16T01:15:48,29,31,0,60
2022-06-16T01:26:14,29,31,0,60
2022-06-16T01:36:40,29,31,0,60
2022-06-16T01:47:06,29,31,0,60
2022-06-16T01:57:48,29,31,0,60
2022-06-16T02:08:15,29,31,0,60
2022-06-16T02:18:42,29,31,0,60
2022-06-16T02:29:08,29,31,0,60
2022-06-16T02:39:34,29,31,0,60
2022-06-16T02:50:00,29,31,0,60
2022-06-16T03:00:25,29,31,0,60
2022-06-16T03:10:50,29,31,0,60
2022-06-16T03:21:14,29,31,0,60
2022-06-16T03:31:39,29,31,0,60
2022-06-16T03:42:03,29,31,0,60
2022-06-16T03:52:27,29,31,0,60
2022-06-16T04:02:52,29,31,0,60
2022-06-16T04:23:24,29,31,0,60
2022-06-16T04:34:13,29,31,0,60
2022-06-16T04:44:41,29,31,0,60
2022-06-16T04:55:09,29,31,0,60
2022-06-16T05:05:38,29,31,0,60
2022-06-16T05:16:09,29,31,0,60
2022-06-16T05:26:36,29,31,0,60
2022-06-16T05:37:04,29,31,0,60
2022-06-16T05:47:31,29,31,0,60
2022-06-16T05:58:02,29,31,0,60
2022-06-16T06:08:29,29,31,0,60
2022-06-16T06:18:56,29,31,0,60
2022-06-16T06:29:23,29,31,0,60
2022-06-16T06:39:50,29,31,0,60
2022-06-16T06:50:17,29,31,0,60
2022-06-16T07:00:45,29,31,0,60
2022-06-16T07:11:16,29,31,0,60
2022-06-16T07:21:44,29,31,0,60
2022-06-16T07:32:22,29,31,0,60
2022-06-16T07:42:50,29,31,0,60
2022-06-16T07:53:17,29,31,0,60
2022-06-16T08:03:44,29,31,0,60
2022-06-16T08:14:11,29,31,0,60
2022-06-16T08:24:37,29,31,0,60
2022-06-16T08:35:04,29,31,0,60
2022-06-16T08:45:31,29,31,0,60
2022-06-16T08:55:57,29,31,0,60
2022-06-16T09:06:24,29,31,0,60
2022-06-16T09:16:51,29,31,0,60
2022-06-16T09:27:31,29,31,0,60
2022-06-16T09:37:58,29,31,0,60
2022-06-16T09:48:25,29,31,0,60
2022-06-16T09:58:52,29,31,0,60
2022-06-16T10:09:19,29,31,0,60
2022-06-16T10:19:46,29,31,0,60
2022-06-16T10:30:13,29,31,0,60
2022-06-16T10:40:39,29,31,0,60
2022-06-16T10:51:19,29,31,0,60
2022-06-16T11:01:45,29,31,0,60
2022-06-16T11:12:13,29,31,0,60
2022-06-16T11:22:40,29,31,0,60
2022-06-16T11:33:07,29,31,0,60
2022-06-16T11:43:34,29,31,0,60
2022-06-16T11:54:00,29,31,0,60
2022-06-16T12:04:27,29,31,0,60
2022-06-16T12:15:06,29,31,0,60
2022-06-16T12:25:34,29,31,0,60
2022-06-16T12:36:03,29,31,0,60
2022-06-16T12:46:35,29,31,0,60
2022-06-16T12:57:06,29,31,0,60
2022-06-16T13:07:38,29,31,0,60
2022-06-16T13:18:22,29,31,0,60
2022-06-16T13:28:58,29,31,0,60
2022-06-16T13:39:37,29,31,0,60
2022-06-16T13:50:18,29,31,0,60
2022-06-16T14:00:57,29,31,0,60
2022-06-16T14:11:49,29,31,0,60
2022-06-16T14:22:32,29,31,0,60
2022-06-16T14:33:12,29,31,0,60
2022-06-16T14:43:48,29,31,0,60
2022-06-16T14:54:23,29,31,0,60
2022-06-16T15:04:55,29,31,0,60
2022-06-16T15:15:37,29,31,0,60
2022-06-16T15:26:07,29,31,0,60
2022-06-16T15:36:34,29,31,0,60
2022-06-16T15:47:01,29,31,0,60
2022-06-16T15:57:28,29,31,0,60
2022-06-16T16:07:55,29,31,0,60
2022-06-16T16:18:33,29,31,0,60
2022-06-16T16:28:59,29,31,0,60
2022-06-16T16:39:26,29,31,0,60
2022-06-16T16:49:52,29,31,0,60
2022-06-16T17:00:18,29,31,0,60
2022-06-16T17:10:45,29,31,0,60
2022-06-16T17:21:11,29,31,0,60
2022-06-16T17:31:37,29,31,0,60
2022-06-16T17:42:14,29,31,0,60
2022-06-16T17:52:39,29,31,0,60
2022-06-16T18:03:05,29,31,0,60
2022-06-16T18:13:31,29,31,0,60
2022-06-16T18:23:57,29,31,0,60
2022-06-16T18:34:22,29,31,0,60
2022-06-16T18:44:48,29,31,0,60
2022-06-16T18:55:25,29,31,0,60
2022-06-16T19:05:50,29,31,0,60
2022-06-16T19:16:15,29,31,0,60
2022-06-16T19:26:41,29,31,0,60
2022-06-16T19:37:07,29,31,0,60
2022-06-16T19:47:33,29,31,0,60
2022-06-16T19:57:59,29,31,0,60
2022-06-16T20:08:25,29,31,0,60
2022-06-16T20:18:50,29,31,0,60
2022-06-16T20:29:15,29,31,0,60
2022-06-16T20:39:52,29,31,0,60
2022-06-16T20:50:18,29,31,0,60
2022-06-16T21:00:43,29,31,0,60
2022-06-16T21:11:09,29,31,0,60
2022-06-16T21:21:34,29,31,0,60
2022-06-16T21:32:00,29,31,0,60
2022-06-16T21:42:25,29,31,0,60
2022-06-16T21:52:52,29,31,0,60
2022-06-16T22:03:29,29,31,0,60
2022-06-16T22:13:55,29,31,0,60
2022-06-16T22:24:21,29,31,0,60
2022-06-16T22:34:47,29,31,0,60
2022-06-16T22:45:24,29,31,0,60
2022-06-16T22:55:49,29,31,0,60
2022-06-16T23:06:15,29,31,0,60
2022-06-16T23:16:41,29,31,0,60
2022-06-16T23:27:07,29,31,0,60
2022-06-16T23:37:41,29,31,0,60
2022-06-16T23:48:17,29,31,0,60
2022-06-16T23:58:55,29,31,0,60
2022-06-17T00:09:36,29,31,0,60
2022-06-17T00:20:17,29,31,0,60
2022-06-17T00:31:29,29,31,0,60
2022-06-17T00:42:18,29,31,0,60
2022-06-17T00:53:04,29,31,0,60
2022-06-17T01:03:45,29,31,0,60
2022-06-17T01:14:23,29,31,0,60
2022-06-17T01:24:59,29,31,0,60
2022-06-17T01:35:34,29,31,0,60
2022-06-17T01:46:08,29,31,0,60
2022-06-17T01:56:40,29,31,0,60
2022-06-17T02:07:10,29,31,0,60
2022-06-17T02:17:52,29,31,0,60
2022-06-17T02:28:17,29,31,0,60
2022-06-17T02:38:42,29,31,0,60
2022-06-17T02:49:07,29,31,0,60
2022-06-17T02:59:31,29,31,0,60
2022-06-17T03:09:56,29,31,0,60
2022-06-17T03:20:21,29,31,0,60
2022-06-17T03:30:45,29,31,0,60
2022-06-17T03:41:11,29,31,0,60
2022-06-17T03:51:38,29,31,0,60
2022-06-17T04:02:04,29,31,0,60
2022-06-17T04:19:29,29,31,0,60
2022-06-17T04:30:19,29,31,0,60
2022-06-17T04:44:09,29,31,0,60
2022-06-17T04:57:07,29,31,0,60
2022-06-17T05:17:40,29,31,0,60
2022-06-17T05:37:26,29,31,0,60
2022-06-17T05:57:24,29,31,0,60
2022-06-17T06:08:27,29,31,0,60
2022-06-17T06:18:52,29,31,0,60
2022-06-17T06:29:21,29,31,0,60
2022-06-17T06:40:04,29,31,0,60
2022-06-17T06:50:31,29,31,0,60
2022-06-17T07:00:59,29,31,0,60
2022-06-17T07:11:29,29,31,0,60
2022-06-17T07:21:57,29,31,0,60
2022-06-17T07:32:25,29,31,0,60
2022-06-17T07:42:53,29,31,0,60
2022-06-17T07:53:20,29,31,0,60
2022-06-17T08:03:49,29,31,0,60
2022-06-17T08:14:16,29,31,0,60
2022-06-17T08:24:44,29,31,0,60
2022-06-17T08:35:12,29,31,0,60
2022-06-17T08:45:39,29,31,0,60
2022-06-17T08:56:16,29,31,0,60
2022-06-17T09:06:44,29,31,0,60
2022-06-17T09:17:13,29,31,0,60
2022-06-17T09:27:41,29,31,0,60
2022-06-17T09:38:10,29,31,0,60
2022-06-17T09:48:39,29,31,0,60
2022-06-17T09:59:09,29,31,0,60
2022-06-17T10:09:37,29,31,0,60
2022-06-17T10:20:06,29,31,0,60
2022-06-17T10:30:34,29,31,0,60
2022-06-17T10:41:02,29,31,0,60
2022-06-17T10:51:30,29,31,0,60
2022-06-17T11:02:11,29,31,0,60
2022-06-17T11:12:39,29,31,0,60
2022-06-17T11:23:07,29,31,0,60
2022-06-17T11:33:35,29,31,0,60
2022-06-17T11:44:02,29,31,0,60
2022-06-17T11:54:40,29,31,0,60
2022-06-17T12:05:08,29,31,0,60
2022-06-17T12:15:36,29,31,0,60
2022-06-17T12:26:04,29,31,0,60
2022-06-17T12:36:31,29,31,0,60
2022-06-17T12:46:59,29,31,0,60
2022-06-17T12:57:26,29,31,0,60
2022-06-17T13:07:54,29,31,0,60
2022-06-17T13:18:31,29,31,0,60
2022-06-17T13:28:59,29,31,0,60
2022-06-17T13:39:28,29,31,0,60
2022-06-17T13:49:56,29,31,0,60
2022-06-17T14:00:24,29,31,0,60
2022-06-17T14:10:51,29,31,0,60
2022-06-17T14:21:19,29,31,0,60
2022-06-17T14:31:46,29,31,0,60
2022-06-17T14:42:14,29,31,0,60
2022-06-17T14:52:47,29,31,0,60
2022-06-17T15:03:26,29,31,0,60
2022-06-17T15:13:54,29,31,0,60
2022-06-17T15:24:22,29,31,0,60
2022-06-17T15:34:49,29,31,0,60
2022-06-17T15:45:18,29,31,0,60
2022-06-17T15:55:46,29,31,0,60
2022-06-17T16:06:13,29,31,0,60
2022-06-17T16:16:40,29,31,0,60
2022-06-17T16:27:07,29,31,0,60
2022-06-17T16:37:46,29,31,0,60
2022-06-17T16:48:13,29,31,0,60
2022-06-17T16:58:40,29,31,0,60
2022-06-17T17:09:09,29,31,0,60
2022-06-17T17:19:36,29,31,0,60
2022-06-17T17:30:02,29,31,0,60
2022-06-17T17:40:29,29,31,0,60
2022-06-17T17:51:07,29,31,0,60
2022-06-17T18:01:34,29,31,0,60
2022-06-17T18:12:01,29,31,0,60
2022-06-17T18:22:27,29,31,0,60
2022-06-17T18:32:54,29,31,0,60
2022-06-17T18:43:21,29,31,0,60
2022-06-17T18:53:47,29,31,0,60
2022-06-17T19:04:13,29,31,0,60
2022-06-17T19:14:40,29,31,0,60
2022-06-17T19:25:07,29,31,0,60
2022-06-17T19:35:44,29,31,0,60
2022-06-17T19:46:11,29,31,0,60
2022-06-17T19:56:38,29,31,0,60
2022-06-17T20:07:04,29,31,0,60
2022-06-17T20:17:31,29,31,0,60
2022-06-17T20:27:58,29,31,0,60
2022-06-17T20:38:24,29,31,0,60
2022-06-17T20:48:50,29,31,0,60
2022-06-17T20:59:17,29,31,0,60
2022-06-17T21:09:43,29,31,0,60
2022-06-17T21:20:21,29,31,0,60
2022-06-17T21:30:47,29,31,0,60
2022-06-17T21:41:14,29,31,0,60
2022-06-17T21:51:41,29,31,0,60
2022-06-17T22:02:07,29,31,0,60
2022-06-17T22:12:33,29,31,0,60
2022-06-17T22:22:59,29,31,0,60
2022-06-17T22:33:26,29,31,0,60
2022-06-17T22:43:53,29,31,0,60
2022-06-17T22:54:31,29,31,0,60
2022-06-17T23:04:57,29,31,0,60
2022-06-17T23:15:24,29,31,0,60
2022-06-17T23:25:52,29,31,0,60
2022-06-17T23:36:20,29,31,0,60
2022-06-17T23:46:47,29,31,0,60
2022-06-17T23:57:13,29,31,0,60
2022-06-18T00:07:41,29,31,0,60
2022-06-18T00:18:10,29,31,0,60
2022-06-18T00:28:39,29,31,0,60
2022-06-18T00:39:07,29,31,0,60
2022-06-18T00:49:36,29,31,0,60
2022-06-18T01:00:05,29,31,0,60
2022-06-18T01:10:35,29,31,0,60
2022-06-18T01:21:10,29,31,0,60
2022-06-18T01:31:44,29,31,0,60
2022-06-18T01:42:19,29,31,0,60
2022-06-18T01:53:04,29,31,0,60
2022-06-18T02:03:34,29,31,0,60
2022-06-18T02:14:12,29,31,0,60
2022-06-18T02:24:51,29,31,0,60
2022-06-18T02:35:28,29,31,0,60
2022-06-18T02:46:06,29,31,0,60
2022-06-18T02:56:42,29,31,0,60
2022-06-18T03:07:18,29,31,0,60
2022-06-18T03:17:56,29,31,0,60
2022-06-18T03:28:32,29,31,0,60
2022-06-18T03:39:07,29,31,0,60
2022-06-18T03:49:46,29,31,0,60
2022-06-18T04:02:27,29,31,0,60
2022-06-18T04:20:57,29,31,0,60
2022-06-18T04:31:49,29,31,0,60
2022-06-18T04:42:21,29,31,0,60
2022-06-18T04:52:50,29,31,0,60
2022-06-18T05:03:18,29,31,0,60
2022-06-18T05:13:47,29,31,0,60
2022-06-18T05:24:15,29,31,0,60
2022-06-18T05:34:44,29,31,0,60
2022-06-18T05:45:13,29,31,0,60
2022-06-18T05:55:44,29,31,0,60
2022-06-18T06:06:11,29,31,0,60
2022-06-18T06:16:39,29,31,0,60
2022-06-18T06:27:08,29,31,0,60
2022-06-18T06:37:35,29,31,0,60
2022-06-18T06:48:03,29,31,0,60
2022-06-18T06:58:39,29,31,0,60
2022-06-18T07:09:08,29,31,0,60
2022-06-18T07:19:36,29,31,0,60
2022-06-18T07:30:04,29,31,0,60
2022-06-18T07:40:32,29,31,0,60
2022-06-18T07:51:00,29,31,0,60
2022-06-18T08:01:28,29,31,0,60
2022-06-18T08:11:56,29,31,0,60
2022-06-18T08:22:25,29,31,0,60
2022-06-18T08:32:52,29,31,0,60
2022-06-18T08:43:19,29,31,0,60
2022-06-18T08:53:59,29,31,0,60
2022-06-18T09:04:27,29,31,0,60
2022-06-18T09:14:54,29,31,0,60
2022-06-18T09:25:21,29,31,0,60
2022-06-18T09:35:48,29,31,0,60
2022-06-18T09:46:16,29,31,0,60
2022-06-18T09:56:44,29,31,0,60
2022-06-18T10:07:10,29,31,0,60
2022-06-18T10:17:36,29,31,0,60
2022-06-18T10:28:02,29,31,0,60
2022-06-18T10:38:38,29,31,0,60
2022-06-18T10:49:18,29,31,0,60
2022-06-18T10:59:45,29,31,0,60
2022-06-18T11:10:12,29,31,0,60
2022-06-18T11:20:38,29,31,0,60
2022-06-18T11:31:04,29,31,0,60
2022-06-18T11:41:30,29,31,0,60
2022-06-18T11:51:55,29,31,0,60
2022-06-18T12:02:21,29,31,0,60
2022-06-18T12:12:48,29,31,0,60
2022-06-18T12:23:25,29,31,0,60
2022-06-18T12:33:51,29,31,0,60
2022-06-18T12:44:17,29,31,0,60
2022-06-18T12:54:43,29,31,0,60
2022-06-18T13:05:09,29,31,0,60
2022-06-18T13:15:35,29,31,0,60
2022-06-18T13:26:01,29,31,0,60
2022-06-18T13:36:27,29,31,0,60
2022-06-18T13:46:53,29,31,0,60
2022-06-18T13:57:19,29,31,0,60
2022-06-18T14:07:51,29,31,0,60
2022-06-18T14:18:29,29,31,0,60
2022-06-18T14:28:54,29,31,0,60
2022-06-18T14:39:20,29,31,0,60
2022-06-18T14:49:45,29,31,0,60
2022-06-18T15:00:11,29,31,0,60
2022-06-18T15:10:36,29,31,0,60
2022-06-18T15:21:02,29,31,0,60
2022-06-18T15:31:28,29,31,0,60
2022-06-18T15:41:53,29,31,0,60
2022-06-18T15:52:19,29,31,0,60
2022-06-18T16:02:46,29,31,0,60
2022-06-18T16:13:11,29,31,0,60
2022-06-18T16:23:47,29,31,0,60
2022-06-18T16:34:13,29,31,0,60
2022-06-18T16:44:39,29,31,0,60
2022-06-18T16:55:04,29,31,0,60
2022-06-18T17:05:30,29,31,0,60
2022-06-18T17:15:56,29,31,0,60
2022-06-18T17:26:22,29,31,0,60
2022-06-18T17:36:47,29,31,0,60
2022-06-18T17:47:13,29,31,0,60
2022-06-18T17:57:39,29,31,0,60
2022-06-18T18:08:05,29,31,0,60
2022-06-18T18:18:41,29,31,0,60
2022-06-18T18:29:07,29,31,0,60
2022-06-18T18:39:34,29,31,0,60
2022-06-18T18:49:59,29,31,0,60
2022-06-18T19:00:25,29,31,0,60
2022-06-18T19:10:51,29,31,0,60
2022-06-18T19:21:19,29,31,0,60
2022-06-18T19:31:50,29,31,0,60
2022-06-18T19:42:22,29,31,0,60
2022-06-18T19:52:54,29,31,0,60
2022-06-18T20:03:26,29,31,0,60
2022-06-18T20:14:02,29,31,0,60
2022-06-18T20:24:37,29,31,0,60
2022-06-18T20:35:09,29,31,0,60
2022-06-18T20:45:51,29,31,0,60
2022-06-18T20:56:25,29,31,0,60
2022-06-18T21:06:54,29,31,0,60
2022-06-18T21:17:24,29,31,0,60
2022-06-18T21:27:57,29,31,0,60
2022-06-18T21:38:28,29,31,0,60
2022-06-18T21:49:03,29,31,0,60
2022-06-18T21:59:35,29,31,0,60
2022-06-18T22:10:07,29,31,0,60
2022-06-18T22:20:40,29,31,0,60
2022-06-18T22:31:13,29,31,0,60
2022-06-18T22:41:58,29,31,0,60
2022-06-18T22:52:28,29,31,0,60
2022-06-18T23:02:58,29,31,0,60
2022-06-18T23:13:28,29,31,0,60
2022-06-18T23:23:54,29,31,0,60
2022-06-18T23:34:20,29,31,0,60
2022-06-18T23:44:46,29,31,0,60
2022-06-18T23:55:12,29,31,0,60
2022-06-19T00:05:38,29,31,0,60
2022-06-19T02:23:18,29,31,0,60
2022-06-19T02:33:49,29,31,0,60
2022-06-19T02:44:18,29,31,0,60
2022-06-19T06:51:06,29,31,0,60
2022-06-19T07:01:39,29,31,0,60
2022-06-19T07:12:07,29,31,0,60
2022-06-19T07:22:34,29,31,0,60
2022-06-19T07:33:12,29,31,0,60
2022-06-19T07:43:40,29,31,0,60
2022-06-19T07:54:08,29,31,0,60
2022-06-19T08:04:35,29,31,0,60
2022-06-19T08:15:02,29,31,0,60
2022-06-19T08:25:28,29,31,0,60
2022-06-19T08:35:54,29,31,0,60
2022-06-19T08:46:20,29,31,0,60
2022-06-19T08:56:46,29,31,0,60
2022-06-19T09:07:12,29,31,0,60
2022-06-19T09:17:38,29,31,0,60
2022-06-19T09:28:04,29,31,0,60
2022-06-19T09:38:31,29,31,0,60
2022-06-19T09:48:57,29,31,0,60
2022-06-19T09:59:24,29,31,0,60
2022-06-19T10:09:51,29,31,0,60
2022-06-19T10:20:17,29,31,0,60
2022-06-19T10:30:53,29,31,0,60
2022-06-19T10:41:20,29,31,0,60
2022-06-19T10:51:48,29,31,0,60
2022-06-19T11:02:17,29,31,0,60
2022-06-19T11:12:44,29,31,0,60
2022-06-19T11:23:11,29,31,0,60
2022-06-19T11:33:37,29,31,0,60
2022-06-19T11:44:04,29,31,0,60
2022-06-19T11:54:30,29,31,0,60
2022-06-19T12:04:56,29,31,0,60
2022-06-19T12:15:22,29,31,0,60
2022-06-19T12:26:00,29,31,0,60
2022-06-19T12:36:25,29,31,0,60
2022-06-19T12:46:51,29,31,0,60
2022-06-19T12:57:17,29,31,0,60
2022-06-19T13:07:46,29,31,0,60
2022-06-19T13:18:15,29,31,0,60
2022-06-19T13:28:46,29,31,0,60
2022-06-19T13:39:17,29,31,0,60
2022-06-19T13:49:51,29,31,0,60
2022-06-19T14:00:21,29,31,0,60
2022-06-19T14:10:53,29,31,0,60
2022-06-19T14:21:29,29,31,0,60
2022-06-19T14:32:06,29,31,0,60
2022-06-19T14:42:58,29,31,0,60
2022-06-19T14:53:38,29,31,0,60
2022-06-19T15:04:18,29,31,0,60
2022-06-19T15:15:00,29,31,0,60
2022-06-19T15:25:35,29,31,0,60
2022-06-19T15:36:09,29,31,0,60
2022-06-19T15:46:42,29,31,0,60
2022-06-19T15:57:11,29,31,0,60
2022-06-19T16:07:39,29,31,0,60
2022-06-19T16:18:07,29,31,0,60
2022-06-19T16:28:44,29,31,0,60
2022-06-19T16:39:11,29,31,0,60
2022-06-19T16:49:38,29,31,0,60
2022-06-19T17:00:03,29,31,0,60
2022-06-19T17:10:30,29,31,0,60
2022-06-19T17:20:56,29,31,0,60
2022-06-19T17:31:21,29,31,0,60
2022-06-19T17:41:47,29,31,0,60
2022-06-19T17:52:13,29,31,0,60
2022-06-19T18:02:39,29,31,0,60
2022-06-19T18:13:05,29,31,0,60
2022-06-19T18:23:31,29,31,0,60
2022-06-19T18:33:59,29,31,0,60
2022-06-19T18:44:35,29,31,0,60
2022-06-19T18:55:01,29,31,0,60
2022-06-19T19:05:28,29,31,0,60
2022-06-19T19:15:54,29,31,0,60
2022-06-19T19:26:20,29,31,0,60
2022-06-19T19:36:46,29,31,0,60
2022-06-19T19:47:13,29,31,0,60
2022-06-19T19:57:39,29,31,0,60
2022-06-19T20:08:06,29,31,0,60
2022-06-19T20:18:32,29,31,0,60
2022-06-19T20:28:58,29,31,0,60
2022-06-19T20:39:24,29,31,0,60
2022-06-19T20:50:02,29,31,0,60
2022-06-19T21:00:28,29,31,0,60
2022-06-19T21:10:54,29,31,0,60
2022-06-19T21:21:21,29,31,0,60
2022-06-19T21:31:47,29,31,0,60
2022-06-19T21:42:15,29,31,0,60
2022-06-19T21:52:42,29,31,0,60
2022-06-19T22:03:08,29,31,0,60
2022-06-19T22:13:35,29,31,0,60
2022-06-19T22:24:01,29,31,0,60
2022-06-19T22:34:28,29,31,0,60
2022-06-19T22:44:54,29,31,0,60
2022-06-19T22:55:32,29,31,0,60
2022-06-19T23:05:59,29,31,0,60
2022-06-19T23:16:26,29,31,0,60
2022-06-19T23:26:52,29,31,0,60
2022-06-19T23:37:19,29,31,0,60
2022-06-19T23:47:45,29,31,0,60
2022-06-19T23:58:11,29,31,0,60
2022-06-20T00:08:39,29,31,0,60
2022-06-20T00:19:15,29,31,0,60
2022-06-20T00:29:44,29,31,0,60
2022-06-20T00:40:30,29,31,0,60
2022-06-20T00:50:58,29,31,0,60
2022-06-20T01:01:25,29,31,0,60
2022-06-20T01:11:53,29,31,0,60
2022-06-20T01:22:25,29,31,0,60
2022-06-20T01:32:54,29,31,0,60
2022-06-20T01:43:22,29,31,0,60
2022-06-20T01:53:49,29,31,0,60
2022-06-20T02:04:26,29,31,0,60
2022-06-20T02:14:54,29,31,0,60
2022-06-20T02:25:21,29,31,0,60
2022-06-20T02:35:48,29,31,0,60
2022-06-20T02:46:15,29,31,0,60
2022-06-20T02:56:41,29,31,0,60
2022-06-20T03:07:08,29,31,0,60
2022-06-20T03:17:34,29,31,0,60
2022-06-20T03:28:01,29,31,0,60
2022-06-20T03:38:28,29,31,0,60
2022-06-20T03:48:56,29,31,0,60
2022-06-20T03:59:38,29,31,0,60
2022-06-20T04:10:06,29,31,0,60
2022-06-20T04:24:04,29,31,0,60
2022-06-20T04:35:00,29,31,0,60
2022-06-20T04:45:30,29,31,0,60
2022-06-20T04:56:00,29,31,0,60
2022-06-20T05:06:31,29,31,0,60
2022-06-20T05:17:01,29,31,0,60
2022-06-20T05:27:30,29,31,0,60
2022-06-20T05:38:00,29,31,0,60
2022-06-20T05:48:28,29,31,0,60
2022-06-20T05:58:56,29,31,0,60
2022-06-20T06:09:26,29,31,0,60
2022-06-20T06:19:55,29,31,0,60
2022-06-20T06:30:22,29,31,0,60
2022-06-20T06:40:49,29,31,0,60
2022-06-20T06:51:15,29,31,0,60
2022-06-20T07:01:44,29,31,0,60
2022-06-20T07:12:10,29,31,0,60
2022-06-20T07:22:36,29,31,0,60
2022-06-20T07:33:02,29,31,0,60
2022-06-20T07:43:27,29,31,0,60
2022-06-20T07:53:53,29,31,0,60
2022-06-20T08:04:19,29,31,0,60
2022-06-20T08:14:45,29,31,0,60
2022-06-20T08:25:11,29,31,0,60
2022-06-20T08:35:48,29,31,0,60
2022-06-20T08:46:14,29,31,0,60
2022-06-20T08:56:40,29,31,0,60
2022-06-20T09:07:08,29,31,0,60
2022-06-20T09:17:37,29,31,0,60
2022-06-20T09:28:08,29,31,0,60
2022-06-20T09:38:42,29,31,0,60
2022-06-20T09:49:19,29,31,0,60
2022-06-20T09:59:50,29,31,0,60
2022-06-20T10:10:22,29,31,0,60
2022-06-20T10:21:01,29,31,0,60
2022-06-20T10:31:51,29,31,0,60
2022-06-20T10:42:30,29,31,0,60
2022-06-20T10:53:10,29,31,0,60
2022-06-20T11:03:48,29,31,0,60
2022-06-20T11:14:23,29,31,0,60
2022-06-20T11:25:00,29,31,0,60
2022-06-20T11:35:34,29,31,0,60
2022-06-20T11:46:06,29,31,0,60
2022-06-20T11:56:34,29,31,0,60
2022-06-20T12:07:02,29,31,0,60
2022-06-20T12:17:40,29,31,0,60
2022-06-20T12:28:06,29,31,0,60
2022-06-20T12:38:32,29,31,0,60
2022-06-20T12:48:59,29,31,0,60
2022-06-20T12:59:25,29,31,0,60
2022-06-20T13:09:51,29,31,0,60
2022-06-20T13:20:18,29,31,0,60
2022-06-20T13:30:44,29,31,0,60
2022-06-20T13:41:10,29,31,0,60
2022-06-20T13:51:45,29,31,0,60
2022-06-20T14:02:11,29,31,0,60
2022-06-20T14:12:38,29,31,0,60
2022-06-20T14:23:04,29,31,0,60
2022-06-20T14:33:30,29,31,0,60
2022-06-20T14:43:55,29,31,0,60
2022-06-20T14:54:21,29,31,0,60
2022-06-20T15:04:47,29,31,0,60
2022-06-20T15:15:13,29,31,0,60
2022-06-20T15:25:39,29,31,0,60
2022-06-20T15:36:06,29,31,0,60
2022-06-20T15:46:44,29,31,0,60
2022-06-20T15:57:10,29,31,0,60
2022-06-20T16:07:37,29,31,0,60
2022-06-20T16:18:03,29,31,0,60
2022-06-20T16:28:29,29,31,0,60
2022-06-20T16:38:56,29,31,0,60
2022-06-20T16:49:28,29,31,0,60
2022-06-20T16:59:54,29,31,0,60
2022-06-20T17:10:21,29,31,0,60
2022-06-20T17:20:50,29,31,0,60
2022-06-20T17:31:16,29,31,0,60
2022-06-20T17:41:42,29,31,0,60
2022-06-20T17:52:08,29,31,0,60
2022-06-20T18:02:45,29,31,0,60
2022-06-20T18:13:11,29,31,0,60
2022-06-20T18:23:37,29,31,0,60
2022-06-20T18:34:03,29,31,0,60
2022-06-20T18:44:29,29,31,0,60
2022-06-20T18:54:55,29,31,0,60
2022-06-20T19:05:21,29,31,0,60
2022-06-20T19:15:47,29,31,0,60
2022-06-20T19:26:13,29,31,0,60
2022-06-20T19:36:39,29,31,0,60
2022-06-20T19:47:15,29,31,0,60
2022-06-20T19:57:40,29,31,0,60
2022-06-20T20:08:07,29,31,0,60
2022-06-20T20:18:32,29,31,0,60
2022-06-20T20:28:59,29,31,0,60
2022-06-20T20:39:25,29,31,0,60
2022-06-20T20:49:51,29,31,0,60
2022-06-20T21:00:17,29,31,0,60
2022-06-20T21:10:43,29,31,0,60
2022-06-20T21:21:09,29,31,0,60
2022-06-20T21:31:46,29,31,0,60
2022-06-20T21:42:14,29,31,0,60
2022-06-20T21:52:40,29,31,0,60
2022-06-20T22:03:06,29,31,0,60
2022-06-20T22:13:32,29,31,0,60
2022-06-20T22:23:58,29,31,0,60
2022-06-20T22:34:25,29,31,0,60
2022-06-20T22:44:52,29,31,0,60
2022-06-20T22:55:19,29,31,0,60
2022-06-20T23:06:06,29,31,0,60
2022-06-20T23:16:33,29,31,0,60
2022-06-20T23:26:59,29,31,0,60
2022-06-20T23:37:25,29,31,0,60
2022-06-20T23:47:51,29,31,0,60
2022-06-20T23:58:17,29,31,0,60
2022-06-21T00:08:44,29,31,0,60
2022-06-21T00:19:12,29,31,0,60
2022-06-21T00:29:50,29,31,0,60
2022-06-21T00:40:18,29,31,0,60
2022-06-21T00:50:45,29,31,0,60
2022-06-21T01:01:13,29,31,0,60
2022-06-21T01:11:41,29,31,0,60
2022-06-21T01:22:08,29,31,0,60
2022-06-21T01:32:35,29,31,0,60
2022-06-21T01:43:01,29,31,0,60
2022-06-21T01:53:29,29,31,0,60
2022-06-21T02:04:14,29,31,0,60
2022-06-21T02:14:41,29,31,0,60
2022-06-21T02:25:12,29,31,0,60
2022-06-21T02:35:46,29,31,0,60
2022-06-21T02:46:21,29,31,0,60
2022-06-21T02:56:51,29,31,0,60
2022-06-21T03:07:23,29,31,0,60
2022-06-21T03:17:56,29,31,0,60
2022-06-21T03:28:38,29,31,0,60
2022-06-21T03:39:13,29,31,0,60
2022-06-21T03:49:50,29,31,0,60
2022-06-21T04:00:30,29,31,0,60
2022-06-21T04:11:09,29,31,0,60
2022-06-21T04:32:03,29,31,0,60
2022-06-21T04:42:55,29,31,0,60
2022-06-21T04:53:31,29,31,0,60
2022-06-21T05:04:06,29,31,0,60
2022-06-21T05:14:39,29,31,0,60
2022-06-21T05:25:10,29,31,0,60
2022-06-21T05:35:42,29,31,0,60
2022-06-21T05:46:09,29,31,0,60
2022-06-21T05:56:36,29,31,0,60
2022-06-21T06:07:08,29,31,0,60
2022-06-21T06:17:37,29,31,0,60
2022-06-21T06:28:05,29,31,0,60
2022-06-21T06:38:31,29,31,0,60
2022-06-21T06:48:57,29,31,0,60
2022-06-21T06:59:26,29,31,0,60
2022-06-21T07:09:52,29,31,0,60
2022-06-21T07:20:18,29,31,0,60
2022-06-21T07:30:45,29,31,0,60
2022-06-21T07:41:12,29,31,0,60
2022-06-21T07:51:39,29,31,0,60
2022-06-21T08:02:06,29,31,0,60
2022-06-21T08:12:33,29,31,0,60
2022-06-21T08:23:10,29,31,0,60
2022-06-21T08:33:38,29,31,0,60
2022-06-21T08:44:05,29,31,0,60
2022-06-21T08:54:34,29,31,0,60
2022-06-21T09:05:01,29,31,0,60
2022-06-21T09:15:29,29,31,0,60
2022-06-21T09:25:58,29,31,0,60
2022-06-21T09:36:26,29,31,0,60
2022-06-21T09:46:56,29,31,0,60
2022-06-21T09:57:24,29,31,0,60
2022-06-21T10:08:04,29,31,0,60
2022-06-21T10:18:32,29,31,0,60
2022-06-21T10:29:00,29,31,0,60
2022-06-21T10:39:29,29,31,0,60
2022-06-21T10:49:58,29,31,0,60
2022-06-21T11:00:26,29,31,0,60
2022-06-21T11:10:55,29,31,0,60
2022-06-21T11:21:23,29,31,0,60
2022-06-21T11:31:52,29,31,0,60
2022-06-21T11:42:30,29,31,0,60
2022-06-21T11:52:59,29,31,0,60
2022-06-21T12:03:27,29,31,0,60
2022-06-21T12:13:55,29,31,0,60
2022-06-21T12:24:26,29,31,0,60
2022-06-21T12:34:54,29,31,0,60
2022-06-21T12:45:22,29,31,0,60
2022-06-21T12:55:50,29,31,0,60
2022-06-21T13:06:31,29,31,0,60
2022-06-21T13:17:00,29,31,0,60
2022-06-21T13:27:31,29,31,0,60
2022-06-21T13:38:02,29,31,0,60
2022-06-21T13:48:31,29,31,0,60
2022-06-21T13:59:01,29,31,0,60
2022-06-21T14:09:30,29,31,0,60
2022-06-21T14:20:00,29,31,0,60
2022-06-21T14:30:30,29,31,0,60
2022-06-21T14:41:10,29,31,0,60
2022-06-21T14:51:39,29,31,0,60
2022-06-21T15:02:09,29,31,0,60
2022-06-21T15:12:37,29,31,0,60
2022-06-21T15:23:06,29,31,0,60
2022-06-21T15:33:35,29,31,0,60
2022-06-21T15:44:05,29,31,0,60
2022-06-21T15:54:33,29,31,0,60
2022-06-21T16:05:12,29,31,0,60
2022-06-21T16:15:40,29,31,0,60
2022-06-21T16:26:09,29,31,0,60
2022-06-21T16:36:37,29,31,0,60
2022-06-21T16:47:05,29,31,0,60
2022-06-21T16:57:32,29,31,0,60
2022-06-21T17:08:01,29,31,0,60
2022-06-21T17:18:29,29,31,0,60
2022-06-21T17:29:08,29,31,0,60
2022-06-21T17:39:36,29,31,0,60
2022-06-21T17:50:03,29,31,0,60
2022-06-21T18:00:31,29,31,0,60
2022-06-21T18:10:59,29,31,0,60
2022-06-21T18:21:26,29,31,0,60
2022-06-21T18:31:53,29,31,0,60
2022-06-21T18:42:20,29,31,0,60
2022-06-21T18:53:00,29,31,0,60
2022-06-21T19:03:27,29,31,0,60
2022-06-21T19:13:55,29,31,0,60
2022-06-21T19:24:23,29,31,0,60
2022-06-21T19:34:50,29,31,0,60
2022-06-21T19:45:18,29,31,0,60
2022-06-21T19:55:45,29,31,0,60
2022-06-21T20:06:15,29,31,0,60
2022-06-21T20:16:54,29,31,0,60
2022-06-21T20:27:22,29,31,0,60
2022-06-21T20:37:49,29,31,0,60
2022-06-21T20:48:16,29,31,0,60
2022-06-21T20:58:44,29,31,0,60
2022-06-21T21:09:12,29,31,0,60
2022-06-21T21:19:40,29,31,0,60
2022-06-21T21:30:07,29,31,0,60
2022-06-21T21:40:48,29,31,0,60
2022-06-21T21:51:16,29,31,0,60
2022-06-21T22:01:44,29,31,0,60
2022-06-21T22:12:12,29,31,0,60
2022-06-21T22:22:40,29,31,0,60
2022-06-21T22:33:09,29,31,0,60
2022-06-21T22:43:37,29,31,0,60
2022-06-21T22:54:05,29,31,0,60
2022-06-21T23:04:45,29,31,0,60
2022-06-21T23:15:13,29,31,0,60
2022-06-21T23:25:41,29,31,0,60
2022-06-21T23:36:09,29,31,0,60
2022-06-21T23:46:36,29,31,0,60
2022-06-21T23:57:03,29,31,0,60
2022-06-22T00:07:31,29,31,0,60
2022-06-22T00:18:01,29,31,0,60
2022-06-22T00:28:30,29,31,0,60
2022-06-22T00:39:11,29,31,0,60
2022-06-22T00:49:40,29,31,0,60
2022-06-22T01:00:10,29,31,0,60
2022-06-22T01:10:41,29,31,0,60
2022-06-22T01:21:10,29,31,0,60
2022-06-22T01:31:40,29,31,0,60
2022-06-22T01:42:08,29,31,0,60
2022-06-22T01:52:37,29,31,0,60
2022-06-22T02:03:06,29,31,0,60
2022-06-22T02:13:35,29,31,0,60
2022-06-22T02:24:02,29,31,0,60
2022-06-22T02:34:31,29,31,0,60
2022-06-22T02:45:09,29,31,0,60
2022-06-22T02:55:38,29,31,0,60
2022-06-22T03:06:07,29,31,0,60
2022-06-22T03:16:35,29,31,0,60
2022-06-22T03:27:02,29,31,0,60
2022-06-22T03:37:29,29,31,0,60
2022-06-22T03:47:58,29,31,0,60
2022-06-22T03:58:27,29,31,0,60
2022-06-22T04:08:56,29,31,0,60
2022-06-22T04:28:41,29,31,0,60
2022-06-22T04:39:34,29,31,0,60
2022-06-22T04:50:04,29,31,0,60
2022-06-22T05:00:32,29,31,0,60
2022-06-22T05:11:02,29,31,0,60
2022-06-22T05:21:31,29,31,0,60
2022-06-22T05:32:36,29,31,0,60
2022-06-22T05:44:23,29,31,0,60
2022-06-22T05:54:52,29,31,0,60
2022-06-22T06:05:22,29,31,0,60
2022-06-22T06:15:51,29,31,0,60
2022-06-22T06:26:20,29,31,0,60
2022-06-22T06:36:49,29,31,0,60
2022-06-22T06:47:16,29,31,0,60
2022-06-22T06:57:46,29,31,0,60
2022-06-22T07:08:14,29,31,0,60
2022-06-22T07:18:41,29,31,0,60
2022-06-22T07:29:08,29,31,0,60
2022-06-22T07:39:36,29,31,0,60
2022-06-22T07:50:02,29,31,0,60
2022-06-22T08:00:39,29,31,0,60
2022-06-22T08:11:07,29,31,0,60
2022-06-22T08:21:35,29,31,0,60
2022-06-22T08:32:03,29,31,0,60
2022-06-22T08:42:31,29,31,0,60
2022-06-22T08:52:58,29,31,0,60
2022-06-22T09:03:26,29,31,0,60
2022-06-22T09:13:54,29,31,0,60
2022-06-22T09:24:22,29,31,0,60
2022-06-22T09:34:53,29,31,0,60
2022-06-22T09:45:22,29,31,0,60
2022-06-22T09:56:01,29,31,0,60
2022-06-22T10:06:30,29,31,0,60
2022-06-22T10:16:59,29,31,0,60
2022-06-22T10:27:29,29,31,0,60
2022-06-22T10:37:59,29,31,0,60
2022-06-22T10:48:29,29,31,0,60
2022-06-22T10:58:59,29,31,0,60
2022-06-22T11:09:27,29,31,0,60
2022-06-22T11:19:57,29,31,0,60
2022-06-22T11:30:37,29,31,0,60
2022-06-22T11:41:05,29,31,0,60
2022-06-22T11:51:34,29,31,0,60
2022-06-22T12:02:03,29,31,0,60
2022-06-22T12:12:35,29,31,0,60
2022-06-22T12:23:03,29,31,0,60
2022-06-22T12:33:32,29,31,0,60
2022-06-22T12:44:04,29,31,0,60
2022-06-22T12:54:44,29,31,0,60
2022-06-22T13:05:12,29,31,0,60
2022-06-22T13:15:41,29,31,0,60
2022-06-22T13:26:15,29,31,0,60
2022-06-22T13:36:45,29,31,0,60
2022-06-22T13:47:16,29,31,0,60
2022-06-22T13:57:47,30,30,0,60
2022-06-22T14:08:20,30,30,0,60
2022-06-22T14:18:50,30,30,0,60
2022-06-22T14:29:31,30,30,0,60
2022-06-22T14:40:02,30,30,0,60
2022-06-22T14:50:33,30,30,0,60
2022-06-22T15:01:10,30,30,0,60
2022-06-22T15:11:42,30,30,0,60
2022-06-22T15:22:17,30,30,0,60
2022-06-22T15:32:51,30,30,0,60
2022-06-22T15:43:25,30,30,0,60
2022-06-22T15:54:14,30,30,0,60
2022-06-22T16:04:49,30,30,0,60
2022-06-22T16:15:22,30,30,0,60
2022-06-22T16:25:59,30,30,0,60
2022-06-22T16:36:43,30,30,0,60
2022-06-22T16:47:25,30,30,0,60
2022-06-22T16:58:04,30,30,0,60
2022-06-22T17:08:51,30,30,0,60
2022-06-22T17:19:28,30,30,0,60
2022-06-22T17:30:13,30,30,0,60
2022-06-22T17:40:47,30,30,0,60
2022-06-22T17:51:21,30,30,0,60
2022-06-22T18:01:52,30,30,0,60
2022-06-22T18:12:24,30,30,0,60
2022-06-22T18:22:53,30,30,0,60
2022-06-22T18:33:21,30,30,0,60
2022-06-22T18:43:51,30,30,0,60
2022-06-22T18:54:19,30,30,0,60
2022-06-22T19:04:47,30,30,0,60
2022-06-22T19:15:26,30,30,0,60
2022-06-22T19:25:54,30,30,0,60
2022-06-22T19:36:22,30,30,0,60
2022-06-22T19:46:50,30,30,0,60
2022-06-22T19:57:18,30,30,0,60
2022-06-22T20:07:46,30,30,0,60
2022-06-22T20:18:13,30,30,0,60
2022-06-22T20:28:41,30,30,0,60
2022-06-22T20:39:08,30,30,0,60
2022-06-22T20:49:38,30,30,0,60
2022-06-22T21:00:17,30,30,0,60
2022-06-22T21:10:45,30,30,0,60
2022-06-22T21:21:12,30,30,0,60
2022-06-22T21:31:39,30,30,0,60
2022-06-22T21:42:07,30,30,0,60
2022-06-22T21:52:36,30,30,0,60
2022-06-22T22:03:05,30,30,0,60
2022-06-22T22:13:33,30,30,0,60
2022-06-22T22:24:04,30,30,0,60
2022-06-22T22:34:31,30,30,0,60
2022-06-22T22:45:11,30,30,0,60
2022-06-22T22:55:38,30,30,0,60
2022-06-22T23:06:07,30,30,0,60
2022-06-22T23:16:35,30,30,0,60
2022-06-22T23:27:04,30,30,0,60
2022-06-22T23:37:32,30,30,0,60
2022-06-22T23:47:59,30,30,0,60
2022-06-22T23:58:27,30,30,0,60
2022-06-23T00:08:55,30,30,0,60
2022-06-23T00:19:27,30,30,0,60
2022-06-23T00:30:07,30,30,0,60
2022-06-23T00:40:36,30,30,0,60
2022-06-23T00:51:05,30,30,0,60
2022-06-23T01:01:35,30,30,0,60
2022-06-23T01:12:04,30,30,0,60
2022-06-23T01:22:34,30,30,0,60
2022-06-23T01:33:04,30,30,0,60
2022-06-23T01:43:32,30,30,0,60
2022-06-23T01:54:01,30,30,0,60
2022-06-23T02:04:31,30,30,0,60
2022-06-23T02:14:59,30,30,0,60
2022-06-23T02:25:26,30,30,0,60
2022-06-23T02:35:52,30,30,0,60
2022-06-23T02:46:19,30,30,0,60
2022-06-23T02:56:45,30,30,0,60
2022-06-23T03:07:14,30,30,0,60
2022-06-23T03:17:51,30,30,0,60
2022-06-23T03:28:17,30,30,0,60
2022-06-23T03:38:43,30,30,0,60
2022-06-23T03:49:09,30,30,0,60
2022-06-23T04:02:17,30,30,0,60
2022-06-23T04:12:44,30,30,0,60
2022-06-23T04:27:20,30,30,0,60
2022-06-23T04:38:12,30,30,0,60
2022-06-23T04:48:40,30,30,0,60
2022-06-23T04:59:09,30,30,0,60
2022-06-23T05:09:42,30,30,0,60
2022-06-23T05:20:15,30,30,0,60
2022-06-23T05:30:47,30,30,0,60
2022-06-23T05:41:18,30,30,0,60
2022-06-23T05:52:11,30,30,0,60
2022-06-23T06:02:42,30,30,0,60
2022-06-23T06:13:13,30,30,0,60
2022-06-23T06:23:43,30,30,0,60
2022-06-23T06:34:16,30,30,0,60
2022-06-23T06:44:46,30,30,0,60
2022-06-23T06:55:15,30,30,0,60
2022-06-23T07:05:51,30,30,0,60
2022-06-23T07:16:20,30,30,0,60
2022-06-23T07:26:49,30,30,0,60
2022-06-23T07:37:18,30,30,0,60
2022-06-23T07:47:53,30,30,0,60
2022-06-23T07:58:25,30,30,0,60
2022-06-23T08:08:59,30,30,0,60
2022-06-23T08:19:34,30,30,0,60
2022-06-23T08:30:09,30,30,0,60
2022-06-23T08:40:43,30,30,0,60
2022-06-23T08:51:30,30,30,0,60
2022-06-23T09:02:12,30,30,0,60
2022-06-23T09:12:48,30,30,0,60
2022-06-23T09:23:22,30,30,0,60
2022-06-23T09:34:01,30,30,0,60
2022-06-23T09:44:38,30,30,0,60
2022-06-23T09:55:17,30,30,0,60
2022-06-23T10:06:03,30,30,0,60
2022-06-23T10:16:39,30,30,0,60
2022-06-23T10:27:15,30,30,0,60
2022-06-23T10:37:49,30,30,0,60
2022-06-23T10:48:22,30,30,0,60
2022-06-23T10:59:09,30,30,0,60
2022-06-23T11:09:42,30,30,0,60
2022-06-23T11:20:15,30,30,0,60
2022-06-23T11:30:46,30,30,0,60
2022-06-23T11:41:15,30,30,0,60
2022-06-23T11:51:44,30,30,0,60
2022-06-23T12:02:13,30,30,0,60
2022-06-23T12:12:42,30,30,0,60
2022-06-23T12:23:12,31,29,0,60
2022-06-23T12:33:42,31,29,0,60
2022-06-23T12:44:12,31,29,0,60
2022-06-23T12:54:54,31,29,0,60
2022-06-23T13:05:24,31,29,0,60
2022-06-23T13:15:56,31,29,0,60
2022-06-23T13:26:25,31,29,0,60
2022-06-23T13:36:55,31,29,0,60
2022-06-23T13:47:24,31,29,0,60
2022-06-23T13:57:55,31,29,0,60
2022-06-23T14:08:25,31,29,0,60
2022-06-23T14:19:08,31,29,0,60
2022-06-23T14:29:37,31,29,0,60
2022-06-23T14:40:07,31,29,0,60
2022-06-23T14:50:36,31,29,0,60
2022-06-23T15:01:05,31,29,0,60
2022-06-23T15:11:34,31,29,0,60
2022-06-23T15:22:03,31,29,0,60
2022-06-23T15:32:32,31,29,0,60
2022-06-23T15:43:14,31,29,0,60
2022-06-23T15:53:43,31,29,0,60
2022-06-23T16:04:12,31,29,0,60
2022-06-23T16:14:41,31,29,0,60
2022-06-23T16:25:10,31,29,0,60
2022-06-23T16:35:40,31,29,0,60
2022-06-23T16:46:08,31,29,0,60
2022-06-23T16:56:37,31,29,0,60
2022-06-23T17:07:07,31,29,0,60
2022-06-23T17:17:46,31,29,0,60
2022-06-23T17:28:15,31,29,0,60
2022-06-23T17:38:42,31,29,0,60
2022-06-23T17:49:11,31,29,0,60
2022-06-23T17:59:39,31,29,0,60
2022-06-23T18:10:07,31,29,0,60
2022-06-23T18:20:36,31,29,0,60
2022-06-23T18:31:04,31,29,0,60
2022-06-23T18:41:32,31,29,0,60
2022-06-23T18:52:00,31,29,0,60
2022-06-23T19:02:28,31,29,0,60
2022-06-23T19:12:56,31,29,0,60
2022-06-23T19:23:35,31,29,0,60
2022-06-23T19:34:03,31,29,0,60
2022-06-23T19:44:31,31,29,0,60
2022-06-23T19:54:58,31,29,0,60
2022-06-23T20:05:26,31,29,0,60
2022-06-23T20:15:54,31,29,0,60
2022-06-23T20:26:21,31,29,0,60
2022-06-23T20:36:49,31,29,0,60
2022-06-23T20:47:16,31,29,0,60
2022-06-23T20:57:44,31,29,0,60
2022-06-23T21:08:14,31,29,0,60
2022-06-23T21:18:41,31,29,0,60
2022-06-23T21:29:19,31,29,0,60
2022-06-23T21:39:47,31,29,0,60
2022-06-23T21:50:17,31,29,0,60
2022-06-23T22:00:44,31,29,0,60
2022-06-23T22:11:13,31,29,0,60
2022-06-23T22:21:40,31,29,0,60
2022-06-23T22:32:08,31,29,0,60
2022-06-23T22:42:37,31,29,0,60
2022-06-23T22:53:04,31,29,0,60
2022-06-23T23:03:44,31,29,0,60
2022-06-23T23:14:13,31,29,0,60
2022-06-23T23:24:41,31,29,0,60
2022-06-23T23:35:09,31,29,0,60
2022-06-23T23:45:37,31,29,0,60
2022-06-23T23:56:05,31,29,0,60
2022-06-24T00:06:34,31,29,0,60
2022-06-24T00:17:05,31,29,0,60
2022-06-24T00:27:34,31,29,0,60
2022-06-24T00:38:04,31,29,0,60
2022-06-24T00:48:35,31,29,0,60
2022-06-24T00:59:06,31,29,0,60
2022-06-24T01:09:37,31,29,0,60
2022-06-24T01:20:07,31,29,0,60
2022-06-24T01:30:48,31,29,0,60
2022-06-24T01:41:17,31,29,0,60
2022-06-24T01:51:50,31,29,0,60
2022-06-24T02:02:24,31,29,0,60
2022-06-24T02:12:57,31,29,0,60
2022-06-24T02:23:31,31,29,0,60
2022-06-24T02:34:07,31,29,0,60
2022-06-24T02:44:43,31,29,0,60
2022-06-24T02:55:17,31,29,0,60
2022-06-24T03:05:56,31,29,0,60
2022-06-24T03:16:39,31,29,0,60
2022-06-24T03:27:17,31,29,0,60
2022-06-24T03:37:57,31,29,0,60
2022-06-24T03:48:36,31,29,0,60
2022-06-24T03:59:15,31,29,0,60
2022-06-24T04:09:51,31,29,0,60
2022-06-24T04:36:17,31,29,0,60
2022-06-24T04:46:52,31,29,0,60
2022-06-24T04:57:26,31,29,0,60
2022-06-24T05:08:00,31,29,0,60
2022-06-24T05:18:31,31,29,0,60
2022-06-24T05:29:01,31,29,0,60
2022-06-24T05:39:32,31,29,0,60
2022-06-24T05:50:05,31,29,0,60
2022-06-24T06:00:34,31,29,0,60
2022-06-24T06:11:06,31,29,0,60
2022-06-24T06:21:35,31,29,0,60
2022-06-24T06:32:05,31,29,0,60
2022-06-24T06:42:36,31,29,0,60
2022-06-24T06:53:04,31,29,0,60
2022-06-24T07:03:37,31,29,0,60
2022-06-24T07:14:06,31,29,0,60
2022-06-24T07:24:34,31,29,0,60
2022-06-24T07:35:02,31,29,0,60
2022-06-24T07:45:30,31,29,0,60
2022-06-24T07:55:58,31,29,0,60
2022-06-24T08:06:27,31,29,0,60
2022-06-24T08:16:55,31,29,0,60
2022-06-24T08:27:23,31,29,0,60
2022-06-24T08:37:52,31,29,0,60
2022-06-24T08:48:31,31,29,0,60
2022-06-24T08:59:01,31,29,0,60
2022-06-24T09:09:29,31,29,0,60
2022-06-24T09:19:57,31,29,0,60
2022-06-24T09:30:26,31,29,0,60
2022-06-24T09:40:59,31,29,0,60
2022-06-24T09:51:28,31,29,0,60
2022-06-24T10:01:57,31,29,0,60
2022-06-24T10:12:31,31,29,0,60
2022-06-24T10:23:10,31,29,0,60
2022-06-24T10:33:40,31,29,0,60
2022-06-24T10:44:09,31,29,0,60
2022-06-24T10:54:38,31,29,0,60
2022-06-24T11:05:09,31,29,0,60
2022-06-24T11:15:38,31,29,0,60
2022-06-24T11:26:07,31,29,0,60
2022-06-24T11:36:36,31,29,0,60
2022-06-24T11:47:05,31,29,0,60
2022-06-24T11:57:47,31,29,0,60
2022-06-24T12:08:16,31,29,0,60
2022-06-24T12:18:44,31,29,0,60
2022-06-24T12:29:13,31,29,0,60
2022-06-24T12:39:42,31,29,0,60
2022-06-24T12:50:11,31,29,0,60
2022-06-24T13:00:40,31,29,0,60
2022-06-24T13:11:09,31,29,0,60
2022-06-24T13:21:38,31,29,0,60
2022-06-24T13:32:20,31,29,0,60
2022-06-24T13:42:49,31,29,0,60
2022-06-24T13:53:18,31,29,0,60
2022-06-24T14:03:50,31,29,0,60
2022-06-24T14:14:19,31,29,0,60
2022-06-24T14:24:47,31,29,0,60
2022-06-24T14:35:20,31,29,0,60
2022-06-24T14:45:50,31,29,0,60
2022-06-24T14:56:31,31,29,0,60
2022-06-24T15:07:00,31,29,0,60
2022-06-24T15:17:29,31,29,0,60
2022-06-24T15:27:58,31,29,0,60
2022-06-24T15:38:27,31,29,0,60
2022-06-24T15:48:56,31,29,0,60
2022-06-24T15:59:25,31,29,0,60
2022-06-24T16:09:54,31,29,0,60
2022-06-24T16:20:23,31,29,0,60
2022-06-24T16:30:52,31,29,0,60
2022-06-24T16:41:20,31,29,0,60
2022-06-24T16:51:48,31,29,0,60
2022-06-24T17:02:16,31,29,0,60
2022-06-24T17:12:57,31,29,0,60
2022-06-24T17:23:25,31,29,0,60
2022-06-24T17:33:53,31,29,0,60
2022-06-24T17:44:20,31,29,0,60
2022-06-24T17:54:48,31,29,0,60
2022-06-24T18:05:16,31,29,0,60
2022-06-24T18:15:44,31,29,0,60
2022-06-24T18:26:11,31,29,0,60
2022-06-24T18:36:39,31,29,0,60
2022-06-24T18:47:06,31,29,0,60
2022-06-24T18:57:34,31,29,0,60
2022-06-24T19:08:02,31,29,0,60
2022-06-24T19:18:29,31,29,0,60
2022-06-24T19:28:57,31,29,0,60
2022-06-24T19:39:36,31,29,0,60
2022-06-24T19:50:03,31,29,0,60
2022-06-24T20:00:30,31,29,0,60
2022-06-24T20:10:58,31,29,0,60
2022-06-24T20:21:26,31,29,0,60
2022-06-24T20:31:53,31,29,0,60
2022-06-24T20:42:21,31,29,0,60
2022-06-24T20:52:48,31,29,0,60
2022-06-24T21:03:15,31,29,0,60
2022-06-24T21:13:42,31,29,0,60
2022-06-24T21:24:10,31,29,0,60
2022-06-24T21:34:48,31,29,0,60
2022-06-24T21:45:18,31,29,0,60
2022-06-24T21:55:45,31,29,0,60
2022-06-24T22:06:13,31,29,0,60
2022-06-24T22:16:41,31,29,0,60
2022-06-24T22:27:08,31,29,0,60
2022-06-24T22:37:38,31,29,0,60
2022-06-24T22:48:08,31,29,0,60
2022-06-24T22:58:35,31,29,0,60
2022-06-24T23:09:04,31,29,0,60
2022-06-24T23:19:32,31,29,0,60
2022-06-24T23:30:00,31,29,0,60
2022-06-24T23:40:39,31,29,0,60
2022-06-24T23:51:06,31,29,0,60
2022-06-25T00:01:34,31,29,0,60
2022-06-25T00:12:09,31,29,0,60
2022-06-25T00:22:42,31,29,0,60
2022-06-25T00:33:11,31,29,0,60
2022-06-25T00:43:41,31,29,0,60
2022-06-25T00:54:11,31,29,0,60
2022-06-25T01:04:43,31,29,0,60
2022-06-25T01:15:12,31,29,0,60
2022-06-25T01:25:42,31,29,0,60
2022-06-25T01:36:11,31,29,0,60
2022-06-25T01:46:41,31,29,0,60
2022-06-25T01:57:21,31,29,0,60
2022-06-25T02:07:50,31,29,0,60
2022-06-25T02:18:18,31,29,0,60
2022-06-25T02:28:46,31,29,0,60
2022-06-25T02:39:16,31,29,0,60
2022-06-25T02:49:43,31,29,0,60
2022-06-25T03:00:10,31,29,0,60
2022-06-25T03:10:37,31,29,0,60
2022-06-25T03:21:04,31,29,0,60
2022-06-25T03:31:31,31,29,0,60
2022-06-25T03:41:59,31,29,0,60
2022-06-25T03:52:28,31,29,0,60
2022-06-25T04:02:57,31,29,0,60
2022-06-25T04:20:41,31,29,0,60
2022-06-25T04:31:35,31,29,0,60
2022-06-25T04:42:07,31,29,0,60
2022-06-25T04:52:38,31,29,0,60
2022-06-25T05:03:08,31,29,0,60
2022-06-25T05:13:39,31,29,0,60
2022-06-25T05:24:11,31,29,0,60
2022-06-25T05:34:42,31,29,0,60
2022-06-25T05:45:12,31,29,0,60
2022-06-25T05:55:41,31,29,0,60
2022-06-25T06:06:11,31,29,0,60
2022-06-25T06:16:41,31,29,0,60
2022-06-25T06:27:10,31,29,0,60
2022-06-25T06:37:41,31,29,0,60
2022-06-25T06:48:10,31,29,0,60
2022-06-25T06:58:51,31,29,0,60
2022-06-25T07:09:23,31,29,0,60
2022-06-25T07:19:53,31,29,0,60
2022-06-25T07:30:23,31,29,0,60
2022-06-25T07:40:52,31,29,0,60
2022-06-25T07:51:22,31,29,0,60
2022-06-25T08:01:53,31,29,0,60
2022-06-25T08:12:32,31,29,0,60
2022-06-25T08:23:02,31,29,0,60
2022-06-25T08:33:31,31,29,0,60
2022-06-25T08:44:00,31,29,0,60
2022-06-25T08:54:29,31,29,0,60
2022-06-25T09:04:58,31,29,0,60
2022-06-25T09:15:26,31,29,0,60
2022-06-25T09:25:55,31,29,0,60
2022-06-25T09:36:35,31,29,0,60
2022-06-25T09:47:04,31,29,0,60
2022-06-25T09:57:31,31,29,0,60
2022-06-25T10:07:59,31,29,0,60
2022-06-25T10:18:26,31,29,0,60
2022-06-25T10:28:54,31,29,0,60
2022-06-25T10:39:21,31,29,0,60
2022-06-25T10:49:49,31,29,0,60
2022-06-25T11:00:25,31,29,0,60
2022-06-25T11:10:53,31,29,0,60
2022-06-25T11:21:19,31,29,0,60
2022-06-25T11:31:47,31,29,0,60
2022-06-25T11:42:14,31,29,0,60
2022-06-25T11:52:42,31,29,0,60
2022-06-25T12:03:19,31,29,0,60
2022-06-25T12:13:46,31,29,0,60
2022-06-25T12:24:13,31,29,0,60
2022-06-25T12:34:41,31,29,0,60
2022-06-25T12:45:08,31,29,0,60
2022-06-25T12:55:35,31,29,0,60
2022-06-25T13:06:02,31,29,0,60
2022-06-25T13:16:30,31,29,0,60
2022-06-25T13:26:57,31,29,0,60
2022-06-25T13:37:24,31,29,0,60
2022-06-25T13:47:51,31,29,0,60
2022-06-25T13:58:18,31,29,0,60
2022-06-25T14:08:46,31,29,0,60
2022-06-25T14:19:23,31,29,0,60
2022-06-25T14:29:51,31,29,0,60
2022-06-25T14:40:17,31,29,0,60
2022-06-25T14:50:44,31,29,0,60
2022-06-25T15:01:12,31,29,0,60
2022-06-25T15:11:39,31,29,0,60
2022-06-25T15:22:08,31,29,0,60
2022-06-25T15:32:35,31,29,0,60
2022-06-25T15:43:02,31,29,0,60
2022-06-25T15:53:29,31,29,0,60
2022-06-25T16:03:56,31,29,0,60
2022-06-25T16:14:23,31,29,0,60
2022-06-25T16:24:50,31,29,0,60
2022-06-25T16:35:18,31,29,0,60
2022-06-25T16:45:45,31,29,0,60
2022-06-25T16:56:22,31,29,0,60
2022-06-25T17:06:50,31,29,0,60
2022-06-25T17:17:18,31,29,0,60
2022-06-25T17:27:45,31,29,0,60
2022-06-25T17:38:12,31,29,0,60
2022-06-25T17:48:40,31,29,0,60
2022-06-25T17:59:07,31,29,0,60
2022-06-25T18:09:36,31,29,0,60
2022-06-25T18:20:04,31,29,0,60
2022-06-25T18:30:31,31,29,0,60
2022-06-25T18:40:59,31,29,0,60
2022-06-25T18:51:26,31,29,0,60
2022-06-25T19:01:53,31,29,0,60
2022-06-25T19:12:20,31,29,0,60
2022-06-25T19:22:47,31,29,0,60
2022-06-25T19:33:15,31,29,0,60
2022-06-25T19:43:42,31,29,0,60
2022-06-25T19:54:20,31,29,0,60
2022-06-25T20:04:47,31,29,0,60
2022-06-25T20:15:15,31,29,0,60
2022-06-25T20:25:42,31,29,0,60
2022-06-25T20:36:09,31,29,0,60
2022-06-25T20:46:36,31,29,0,60
2022-06-25T20:57:03,31,29,0,60
2022-06-25T21:07:31,31,29,0,60
2022-06-25T21:17:58,31,29,0,60
2022-06-25T21:28:25,31,29,0,60
2022-06-25T21:38:52,31,29,0,60
2022-06-25T21:49:20,31,29,0,60
2022-06-25T21:59:47,31,29,0,60
2022-06-25T22:10:15,31,29,0,60
2022-06-25T22:20:42,31,29,0,60
2022-06-25T22:31:10,31,29,0,60
2022-06-25T22:41:38,31,29,0,60
2022-06-25T22:52:05,31,29,0,60
2022-06-25T23:02:32,31,29,0,60
2022-06-25T23:13:01,31,29,0,60
2022-06-25T23:23:39,31,29,0,60
2022-06-25T23:34:06,31,29,0,60
2022-06-25T23:44:33,31,29,0,60
2022-06-25T23:55:01,31,29,0,60
2022-06-26T00:05:29,31,29,0,60
2022-06-26T00:15:58,31,29,0,60
2022-06-26T00:26:26,31,29,0,60
2022-06-26T00:36:54,31,29,0,60
2022-06-26T00:47:22,31,29,0,60
2022-06-26T00:57:49,31,29,0,60
2022-06-26T01:08:27,31,29,0,60
2022-06-26T01:18:54,31,29,0,60
2022-06-26T01:29:21,31,29,0,60
2022-06-26T01:39:48,31,29,0,60
2022-06-26T01:50:15,31,29,0,60
2022-06-26T02:00:42,31,29,0,60
2022-06-26T02:11:09,31,29,0,60
2022-06-26T02:21:36,31,29,0,60
2022-06-26T02:32:08,31,29,0,60
2022-06-26T02:42:39,31,29,0,60
2022-06-26T02:53:09,31,29,0,60
2022-06-26T03:03:49,31,29,0,60
2022-06-26T03:14:29,31,29,0,60
2022-06-26T03:25:00,31,29,0,60
2022-06-26T03:35:30,31,29,0,60
2022-06-26T03:46:00,31,29,0,60
2022-06-26T03:56:30,31,29,0,60
2022-06-26T04:07:01,31,29,0,60
2022-06-26T04:33:39,31,29,0,60
2022-06-26T04:44:10,31,29,0,60
2022-06-26T04:54:41,31,29,0,60
2022-06-26T05:05:13,31,29,0,60
2022-06-26T05:15:45,31,29,0,60
2022-06-26T05:26:14,31,29,0,60
2022-06-26T05:36:43,31,29,0,60
2022-06-26T05:47:13,31,29,0,60
2022-06-26T05:57:42,31,29,0,60
2022-06-26T06:08:12,31,29,0,60
2022-06-26T06:18:45,31,29,0,60
2022-06-26T06:29:15,31,29,0,60
2022-06-26T06:39:45,31,29,0,60
2022-06-26T06:50:14,31,29,0,60
2022-06-26T07:00:43,31,29,0,60
2022-06-26T07:11:12,31,29,0,60
2022-06-26T07:21:45,31,29,0,60
2022-06-26T07:32:16,31,29,0,60
2022-06-26T07:42:49,31,29,0,60
2022-06-26T07:53:26,31,29,0,60
2022-06-26T08:04:02,31,29,0,60
2022-06-26T08:14:38,31,29,0,60
2022-06-26T08:25:27,31,29,0,60
2022-06-26T08:36:03,31,29,0,60
2022-06-26T08:46:37,31,29,0,60
2022-06-26T08:57:14,31,29,0,60
2022-06-26T09:07:45,31,29,0,60
2022-06-26T09:18:17,31,29,0,60
2022-06-26T09:28:54,31,29,0,60
2022-06-26T09:39:29,31,29,0,60
2022-06-26T09:50:05,31,29,0,60
2022-06-26T10:00:41,31,29,0,60
2022-06-26T10:11:18,31,29,0,60
2022-06-26T10:21:54,31,29,0,60
2022-06-26T10:32:31,31,29,0,60
2022-06-26T10:43:06,31,29,0,60
2022-06-26T10:53:38,31,29,0,60
2022-06-26T11:04:10,31,29,0,60
2022-06-26T11:14:52,31,29,0,60
2022-06-26T11:25:20,31,29,0,60
2022-06-26T11:35:47,31,29,0,60
2022-06-26T11:46:14,31,29,0,60
2022-06-26T11:56:41,31,29,0,60
2022-06-26T12:07:08,31,29,0,60
2022-06-26T12:17:36,31,29,0,60
2022-06-26T12:28:03,31,29,0,60
2022-06-26T12:38:30,31,29,0,60
2022-06-26T12:48:57,31,29,0,60
2022-06-26T12:59:25,31,29,0,60
2022-06-26T13:10:02,31,29,0,60
2022-06-26T13:20:29,31,29,0,60
2022-06-26T13:30:56,31,29,0,60
2022-06-26T13:41:23,31,29,0,60
2022-06-26T13:51:50,31,29,0,60
2022-06-26T14:02:18,31,29,0,60
2022-06-26T14:12:45,31,29,0,60
2022-06-26T14:23:12,31,29,0,60
2022-06-26T14:33:39,31,29,0,60
2022-06-26T14:44:06,31,29,0,60
2022-06-26T14:54:33,31,29,0,60
2022-06-26T15:05:02,31,29,0,60
2022-06-26T15:15:39,31,29,0,60
2022-06-26T15:26:07,31,29,0,60
2022-06-26T15:36:34,31,29,0,60
2022-06-26T15:47:01,31,29,0,60
2022-06-26T15:57:28,31,29,0,60
2022-06-26T16:07:55,31,29,0,60
2022-06-26T16:18:23,31,29,0,60
2022-06-26T16:28:51,31,29,0,60
2022-06-26T16:39:18,31,29,0,60
2022-06-26T16:49:46,31,29,0,60
2022-06-26T17:00:13,31,29,0,60
2022-06-26T17:10:41,31,29,0,60
2022-06-26T17:21:18,31,29,0,60
2022-06-26T17:31:45,31,29,0,60
2022-06-26T17:42:13,31,29,0,60
2022-06-26T17:52:41,31,29,0,60
2022-06-26T18:03:09,31,29,0,60
2022-06-26T18:13:36,31,29,0,60
2022-06-26T18:24:04,31,29,0,60
2022-06-26T18:34:31,31,29,0,60
2022-06-26T18:44:58,31,29,0,60
2022-06-26T18:55:26,31,29,0,60
2022-06-26T19:05:53,31,29,0,60
2022-06-26T19:16:31,31,29,0,60
2022-06-26T19:26:58,31,29,0,60
2022-06-26T19:37:25,31,29,0,60
2022-06-26T19:47:53,31,29,0,60
2022-06-26T19:58:20,31,29,0,60
2022-06-26T20:08:47,31,29,0,60
2022-06-26T20:19:14,31,29,0,60
2022-06-26T20:29:42,31,29,0,60
2022-06-26T20:40:09,31,29,0,60
2022-06-26T20:50:36,31,29,0,60
2022-06-26T21:01:15,31,29,0,60
2022-06-26T21:11:42,31,29,0,60
2022-06-26T21:22:10,31,29,0,60
2022-06-26T21:32:37,31,29,0,60
2022-06-26T21:43:05,31,29,0,60
2022-06-26T21:53:33,31,29,0,60
2022-06-26T22:04:00,31,29,0,60
2022-06-26T22:14:28,31,29,0,60
2022-06-26T22:24:56,31,29,0,60
2022-06-26T22:35:35,31,29,0,60
2022-06-26T22:46:03,31,29,0,60
2022-06-26T22:56:30,31,29,0,60
2022-06-26T23:06:59,31,29,0,60
2022-06-26T23:17:27,31,29,0,60
2022-06-26T23:27:56,31,29,0,60
2022-06-26T23:38:24,31,29,0,60
2022-06-26T23:48:52,31,29,0,60
2022-06-26T23:59:20,31,29,0,60
2022-06-27T00:09:49,31,29,0,60
2022-06-27T00:20:21,31,29,0,60
2022-06-27T00:31:01,31,29,0,60
2022-06-27T00:41:30,31,29,0,60
2022-06-27T00:51:59,31,29,0,60
2022-06-27T01:02:27,31,29,0,60
2022-06-27T01:12:55,31,29,0,60
2022-06-27T01:23:30,31,29,0,60
2022-06-27T01:34:02,31,29,0,60
2022-06-27T01:44:32,31,29,0,60
2022-06-27T01:55:02,31,29,0,60
2022-06-27T02:05:46,31,29,0,60
2022-06-27T02:16:16,31,29,0,60
2022-06-27T02:26:58,31,29,0,60
2022-06-27T02:37:26,31,29,0,60
2022-06-27T02:47:55,31,29,0,60
2022-06-27T02:58:23,31,29,0,60
2022-06-27T03:08:51,31,29,0,60
2022-06-27T03:19:18,31,29,0,60
2022-06-27T03:29:46,31,29,0,60
2022-06-27T03:40:15,31,29,0,60
2022-06-27T03:50:46,31,29,0,60
2022-06-27T04:01:15,31,29,0,60
2022-06-27T04:20:46,31,29,0,60
2022-06-27T04:31:54,31,29,0,60
2022-06-27T04:43:34,31,29,0,60
2022-06-27T04:54:05,31,29,0,60
2022-06-27T05:04:36,31,29,0,60
2022-06-27T05:15:08,31,29,0,60
2022-06-27T05:25:38,31,29,0,60
2022-06-27T05:36:08,31,29,0,60
2022-06-27T05:46:38,31,29,0,60
2022-06-27T05:57:08,31,29,0,60
2022-06-27T06:07:37,31,29,0,60
2022-06-27T06:18:07,31,29,0,60
2022-06-27T06:28:36,31,29,0,60
2022-06-27T06:39:05,31,29,0,60
2022-06-27T06:49:33,31,29,0,60
2022-06-27T07:00:00,31,29,0,60
2022-06-27T07:10:30,31,29,0,60
2022-06-27T07:20:58,31,29,0,60
2022-06-27T07:31:27,31,29,0,60
2022-06-27T07:41:56,31,29,0,60
2022-06-27T07:52:25,31,29,0,60
2022-06-27T08:03:11,31,29,0,60
2022-06-27T08:13:40,31,29,0,60
2022-06-27T08:24:09,31,29,0,60
2022-06-27T08:34:39,31,29,0,60
2022-06-27T08:45:08,31,29,0,60
2022-06-27T08:55:37,31,29,0,60
2022-06-27T09:06:06,31,29,0,60
2022-06-27T09:16:36,31,29,0,60
2022-06-27T09:27:18,31,29,0,60
2022-06-27T09:37:50,31,29,0,60
2022-06-27T09:48:22,31,29,0,60
2022-06-27T09:58:53,31,29,0,60
2022-06-27T10:09:25,31,29,0,60
2022-06-27T10:19:57,31,29,0,60
2022-06-27T10:30:30,31,29,0,60
2022-06-27T10:41:16,31,29,0,60
2022-06-27T10:51:48,31,29,0,60
2022-06-27T11:02:19,31,29,0,60
2022-06-27T11:12:51,31,29,0,60
2022-06-27T11:23:22,31,29,0,60
2022-06-27T11:34:04,31,29,0,60
2022-06-27T11:44:34,31,29,0,60
2022-06-27T11:55:05,31,29,0,60
2022-06-27T12:05:35,31,29,0,60
2022-06-27T12:16:06,31,29,0,60
2022-06-27T12:26:47,31,29,0,60
2022-06-27T12:37:17,31,29,0,60
2022-06-27T12:47:47,31,29,0,60
2022-06-27T12:58:17,31,29,0,60
2022-06-27T13:08:47,31,29,0,60
2022-06-27T13:19:17,31,29,0,60
2022-06-27T13:29:47,31,29,0,60
2022-06-27T13:40:36,31,29,0,60
2022-06-27T13:51:07,31,29,0,60
2022-06-27T14:01:37,31,29,0,60
2022-06-27T14:12:07,31,29,0,60
2022-06-27T14:22:37,31,29,0,60
2022-06-27T14:33:07,31,29,0,60
2022-06-27T14:43:37,31,29,0,60
2022-06-27T14:54:18,31,29,0,60
2022-06-27T15:04:49,31,29,0,60
2022-06-27T15:15:18,31,29,0,60
2022-06-27T15:25:48,31,29,0,60
2022-06-27T15:36:17,31,29,0,60
2022-06-27T15:46:48,31,29,0,60
2022-06-27T15:57:17,31,29,0,60
2022-06-27T16:07:46,31,29,0,60
2022-06-27T16:18:25,31,29,0,60
2022-06-27T16:28:54,31,29,0,60
2022-06-27T16:39:24,31,29,0,60
2022-06-27T16:49:52,31,29,0,60
2022-06-27T17:00:20,31,29,0,60
2022-06-27T17:10:51,31,29,0,60
2022-06-27T17:21:19,31,29,0,60
2022-06-27T17:31:47,31,29,0,60
2022-06-27T17:42:25,31,29,0,60
2022-06-27T17:52:53,31,29,0,60
2022-06-27T18:03:21,31,29,0,60
2022-06-27T18:13:50,31,29,0,60
2022-06-27T18:24:21,31,29,0,60
2022-06-27T18:34:54,31,29,0,60
2022-06-27T18:45:27,31,29,0,60
2022-06-27T18:56:01,31,29,0,60
2022-06-27T19:06:34,31,29,0,60
2022-06-27T19:17:28,31,29,0,60
2022-06-27T19:28:01,31,29,0,60
2022-06-27T19:38:36,31,29,0,60
2022-06-27T19:49:10,31,29,0,60
2022-06-27T19:59:48,31,29,0,60
2022-06-27T20:10:25,31,29,0,60
2022-06-27T20:21:01,31,29,0,60
2022-06-27T20:31:39,31,29,0,60
2022-06-27T20:42:16,31,29,0,60
2022-06-27T20:52:49,31,29,0,60
2022-06-27T21:03:20,31,29,0,60
2022-06-27T21:13:59,31,29,0,60
2022-06-27T21:24:29,31,29,0,60
2022-06-27T21:34:58,31,29,0,60
2022-06-27T21:45:25,31,29,0,60
2022-06-27T21:55:53,31,29,0,60
2022-06-27T22:06:21,31,29,0,60
2022-06-27T22:16:49,31,29,0,60
2022-06-27T22:27:17,31,29,0,60
2022-06-27T22:37:45,31,29,0,60
2022-06-27T22:48:25,31,29,0,60
2022-06-27T22:58:52,31,29,0,60
2022-06-27T23:09:21,31,29,0,60
2022-06-27T23:19:49,31,29,0,60
2022-06-27T23:30:17,31,29,0,60
2022-06-27T23:40:45,31,29,0,60
2022-06-27T23:51:12,31,29,0,60
2022-06-28T00:01:39,31,29,0,60
2022-06-28T00:12:10,31,29,0,60
2022-06-28T00:23:02,31,29,0,60
2022-06-28T00:33:32,31,29,0,60
2022-06-28T00:44:02,31,29,0,60
2022-06-28T00:54:32,31,29,0,60
2022-06-28T01:05:01,31,29,0,60
2022-06-28T01:15:31,31,29,0,60
2022-06-28T01:26:01,31,29,0,60
2022-06-28T01:36:30,31,29,0,60
2022-06-28T01:47:10,31,29,0,60
2022-06-28T01:57:40,31,29,0,60
2022-06-28T02:08:09,31,29,0,60
2022-06-28T02:18:37,31,29,0,60
2022-06-28T02:29:05,31,29,0,60
2022-06-28T02:39:33,31,29,0,60
2022-06-28T02:50:00,31,29,0,60
2022-06-28T03:00:27,31,29,0,60
2022-06-28T03:10:54,31,29,0,60
2022-06-28T03:21:22,31,29,0,60
2022-06-28T03:31:49,31,29,0,60
2022-06-28T03:42:18,31,29,0,60
2022-06-28T03:52:59,31,29,0,60
2022-06-28T04:03:29,31,29,0,60
2022-06-28T04:13:59,31,29,0,60
2022-06-28T04:28:49,31,29,0,60
2022-06-28T04:40:44,31,29,0,60
2022-06-28T04:51:16,31,29,0,60
2022-06-28T05:01:47,31,29,0,60
2022-06-28T05:12:18,31,29,0,60
2022-06-28T05:22:51,31,29,0,60
2022-06-28T05:33:20,31,29,0,60
2022-06-28T05:43:49,31,29,0,60
2022-06-28T05:54:18,31,29,0,60
2022-06-28T06:04:48,31,29,0,60
2022-06-28T06:15:17,31,29,0,60
2022-06-28T06:25:46,31,29,0,60
2022-06-28T06:36:16,31,29,0,60
2022-06-28T06:46:45,31,29,0,60
2022-06-28T06:57:14,31,29,0,60
2022-06-28T07:07:44,31,29,0,60
2022-06-28T07:18:13,31,29,0,60
2022-06-28T07:28:44,31,29,0,60
2022-06-28T07:39:22,31,29,0,60
2022-06-28T07:49:52,31,29,0,60
2022-06-28T08:00:21,31,29,0,60
2022-06-28T08:10:51,31,29,0,60
2022-06-28T08:21:21,31,29,0,60
2022-06-28T08:31:50,31,29,0,60
2022-06-28T08:42:19,31,29,0,60
2022-06-28T08:52:49,31,29,0,60
2022-06-28T09:03:19,31,29,0,60
2022-06-28T09:13:49,31,29,0,60
2022-06-28T09:24:19,31,29,0,60
2022-06-28T09:34:50,31,29,0,60
2022-06-28T09:45:30,31,29,0,60
2022-06-28T09:56:01,31,29,0,60
2022-06-28T10:06:31,31,29,0,60
2022-06-28T10:17:02,31,29,0,60
2022-06-28T10:27:36,31,29,0,60
2022-06-28T10:38:13,31,29,0,60
2022-06-28T10:48:46,31,29,0,60
2022-06-28T10:59:31,31,29,0,60
2022-06-28T11:10:05,31,29,0,60
2022-06-28T11:20:40,31,29,0,60
2022-06-28T11:31:17,31,29,0,60
2022-06-28T11:41:52,31,29,0,60
2022-06-28T11:52:28,31,29,0,60
2022-06-28T12:03:08,31,29,0,60
2022-06-28T12:14:12,31,29,0,60
2022-06-28T12:24:53,31,29,0,60
2022-06-28T12:35:34,31,29,0,60
2022-06-28T12:46:20,31,29,0,60
2022-06-28T12:57:01,31,29,0,60
2022-06-28T13:07:35,31,29,0,60
2022-06-28T13:18:11,31,29,0,60
2022-06-28T13:28:59,31,29,0,60
2022-06-28T13:39:32,31,29,0,60
2022-06-28T13:50:07,31,29,0,60
2022-06-28T14:00:38,31,29,0,60
2022-06-28T14:11:08,31,29,0,60
2022-06-28T14:21:39,31,29,0,60
2022-06-28T14:32:11,31,29,0,60
2022-06-28T14:42:51,31,29,0,60
2022-06-28T14:53:21,31,29,0,60
2022-06-28T15:03:51,31,29,0,60
2022-06-28T15:14:21,31,29,0,60
2022-06-28T15:24:50,31,29,0,60
2022-06-28T15:35:20,31,29,0,60
2022-06-28T15:45:50,31,29,0,60
2022-06-28T15:56:31,31,29,0,60
2022-06-28T16:07:01,31,29,0,60
2022-06-28T16:17:30,31,29,0,60
2022-06-28T16:27:59,31,29,0,60
2022-06-28T16:38:29,31,29,0,60
2022-06-28T16:49:20,31,29,0,60
2022-06-28T16:59:49,31,29,0,60
2022-06-28T17:10:18,31,29,0,60
2022-06-28T17:20:47,31,29,0,60
2022-06-28T17:31:16,31,29,0,60
2022-06-28T17:41:44,31,29,0,60
2022-06-28T17:52:12,31,29,0,60
2022-06-28T18:02:41,31,29,0,60
2022-06-28T18:13:20,31,29,0,60
2022-06-28T18:23:49,31,29,0,60
2022-06-28T18:34:17,31,29,0,60
2022-06-28T18:44:45,31,29,0,60
2022-06-28T18:55:15,31,29,0,60
2022-06-28T19:05:43,31,29,0,60
2022-06-28T19:16:22,31,29,0,60
2022-06-28T19:26:51,31,29,0,60
2022-06-28T19:37:19,31,29,0,60
2022-06-28T19:47:46,31,29,0,60
2022-06-28T19:58:16,31,29,0,60
2022-06-28T20:08:44,31,29,0,60
2022-06-28T20:19:13,31,29,0,60
2022-06-28T20:29:41,31,29,0,60
2022-06-28T20:40:09,31,29,0,60
2022-06-28T20:50:48,31,29,0,60
2022-06-28T21:01:17,31,29,0,60
2022-06-28T21:11:44,31,29,0,60
2022-06-28T21:22:12,31,29,0,60
2022-06-28T21:32:40,31,29,0,60
2022-06-28T21:43:09,31,29,0,60
2022-06-28T21:53:37,31,29,0,60
2022-06-28T22:04:05,31,29,0,60
2022-06-28T22:14:33,31,29,0,60
2022-06-28T22:25:01,31,29,0,60
2022-06-28T22:35:30,31,29,0,60
2022-06-28T22:46:09,31,29,0,60
2022-06-28T22:56:37,31,29,0,60
2022-06-28T23:07:06,31,29,0,60
2022-06-28T23:17:35,31,29,0,60
2022-06-28T23:28:03,31,29,0,60
2022-06-28T23:38:31,31,29,0,60
2022-06-28T23:48:59,31,29,0,60
2022-06-28T23:59:27,31,29,0,60
2022-06-29T00:09:57,31,29,0,60
2022-06-29T00:20:28,31,29,0,60
2022-06-29T00:31:08,31,29,0,60
2022-06-29T00:41:39,31,29,0,60
2022-06-29T00:52:10,31,29,0,60
2022-06-29T01:02:41,31,29,0,60
2022-06-29T01:13:12,31,29,0,60
2022-06-29T01:23:43,31,29,0,60
2022-06-29T01:34:13,31,29,0,60
2022-06-29T01:44:43,31,29,0,60
2022-06-29T01:55:12,31,29,0,60
2022-06-29T02:05:53,31,29,0,60
2022-06-29T02:16:22,31,29,0,60
2022-06-29T02:26:50,31,29,0,60
2022-06-29T02:37:18,31,29,0,60
2022-06-29T02:47:46,31,29,0,60
2022-06-29T02:58:14,31,29,0,60
2022-06-29T03:08:42,31,29,0,60
2022-06-29T03:19:21,31,29,0,60
2022-06-29T03:29:48,31,29,0,60
2022-06-29T03:40:16,31,29,0,60
2022-06-29T03:50:46,31,29,0,60
2022-06-29T04:01:16,31,29,0,60
2022-06-29T04:11:47,31,29,0,60
2022-06-29T04:24:06,31,29,0,60
2022-06-29T04:35:00,31,29,0,60
2022-06-29T04:45:31,31,29,0,60
2022-06-29T04:56:03,31,29,0,60
2022-06-29T05:06:41,31,29,0,60
2022-06-29T05:17:12,31,29,0,60
2022-06-29T05:27:42,31,29,0,60
2022-06-29T05:39:58,31,29,0,60
2022-06-29T05:50:29,31,29,0,60
2022-06-29T06:00:59,31,29,0,60
2022-06-29T06:11:29,31,29,0,60
2022-06-29T06:22:00,31,29,0,60
2022-06-29T06:32:30,31,29,0,60
2022-06-29T06:43:00,31,29,0,60
2022-06-29T06:53:31,31,29,0,60
2022-06-29T07:04:11,31,29,0,60
2022-06-29T07:14:41,31,29,0,60
2022-06-29T07:25:11,31,29,0,60
2022-06-29T07:35:41,31,29,0,60
2022-06-29T07:46:11,31,29,0,60
2022-06-29T07:56:42,31,29,0,60
2022-06-29T08:07:13,31,29,0,60
2022-06-29T08:17:44,31,29,0,60
2022-06-29T08:28:15,31,29,0,60
2022-06-29T08:38:45,31,29,0,60
2022-06-29T08:49:15,31,29,0,60
2022-06-29T08:59:45,31,29,0,60
2022-06-29T09:10:14,31,29,0,60
2022-06-29T09:20:44,31,29,0,60
2022-06-29T09:31:15,31,29,0,60
2022-06-29T09:41:55,31,29,0,60
2022-06-29T09:52:25,31,29,0,60
2022-06-29T10:02:55,31,29,0,60
2022-06-29T10:13:27,31,29,0,60
2022-06-29T10:23:57,31,29,0,60
2022-06-29T10:34:28,31,29,0,60
2022-06-29T10:44:57,31,29,0,60
2022-06-29T10:55:28,31,29,0,60
2022-06-29T11:06:11,31,29,0,60
2022-06-29T11:16:41,31,29,0,60
2022-06-29T11:27:11,31,29,0,60
2022-06-29T11:37:41,31,29,0,60
2022-06-29T11:48:12,31,29,0,60
2022-06-29T11:58:43,31,29,0,60
2022-06-29T12:09:15,31,29,0,60
2022-06-29T12:19:44,31,29,0,60
2022-06-29T12:30:26,31,29,0,60
2022-06-29T12:40:55,31,29,0,60
2022-06-29T12:51:24,31,29,0,60
2022-06-29T13:01:54,31,29,0,60
2022-06-29T13:12:23,31,29,0,60
2022-06-29T13:22:53,31,29,0,60
2022-06-29T13:33:23,31,29,0,60
2022-06-29T13:43:53,31,29,0,60
2022-06-29T13:54:24,31,29,0,60
2022-06-29T14:04:54,31,29,0,60
2022-06-29T14:15:35,31,29,0,60
2022-06-29T14:26:06,31,29,0,60
2022-06-29T14:36:36,31,29,0,60
2022-06-29T14:47:06,31,29,0,60
2022-06-29T14:57:36,31,29,0,60
2022-06-29T15:08:07,31,29,0,60
2022-06-29T15:18:38,31,29,0,60
2022-06-29T15:29:19,31,29,0,60
2022-06-29T15:39:50,31,29,0,60
2022-06-29T15:50:20,31,29,0,60
2022-06-29T16:00:49,31,29,0,60
2022-06-29T16:11:21,31,29,0,60
2022-06-29T16:21:51,31,29,0,60
2022-06-29T16:32:20,31,29,0,60
2022-06-29T16:42:49,31,29,0,60
2022-06-29T16:53:18,31,29,0,60
2022-06-29T17:03:58,31,29,0,60
2022-06-29T17:14:28,31,29,0,60
2022-06-29T17:24:57,31,29,0,60
2022-06-29T17:35:26,31,29,0,60
2022-06-29T17:45:55,31,29,0,60
2022-06-29T17:56:24,31,29,0,60
2022-06-29T18:06:54,31,29,0,60
2022-06-29T18:17:23,31,29,0,60
2022-06-29T18:28:03,31,29,0,60
2022-06-29T18:38:32,31,29,0,60
2022-06-29T18:49:01,31,29,0,60
2022-06-29T18:59:30,31,29,0,60
2022-06-29T19:09:58,31,29,0,60
2022-06-29T19:20:27,31,29,0,60
2022-06-29T19:30:56,31,29,0,60
2022-06-29T19:41:25,31,29,0,60
2022-06-29T19:51:54,31,29,0,60
2022-06-29T20:02:33,31,29,0,60
2022-06-29T20:13:02,31,29,0,60
2022-06-29T20:23:31,31,29,0,60
2022-06-29T20:34:00,31,29,0,60
2022-06-29T20:44:29,31,29,0,60
2022-06-29T20:54:57,31,29,0,60
2022-06-29T21:05:26,31,29,0,60
2022-06-29T21:15:54,31,29,0,60
2022-06-29T21:26:33,31,29,0,60
2022-06-29T21:37:02,31,29,0,60
2022-06-29T21:47:32,31,29,0,60
2022-06-29T21:58:00,31,29,0,60
2022-06-29T22:08:29,31,29,0,60
2022-06-29T22:18:58,31,29,0,60
2022-06-29T22:29:26,31,29,0,60
2022-06-29T22:39:56,31,29,0,60
2022-06-29T22:50:24,31,29,0,60
2022-06-29T23:01:04,31,29,0,60
2022-06-29T23:11:34,31,29,0,60
2022-06-29T23:22:03,31,29,0,60
2022-06-29T23:32:32,31,29,0,60
2022-06-29T23:43:01,31,29,0,60
2022-06-29T23:53:29,31,29,0,60
2022-06-30T00:03:59,31,29,0,60
2022-06-30T00:14:29,31,29,0,60
2022-06-30T00:25:00,31,29,0,60
2022-06-30T00:35:30,31,29,0,60
2022-06-30T00:46:02,31,29,0,60
2022-06-30T00:56:33,31,29,0,60
2022-06-30T01:07:04,31,29,0,60
2022-06-30T01:17:45,31,29,0,60
2022-06-30T01:28:15,31,29,0,60
2022-06-30T01:38:45,31,29,0,60
2022-06-30T01:49:16,31,29,0,60
2022-06-30T01:59:46,31,29,0,60
2022-06-30T02:10:15,31,29,0,60
2022-06-30T02:20:54,31,29,0,60
2022-06-30T02:31:23,31,29,0,60
2022-06-30T02:41:51,31,29,0,60
2022-06-30T02:52:19,31,29,0,60
2022-06-30T03:02:47,31,29,0,60
2022-06-30T03:13:16,31,29,0,60
2022-06-30T03:23:44,31,29,0,60
2022-06-30T03:34:12,31,29,0,60
2022-06-30T03:44:42,31,29,0,60
2022-06-30T03:55:13,31,29,0,60
2022-06-30T04:08:03,31,29,0,60
2022-06-30T04:28:58,31,29,0,60
2022-06-30T04:39:30,31,29,0,60
2022-06-30T04:50:02,31,29,0,60
2022-06-30T05:00:33,31,29,0,60
2022-06-30T05:11:06,31,29,0,60
2022-06-30T05:21:37,31,29,0,60
2022-06-30T05:32:07,31,29,0,60
2022-06-30T05:42:38,31,29,0,60
2022-06-30T05:53:14,31,29,0,60
2022-06-30T06:03:44,31,29,0,60
2022-06-30T06:14:15,31,29,0,60
2022-06-30T06:24:46,31,29,0,60
2022-06-30T06:35:17,31,29,0,60
2022-06-30T06:45:56,31,29,0,60
2022-06-30T06:56:33,31,29,0,60
2022-06-30T07:07:18,31,29,0,60
2022-06-30T07:17:57,31,29,0,60
2022-06-30T07:28:42,31,29,0,60
2022-06-30T07:39:27,31,29,0,60
2022-06-30T07:50:08,31,29,0,60
2022-06-30T08:00:52,31,29,0,60
2022-06-30T08:11:36,31,29,0,60
2022-06-30T08:22:15,31,29,0,60
2022-06-30T08:32:47,31,29,0,60
2022-06-30T08:43:18,31,29,0,60
2022-06-30T08:53:57,31,29,0,60
2022-06-30T09:04:35,31,29,0,60
2022-06-30T09:15:14,31,29,0,60
2022-06-30T09:25:54,31,29,0,60
2022-06-30T09:36:45,31,29,0,60
2022-06-30T09:47:22,31,29,0,60
2022-06-30T09:58:01,31,29,0,60
2022-06-30T10:08:40,31,29,0,60
2022-06-30T10:19:17,31,29,0,60
2022-06-30T10:29:51,31,29,0,60
2022-06-30T10:40:26,31,29,0,60
2022-06-30T10:50:58,31,29,0,60
2022-06-30T11:01:29,31,29,0,60
2022-06-30T11:12:11,31,29,0,60
2022-06-30T11:22:41,31,29,0,60
2022-06-30T11:33:11,31,29,0,60
2022-06-30T11:43:42,31,29,0,60
2022-06-30T11:54:12,31,29,0,60
2022-06-30T12:04:43,31,29,0,60
2022-06-30T12:15:14,31,29,0,60
2022-06-30T12:25:55,31,29,0,60
2022-06-30T12:36:26,31,29,0,60
2022-06-30T12:46:57,31,29,0,60
2022-06-30T12:57:27,31,29,0,60
2022-06-30T13:07:58,31,29,0,60
2022-06-30T13:18:30,31,29,0,60
2022-06-30T13:29:00,31,29,0,60
2022-06-30T13:39:31,31,29,0,60
2022-06-30T13:50:02,31,29,0,60
2022-06-30T14:00:45,31,29,0,60
2022-06-30T14:11:17,31,29,0,60
2022-06-30T14:21:48,31,29,0,60
2022-06-30T14:32:19,31,29,0,60
2022-06-30T14:42:50,31,29,0,60
2022-06-30T14:53:21,31,29,0,60
2022-06-30T15:03:52,31,29,0,60
2022-06-30T15:14:23,31,29,0,60
2022-06-30T15:25:04,31,29,0,60
2022-06-30T15:35:35,31,29,0,60
2022-06-30T15:46:06,31,29,0,60
2022-06-30T15:56:37,31,29,0,60
2022-06-30T16:07:08,31,29,0,60
2022-06-30T16:17:38,31,29,0,60
2022-06-30T16:28:09,31,29,0,60
2022-06-30T16:38:39,31,29,0,60
2022-06-30T16:49:20,31,29,0,60
2022-06-30T16:59:50,31,29,0,60
2022-06-30T17:10:20,31,29,0,60
2022-06-30T17:20:50,31,29,0,60
2022-06-30T17:31:20,31,29,0,60
2022-06-30T17:41:50,31,29,0,60
2022-06-30T17:52:20,31,29,0,60
2022-06-30T18:02:49,31,29,0,60
2022-06-30T18:13:19,31,29,0,60
2022-06-30T18:23:49,31,29,0,60
2022-06-30T18:34:19,31,29,0,60
2022-06-30T18:44:59,31,29,0,60
2022-06-30T18:55:29,31,29,0,60
2022-06-30T19:05:58,30,30,0,60
2022-06-30T19:16:27,30,30,0,60
2022-06-30T19:26:57,30,30,0,60
2022-06-30T19:37:26,30,30,0,60
2022-06-30T19:47:55,30,30,0,60
2022-06-30T19:58:24,30,30,0,60
2022-06-30T20:08:54,30,30,0,60
2022-06-30T20:19:23,30,30,0,60
2022-06-30T20:29:53,30,30,0,60
2022-06-30T20:40:22,30,30,0,60
2022-06-30T20:50:53,30,30,0,60
2022-06-30T21:01:35,30,30,0,60
2022-06-30T21:12:04,30,30,0,60
2022-06-30T21:22:33,30,30,0,60
2022-06-30T21:33:02,30,30,0,60
2022-06-30T21:43:32,30,30,0,60
2022-06-30T21:54:01,30,30,0,60
2022-06-30T22:04:31,30,30,0,60
2022-06-30T22:15:00,30,30,0,60
2022-06-30T22:25:29,30,30,0,60
2022-06-30T22:35:59,30,30,0,60
2022-06-30T22:46:28,30,30,0,60
2022-06-30T22:57:08,30,30,0,60
2022-06-30T23:07:38,30,30,0,60
2022-06-30T23:18:08,30,30,0,60
2022-06-30T23:28:37,30,30,0,60
2022-06-30T23:39:07,30,30,0,60
2022-06-30T23:49:36,30,30,0,60
2022-07-01T00:00:06,30,30,0,60
2022-07-01T00:10:37,30,30,0,60
2022-07-01T00:21:15,30,30,0,60
2022-07-01T00:31:46,30,30,0,60
2022-07-01T00:42:29,30,30,0,60
2022-07-01T00:53:01,30,30,0,60
2022-07-01T01:03:34,30,30,0,60
2022-07-01T01:14:06,30,30,0,60
2022-07-01T01:24:38,30,30,0,60
2022-07-01T01:35:10,30,30,0,60
2022-07-01T01:45:42,30,30,0,60
2022-07-01T01:56:15,30,30,0,60
2022-07-01T02:06:47,30,30,0,60
2022-07-01T02:17:19,30,30,0,60
2022-07-01T02:28:01,30,30,0,60
2022-07-01T02:38:31,30,30,0,60
2022-07-01T02:49:01,30,30,0,60
2022-07-01T02:59:31,30,30,0,60
2022-07-01T03:10:00,30,30,0,60
2022-07-01T03:20:30,30,30,0,60
2022-07-01T03:31:00,30,30,0,60
2022-07-01T03:41:30,30,30,0,60
2022-07-01T03:52:02,30,30,0,60
2022-07-01T04:02:34,30,30,0,60
2022-07-01T04:18:10,30,30,0,60
2022-07-01T04:29:53,30,30,0,60
2022-07-01T04:40:42,30,30,0,60
2022-07-01T04:51:16,30,30,0,60
2022-07-01T05:01:49,30,30,0,60
2022-07-01T05:12:21,30,30,0,60
2022-07-01T05:22:53,30,30,0,60
2022-07-01T05:33:25,30,30,0,60
2022-07-01T05:43:57,30,30,0,60
2022-07-01T05:54:28,30,30,0,60
2022-07-01T06:05:01,30,30,0,60
2022-07-01T06:15:29,30,30,0,60
2022-07-01T06:25:58,30,30,0,60
2022-07-01T06:36:28,30,30,0,60
2022-07-01T06:46:57,30,30,0,60
2022-07-01T06:57:27,30,30,0,60
2022-07-01T07:07:57,30,30,0,60
2022-07-01T07:18:27,30,30,0,60
2022-07-01T07:28:57,30,30,0,60
2022-07-01T07:39:27,30,30,0,60
2022-07-01T07:49:56,30,30,0,60
2022-07-01T08:00:36,30,30,0,60
2022-07-01T08:11:06,30,30,0,60
2022-07-01T08:21:37,30,30,0,60
2022-07-01T08:32:08,30,30,0,60
2022-07-01T08:42:38,30,30,0,60
2022-07-01T08:53:09,30,30,0,60
2022-07-01T09:03:39,30,30,0,60
2022-07-01T09:14:10,30,30,0,60
2022-07-01T09:24:41,30,30,0,60
2022-07-01T09:35:13,30,30,0,60
2022-07-01T09:45:44,30,30,0,60
2022-07-01T09:56:15,30,30,0,60
2022-07-01T10:06:46,30,30,0,60
2022-07-01T10:17:28,30,30,0,60
2022-07-01T10:27:59,30,30,0,60
2022-07-01T10:38:30,30,30,0,60
2022-07-01T10:49:00,30,30,0,60
2022-07-01T10:59:31,30,30,0,60
2022-07-01T11:10:02,30,30,0,60
2022-07-01T11:20:34,30,30,0,60
2022-07-01T11:31:05,30,30,0,60
2022-07-01T11:41:36,30,30,0,60
2022-07-01T11:52:07,30,30,0,60
2022-07-01T12:02:37,30,30,0,60
2022-07-01T12:13:09,30,30,0,60
2022-07-01T12:23:50,30,30,0,60
2022-07-01T12:34:20,30,30,0,60
2022-07-01T12:44:51,30,30,0,60
2022-07-01T12:55:21,30,30,0,60
2022-07-01T13:05:51,30,30,0,60
2022-07-01T13:16:22,30,30,0,60
2022-07-01T13:26:53,30,30,0,60
2022-07-01T13:37:24,30,30,0,60
2022-07-01T13:48:06,30,30,0,60
2022-07-01T13:58:37,30,30,0,60
2022-07-01T14:09:07,30,30,0,60
2022-07-01T14:19:38,30,30,0,60
2022-07-01T14:30:09,30,30,0,60
2022-07-01T14:40:41,30,30,0,60
2022-07-01T14:51:11,30,30,0,60
2022-07-01T15:01:42,30,30,0,60
2022-07-01T15:12:13,30,30,0,60
2022-07-01T15:22:44,30,30,0,60
2022-07-01T15:33:14,30,30,0,60
2022-07-01T15:43:55,30,30,0,60
2022-07-01T15:54:27,30,30,0,60
2022-07-01T16:04:57,30,30,0,60
2022-07-01T16:15:28,30,30,0,60
2022-07-01T16:25:57,30,30,0,60
2022-07-01T16:36:27,30,30,0,60
2022-07-01T16:46:57,30,30,0,60
2022-07-01T16:57:26,30,30,0,60
2022-07-01T17:07:57,30,30,0,60
2022-07-01T17:18:27,30,30,0,60
2022-07-01T17:28:56,30,30,0,60
2022-07-01T17:39:26,30,30,0,60
2022-07-01T17:50:06,30,30,0,60
2022-07-01T18:00:35,30,30,0,60
2022-07-01T18:11:05,30,30,0,60
2022-07-01T18:21:34,30,30,0,60
2022-07-01T18:32:03,30,30,0,60
2022-07-01T18:42:33,30,30,0,60
2022-07-01T18:53:02,30,30,0,60
2022-07-01T19:03:31,30,30,0,60
2022-07-01T19:14:00,30,30,0,60
2022-07-01T19:24:30,30,30,0,60
2022-07-01T19:34:59,30,30,0,60
2022-07-01T19:45:31,30,30,0,60
2022-07-01T19:56:00,30,30,0,60
2022-07-01T20:06:40,30,30,0,60
2022-07-01T20:17:09,30,30,0,60
2022-07-01T20:27:38,30,30,0,60
2022-07-01T20:38:07,30,30,0,60
2022-07-01T20:48:36,30,30,0,60
2022-07-01T20:59:04,30,30,0,60
2022-07-01T21:09:34,30,30,0,60
2022-07-01T21:20:03,30,30,0,60
2022-07-01T21:30:32,30,30,0,60
2022-07-01T21:41:01,30,30,0,60
2022-07-01T21:51:30,30,30,0,60
2022-07-01T22:02:10,30,30,0,60
2022-07-01T22:12:39,30,30,0,60
2022-07-01T22:23:08,30,30,0,60
2022-07-01T22:33:38,30,30,0,60
2022-07-01T22:44:07,30,30,0,60
2022-07-01T22:54:36,30,30,0,60
2022-07-01T23:05:06,30,30,0,60
2022-07-01T23:15:37,30,30,0,60
2022-07-01T23:26:07,30,30,0,60
2022-07-01T23:36:36,30,30,0,60
2022-07-01T23:47:05,30,30,0,60
2022-07-01T23:57:34,30,30,0,60
2022-07-02T00:08:04,30,30,0,60
2022-07-02T00:18:48,30,30,0,60
2022-07-02T00:29:18,30,30,0,60
2022-07-02T00:39:50,30,30,0,60
2022-07-02T00:50:23,30,30,0,60
2022-07-02T01:00:56,30,30,0,60
2022-07-02T01:11:28,30,30,0,60
2022-07-02T01:22:00,30,30,0,60
2022-07-02T01:32:32,30,30,0,60
2022-07-02T01:48:07,30,30,0,60
2022-07-02T02:08:52,30,30,0,60
2022-07-02T02:23:38,30,30,0,60
2022-07-02T02:34:08,30,30,0,60
2022-07-02T02:44:39,30,30,0,60
2022-07-02T02:55:09,30,30,0,60
2022-07-02T03:05:39,30,30,0,60
2022-07-02T03:16:08,30,30,0,60
2022-07-02T03:26:36,30,30,0,60
2022-07-02T03:37:16,30,30,0,60
2022-07-02T03:47:47,30,30,0,60
2022-07-02T03:58:17,30,30,0,60
2022-07-02T04:08:48,30,30,0,60
2022-07-02T04:24:25,30,30,0,60
2022-07-02T04:36:02,30,30,0,60
2022-07-02T04:46:35,30,30,0,60
2022-07-02T04:57:06,30,30,0,60
2022-07-02T05:07:37,30,30,0,60
2022-07-02T05:18:08,30,30,0,60
2022-07-02T05:28:41,30,30,0,60
2022-07-02T05:39:12,30,30,0,60
2022-07-02T05:49:43,30,30,0,60
2022-07-02T06:00:13,30,30,0,60
2022-07-02T06:10:43,30,30,0,60
2022-07-02T06:21:14,30,30,0,60
2022-07-02T06:31:45,30,30,0,60
2022-07-02T06:42:15,30,30,0,60
2022-07-02T06:52:46,30,30,0,60
2022-07-02T07:03:16,30,30,0,60
2022-07-02T07:13:48,30,30,0,60
2022-07-02T07:24:20,30,30,0,60
2022-07-02T07:34:51,30,30,0,60
2022-07-02T07:45:32,30,30,0,60
2022-07-02T07:56:03,30,30,0,60
2022-07-02T08:06:34,30,30,0,60
2022-07-02T08:17:04,30,30,0,60
2022-07-02T08:27:35,30,30,0,60
2022-07-02T08:38:06,30,30,0,60
2022-07-02T08:48:36,30,30,0,60
2022-07-02T08:59:06,30,30,0,60
2022-07-02T09:09:36,30,30,0,60
2022-07-02T09:20:05,30,30,0,60
2022-07-02T09:30:39,30,30,0,60
2022-07-02T09:41:10,30,30,0,60
2022-07-02T09:51:54,30,30,0,60
2022-07-02T10:02:24,30,30,0,60
2022-07-02T10:12:55,30,30,0,60
2022-07-02T10:23:25,30,30,0,60
2022-07-02T10:33:55,30,30,0,60
2022-07-02T10:44:25,30,30,0,60
2022-07-02T10:54:54,30,30,0,60
2022-07-02T11:05:24,30,30,0,60
2022-07-02T11:15:54,30,30,0,60
2022-07-02T11:26:36,30,30,0,60
2022-07-02T11:37:08,30,30,0,60
2022-07-02T11:47:39,30,30,0,60
2022-07-02T11:58:10,30,30,0,60
2022-07-02T12:08:40,30,30,0,60
2022-07-02T12:19:12,30,30,0,60
2022-07-02T12:29:42,30,30,0,60
2022-07-02T12:40:12,30,30,0,60
2022-07-02T12:50:43,30,30,0,60
2022-07-02T13:01:14,30,30,0,60
2022-07-02T13:11:45,30,30,0,60
2022-07-02T13:22:15,30,30,0,60
2022-07-02T13:32:45,30,30,0,60
2022-07-02T13:43:15,30,30,0,60
2022-07-02T13:53:46,30,30,0,60
2022-07-02T14:04:16,30,30,0,60
2022-07-02T14:14:47,30,30,0,60
2022-07-02T14:25:28,30,30,0,60
2022-07-02T14:35:58,30,30,0,60
2022-07-02T14:46:26,30,30,0,60
2022-07-02T14:56:55,30,30,0,60
2022-07-02T15:07:24,30,30,0,60
2022-07-02T15:17:52,30,30,0,60
2022-07-02T15:28:21,30,30,0,60
2022-07-02T15:38:50,30,30,0,60
2022-07-02T15:49:19,30,30,0,60
2022-07-02T15:59:48,30,30,0,60
2022-07-02T16:10:28,30,30,0,60
2022-07-02T16:20:56,30,30,0,60
2022-07-02T16:31:25,30,30,0,60
2022-07-02T16:41:54,30,30,0,60
2022-07-02T16:52:23,30,30,0,60
2022-07-02T17:02:52,30,30,0,60
2022-07-02T17:13:22,30,30,0,60
2022-07-02T17:23:51,30,30,0,60
2022-07-02T17:34:19,30,30,0,60
2022-07-02T17:44:48,30,30,0,60
2022-07-02T17:55:18,30,30,0,60
2022-07-02T18:05:47,30,30,0,60
2022-07-02T18:16:16,30,30,0,60
2022-07-02T18:26:45,30,30,0,60
2022-07-02T18:37:14,30,30,0,60
2022-07-02T18:47:43,30,30,0,60
2022-07-02T18:58:12,30,30,0,60
2022-07-02T19:08:52,30,30,0,60
2022-07-02T19:19:21,30,30,0,60
2022-07-02T19:29:50,30,30,0,60
2022-07-02T19:40:20,30,30,0,60
2022-07-02T19:50:51,30,30,0,60
2022-07-02T20:01:21,30,30,0,60
2022-07-02T20:11:52,30,30,0,60
2022-07-02T20:22:23,30,30,0,60
2022-07-02T20:32:53,30,30,0,60
2022-07-02T20:43:23,30,30,0,60
2022-07-02T20:53:54,30,30,0,60
2022-07-02T21:04:25,30,30,0,60
2022-07-02T21:14:55,30,30,0,60
2022-07-02T21:25:25,30,30,0,60
2022-07-02T21:35:56,30,30,0,60
2022-07-02T21:46:35,30,30,0,60
2022-07-02T21:57:04,30,30,0,60
2022-07-02T22:07:33,30,30,0,60
2022-07-02T22:18:02,30,30,0,60
2022-07-02T22:28:32,30,30,0,60
2022-07-02T22:39:02,30,30,0,60
2022-07-02T22:49:31,30,30,0,60
2022-07-02T23:00:00,30,30,0,60
2022-07-02T23:10:30,30,30,0,60
2022-07-02T23:21:00,30,30,0,60
2022-07-02T23:31:30,30,30,0,60
2022-07-02T23:42:01,30,30,0,60
2022-07-02T23:52:30,30,30,0,60
2022-07-03T00:02:59,30,30,0,60
2022-07-03T00:13:30,30,30,0,60
2022-07-03T00:24:01,30,30,0,60
2022-07-03T00:34:31,30,30,0,60
2022-07-03T00:45:03,30,30,0,60
2022-07-03T00:55:34,30,30,0,60
2022-07-03T01:06:14,30,30,0,60
2022-07-03T01:16:44,30,30,0,60
2022-07-03T01:27:15,30,30,0,60
2022-07-03T01:37:45,30,30,0,60
2022-07-03T01:48:16,30,30,0,60
2022-07-03T01:58:47,30,30,0,60
2022-07-03T02:09:18,30,30,0,60
2022-07-03T02:19:49,30,30,0,60
2022-07-03T02:30:20,30,30,0,60
2022-07-03T02:40:51,30,30,0,60
2022-07-03T02:51:23,30,30,0,60
2022-07-03T03:01:54,30,30,0,60
2022-07-03T03:12:35,30,30,0,60
2022-07-03T03:23:04,30,30,0,60
2022-07-03T03:33:35,30,30,0,60
2022-07-03T03:44:06,30,30,0,60
2022-07-03T03:54:37,30,30,0,60
2022-07-03T04:05:09,30,30,0,60
2022-07-03T04:25:57,30,30,0,60
2022-07-03T04:36:50,30,30,0,60
2022-07-03T04:47:23,30,30,0,60
2022-07-03T04:57:55,30,30,0,60
2022-07-03T05:08:27,30,30,0,60
2022-07-03T05:18:59,30,30,0,60
2022-07-03T05:29:29,30,30,0,60
2022-07-03T05:39:59,30,30,0,60
2022-07-03T05:50:28,30,30,0,60
2022-07-03T06:00:58,30,30,0,60
2022-07-03T06:11:29,30,30,0,60
2022-07-03T06:22:00,30,30,0,60
2022-07-03T06:32:29,30,30,0,60
2022-07-03T06:42:59,30,30,0,60
2022-07-03T06:53:28,30,30,0,60
2022-07-03T07:03:57,30,30,0,60
2022-07-03T07:14:27,30,30,0,60
2022-07-03T07:24:56,30,30,0,60
2022-07-03T07:35:28,30,30,0,60
2022-07-03T07:45:58,30,30,0,60
2022-07-03T07:56:27,30,30,0,60
2022-07-03T08:06:56,30,30,0,60
2022-07-03T08:17:26,30,30,0,60
2022-07-03T08:27:56,30,30,0,60
2022-07-03T08:38:26,30,30,0,60
2022-07-03T08:48:56,30,30,0,60
2022-07-03T08:59:25,30,30,0,60
2022-07-03T09:09:53,30,30,0,60
2022-07-03T09:20:31,30,30,0,60
2022-07-03T09:31:00,30,30,0,60
2022-07-03T09:41:30,30,30,0,60
2022-07-03T09:51:59,30,30,0,60
2022-07-03T10:02:28,30,30,0,60
2022-07-03T10:12:58,30,30,0,60
2022-07-03T10:23:27,30,30,0,60
2022-07-03T10:33:56,30,30,0,60
2022-07-03T10:44:25,30,30,0,60
2022-07-03T10:54:54,30,30,0,60
2022-07-03T11:05:23,30,30,0,60
2022-07-03T11:15:52,30,30,0,60
2022-07-03T11:26:21,30,30,0,60
2022-07-03T11:36:51,30,30,0,60
2022-07-03T11:47:21,30,30,0,60
2022-07-03T11:57:51,30,30,0,60
2022-07-03T12:08:32,30,30,0,60
2022-07-03T12:19:02,30,30,0,60
2022-07-03T12:29:31,30,30,0,60
2022-07-03T12:40:00,30,30,0,60
2022-07-03T12:50:30,30,30,0,60
2022-07-03T13:01:00,30,30,0,60
2022-07-03T13:11:35,30,30,0,60
2022-07-03T13:22:05,30,30,0,60
2022-07-03T13:32:35,30,30,0,60
2022-07-03T13:43:05,30,30,0,60
2022-07-03T13:53:34,30,30,0,60
2022-07-03T14:04:04,30,30,0,60
2022-07-03T14:14:43,30,30,0,60
2022-07-03T14:25:12,30,30,0,60
2022-07-03T14:35:41,30,30,0,60
2022-07-03T14:46:10,30,30,0,60
2022-07-03T14:56:39,30,30,0,60
2022-07-03T15:07:09,30,30,0,60
2022-07-03T15:17:38,30,30,0,60
2022-07-03T15:28:08,30,30,0,60
2022-07-03T15:38:36,30,30,0,60
2022-07-03T15:49:06,30,30,0,60
2022-07-03T15:59:35,30,30,0,60
2022-07-03T16:10:04,30,30,0,60
2022-07-03T16:20:33,30,30,0,60
2022-07-03T16:31:11,30,30,0,60
2022-07-03T16:41:40,30,30,0,60
2022-07-03T16:52:09,30,30,0,60
2022-07-03T17:02:38,30,30,0,60
2022-07-03T17:13:09,30,30,0,60
2022-07-03T17:25:49,30,30,0,60
2022-07-03T17:36:18,30,30,0,60
2022-07-03T17:46:47,30,30,0,60
2022-07-03T17:57:16,30,30,0,60
2022-07-03T18:07:45,30,30,0,60
2022-07-03T18:18:14,30,30,0,60
2022-07-03T18:28:43,30,30,0,60
2022-07-03T18:39:12,30,30,0,60
2022-07-03T18:49:41,30,30,0,60
2022-07-03T19:00:19,30,30,0,60
2022-07-03T19:10:49,30,30,0,60
2022-07-03T19:21:20,30,30,0,60
2022-07-03T19:31:50,30,30,0,60
2022-07-03T19:42:21,30,30,0,60
2022-07-03T19:52:59,30,30,0,60
2022-07-03T20:03:29,30,30,0,60
2022-07-03T20:13:58,30,30,0,60
2022-07-03T20:24:27,30,30,0,60
2022-07-03T20:34:55,30,30,0,60
2022-07-03T20:45:24,30,30,0,60
2022-07-03T20:55:52,30,30,0,60
2022-07-03T21:06:22,30,30,0,60
2022-07-03T21:16:51,30,30,0,60
2022-07-03T21:27:19,30,30,0,60
2022-07-03T21:37:49,30,30,0,60
2022-07-03T21:48:18,30,30,0,60
2022-07-03T21:58:58,30,30,0,60
2022-07-03T22:09:27,30,30,0,60
2022-07-03T22:19:56,30,30,0,60
2022-07-03T22:30:25,30,30,0,60
2022-07-03T22:40:55,30,30,0,60
2022-07-03T22:51:24,30,30,0,60
2022-07-03T23:01:53,30,30,0,60
2022-07-03T23:12:23,30,30,0,60
2022-07-03T23:22:53,30,30,0,60
2022-07-03T23:33:24,30,30,0,60
2022-07-03T23:43:54,30,30,0,60
2022-07-03T23:54:23,30,30,0,60
2022-07-04T00:04:52,30,30,0,60
2022-07-04T00:15:26,30,30,0,60
2022-07-04T00:26:01,30,30,0,60
2022-07-04T00:36:42,30,30,0,60
2022-07-04T00:47:13,30,30,0,60
2022-07-04T00:57:43,30,30,0,60
2022-07-04T01:08:14,30,30,0,60
2022-07-04T01:18:48,30,30,0,60
2022-07-04T01:29:20,30,30,0,60
2022-07-04T01:39:52,30,30,0,60
2022-07-04T01:50:21,30,30,0,60
2022-07-04T02:00:53,30,30,0,60
2022-07-04T02:11:24,30,30,0,60
2022-07-04T02:21:55,30,30,0,60
2022-07-04T02:32:26,30,30,0,60
2022-07-04T02:42:57,30,30,0,60
2022-07-04T02:53:35,30,30,0,60
2022-07-04T03:04:04,30,30,0,60
2022-07-04T03:14:33,30,30,0,60
2022-07-04T03:25:04,30,30,0,60
2022-07-04T03:35:37,30,30,0,60
2022-07-04T03:46:09,30,30,0,60
2022-07-04T03:56:40,30,30,0,60
2022-07-04T04:07:11,30,30,0,60
2022-07-04T04:34:24,30,30,0,60
2022-07-04T04:44:56,30,30,0,60
2022-07-04T04:55:28,30,30,0,60
2022-07-04T05:06:02,30,30,0,60
2022-07-04T05:16:35,30,30,0,60
2022-07-04T05:27:07,30,30,0,60
2022-07-04T05:37:38,30,30,0,60
2022-07-04T05:48:09,30,30,0,60
2022-07-04T05:58:40,30,30,0,60
2022-07-04T06:09:12,30,30,0,60
2022-07-04T06:19:42,30,30,0,60
2022-07-04T06:30:13,30,30,0,60
2022-07-04T06:40:43,30,30,0,60
2022-07-04T06:51:14,30,30,0,60
2022-07-04T07:01:44,30,30,0,60
2022-07-04T07:12:22,30,30,0,60
2022-07-04T07:22:50,30,30,0,60
2022-07-04T07:33:19,30,30,0,60
2022-07-04T07:43:49,30,30,0,60
2022-07-04T07:54:17,30,30,0,60
2022-07-04T08:04:46,30,30,0,60
2022-07-04T08:15:15,30,30,0,60
2022-07-04T08:25:45,30,30,0,60
2022-07-04T08:36:14,30,30,0,60
2022-07-04T08:46:43,30,30,0,60
2022-07-04T08:57:12,30,30,0,60
2022-07-04T09:08:00,30,30,0,60
2022-07-04T09:18:29,30,30,0,60
2022-07-04T09:28:58,30,30,0,60
2022-07-04T09:39:27,30,30,0,60
2022-07-04T09:49:56,30,30,0,60
2022-07-04T10:00:25,30,30,0,60
2022-07-04T10:10:54,30,30,0,60
2022-07-04T10:21:23,30,30,0,60
2022-07-04T10:31:52,30,30,0,60
2022-07-04T10:42:33,30,30,0,60
2022-07-04T10:53:02,30,30,0,60
2022-07-04T11:03:31,30,30,0,60
2022-07-04T11:14:00,30,30,0,60
2022-07-04T11:24:28,30,30,0,60
2022-07-04T11:34:57,30,30,0,60
2022-07-04T11:45:26,30,30,0,60
2022-07-04T11:55:54,30,30,0,60
2022-07-04T12:06:23,30,30,0,60
2022-07-04T12:16:53,30,30,0,60
2022-07-04T12:27:22,30,30,0,60
2022-07-04T12:37:51,30,30,0,60
2022-07-04T12:48:19,30,30,0,60
2022-07-04T12:58:48,30,30,0,60
2022-07-04T13:09:17,30,30,0,60
2022-07-04T13:19:55,30,30,0,60
2022-07-04T13:30:25,30,30,0,60
2022-07-04T13:40:54,30,30,0,60
2022-07-04T13:51:23,30,30,0,60
2022-07-04T14:01:51,30,30,0,60
2022-07-04T14:12:20,30,30,0,60
2022-07-04T14:22:49,30,30,0,60
2022-07-04T14:33:18,30,30,0,60
2022-07-04T14:43:47,30,30,0,60
2022-07-04T14:54:16,30,30,0,60
2022-07-04T15:04:45,30,30,0,60
2022-07-04T15:15:25,30,30,0,60
2022-07-04T15:25:54,30,30,0,60
2022-07-04T15:36:24,30,30,0,60
2022-07-04T15:46:53,30,30,0,60
2022-07-04T15:57:22,30,30,0,60
2022-07-04T16:07:52,30,30,0,60
2022-07-04T16:18:21,30,30,0,60
2022-07-04T16:28:50,30,30,0,60
2022-07-04T16:39:19,30,30,0,60
2022-07-04T16:49:49,30,30,0,60
2022-07-04T17:00:18,30,30,0,60
2022-07-04T17:10:47,30,30,0,60
2022-07-04T17:21:16,30,30,0,60
2022-07-04T17:31:45,30,30,0,60
2022-07-04T17:42:14,30,30,0,60
2022-07-04T17:52:52,30,30,0,60
2022-07-04T18:03:20,30,30,0,60
2022-07-04T18:13:49,30,30,0,60
2022-07-04T18:24:17,30,30,0,60
2022-07-04T18:34:46,30,30,0,60
2022-07-04T18:45:14,30,30,0,60
2022-07-04T18:55:43,30,30,0,60
2022-07-04T19:06:12,30,30,0,60
2022-07-04T19:16:41,30,30,0,60
2022-07-04T19:27:10,30,30,0,60
2022-07-04T19:37:39,30,30,0,60
2022-07-04T19:48:08,30,30,0,60
2022-07-04T19:58:36,30,30,0,60
2022-07-04T20:09:05,30,30,0,60
2022-07-04T20:19:33,30,30,0,60
2022-07-04T20:30:02,30,30,0,60
2022-07-04T20:40:30,30,30,0,60
2022-07-04T20:51:09,30,30,0,60
2022-07-04T21:01:38,30,30,0,60
2022-07-04T21:12:07,30,30,0,60
2022-07-04T21:22:35,30,30,0,60
2022-07-04T21:33:03,30,30,0,60
2022-07-04T21:43:32,30,30,0,60
2022-07-04T21:54:01,30,30,0,60
2022-07-04T22:04:30,30,30,0,60
2022-07-04T22:14:59,30,30,0,60
2022-07-04T22:25:28,30,30,0,60
2022-07-04T22:35:57,30,30,0,60
2022-07-04T22:46:26,30,30,0,60
2022-07-04T22:56:54,30,30,0,60
2022-07-04T23:07:35,30,30,0,60
2022-07-04T23:18:04,30,30,0,60
2022-07-04T23:28:34,30,30,0,60
2022-07-04T23:39:03,30,30,0,60
2022-07-04T23:49:34,30,30,0,60
2022-07-05T00:00:04,30,30,0,60
2022-07-05T00:10:34,30,30,0,60
2022-07-05T00:21:06,30,30,0,60
2022-07-05T00:31:35,30,30,0,60
2022-07-05T00:42:06,30,30,0,60
2022-07-05T00:52:36,30,30,0,60
2022-07-05T01:03:15,30,30,0,60
2022-07-05T01:13:47,30,30,0,60
2022-07-05T01:24:17,30,30,0,60
2022-07-05T01:34:48,30,30,0,60
2022-07-05T01:45:17,30,30,0,60
2022-07-05T01:55:48,30,30,0,60
2022-07-05T02:06:29,30,30,0,60
2022-07-05T02:16:59,30,30,0,60
2022-07-05T02:27:31,30,30,0,60
2022-07-05T02:38:01,30,30,0,60
2022-07-05T02:48:31,30,30,0,60
2022-07-05T02:59:01,30,30,0,60
2022-07-05T03:09:32,30,30,0,60
2022-07-05T03:20:12,30,30,0,60
2022-07-05T03:30:42,30,30,0,60
2022-07-05T03:41:20,30,30,0,60
2022-07-05T03:52:00,30,30,0,60
2022-07-05T04:03:04,30,30,0,60
2022-07-05T04:28:27,30,30,0,60
2022-07-05T04:39:27,30,30,0,60
2022-07-05T04:50:03,30,30,0,60
2022-07-05T05:00:40,30,30,0,60
2022-07-05T05:11:15,30,30,0,60
2022-07-05T05:21:49,30,30,0,60
2022-07-05T05:32:22,30,30,0,60
2022-07-05T05:42:56,30,30,0,60
2022-07-05T05:53:27,30,30,0,60
2022-07-05T06:03:57,30,30,0,60
2022-07-05T06:14:28,30,30,0,60
2022-07-05T06:24:59,30,30,0,60
2022-07-05T06:35:28,30,30,0,60
2022-07-05T06:45:57,30,30,0,60
2022-07-05T06:56:26,30,30,0,60
2022-07-05T07:06:56,30,30,0,60
2022-07-05T07:17:25,30,30,0,60
2022-07-05T07:27:55,30,30,0,60
2022-07-05T07:38:24,30,30,0,60
2022-07-05T07:48:54,30,30,0,60
2022-07-05T07:59:24,30,30,0,60
2022-07-05T08:09:54,30,30,0,60
2022-07-05T08:20:24,30,30,0,60
2022-07-05T08:30:55,30,30,0,60
2022-07-05T08:41:36,30,30,0,60
2022-07-05T08:52:07,30,30,0,60
2022-07-05T09:02:38,30,30,0,60
2022-07-05T09:13:09,30,30,0,60
2022-07-05T09:23:40,30,30,0,60
2022-07-05T09:34:11,30,30,0,60
2022-07-05T09:44:42,30,30,0,60
2022-07-05T09:55:13,30,30,0,60
2022-07-05T10:05:44,30,30,0,60
2022-07-05T10:16:15,30,30,0,60
2022-07-05T10:26:46,30,30,0,60
2022-07-05T10:37:18,30,30,0,60
2022-07-05T10:47:49,30,30,0,60
2022-07-05T10:58:19,30,30,0,60
2022-07-05T11:08:50,30,30,0,60
2022-07-05T11:19:21,30,30,0,60
2022-07-05T11:30:02,30,30,0,60
2022-07-05T11:40:33,30,30,0,60
2022-07-05T11:51:04,30,30,0,60
2022-07-05T12:01:35,30,30,0,60
2022-07-05T12:12:06,30,30,0,60
2022-07-05T12:22:36,30,30,0,60
2022-07-05T12:33:07,30,30,0,60
2022-07-05T12:43:37,30,30,0,60
2022-07-05T12:54:08,30,30,0,60
2022-07-05T13:04:38,30,30,0,60
2022-07-05T13:15:10,30,30,0,60
2022-07-05T13:25:51,30,30,0,60
2022-07-05T13:36:21,30,30,0,60
2022-07-05T13:46:55,30,30,0,60
2022-07-05T13:57:26,30,30,0,60
2022-07-05T14:07:56,30,30,0,60
2022-07-05T14:18:28,30,30,0,60
2022-07-05T14:28:59,30,30,0,60
2022-07-05T14:39:30,30,30,0,60
2022-07-05T14:50:11,30,30,0,60
2022-07-05T15:00:42,30,30,0,60
2022-07-05T15:11:13,30,30,0,60
2022-07-05T15:21:44,30,30,0,60
2022-07-05T15:32:15,30,30,0,60
2022-07-05T15:42:46,30,30,0,60
2022-07-05T15:53:17,30,30,0,60
2022-07-05T16:03:49,30,30,0,60
2022-07-05T16:14:20,30,30,0,60
2022-07-05T16:24:51,30,30,0,60
2022-07-05T16:35:22,30,30,0,60
2022-07-05T16:45:53,30,30,0,60
2022-07-05T16:56:33,30,30,0,60
2022-07-05T17:07:04,30,30,0,60
2022-07-05T17:17:35,30,30,0,60
2022-07-05T17:28:05,30,30,0,60
2022-07-05T17:38:35,30,30,0,60
2022-07-05T17:49:06,30,30,0,60
2022-07-05T17:59:37,30,30,0,60
2022-07-05T18:10:08,30,30,0,60
2022-07-05T18:20:37,30,30,0,60
2022-07-05T18:31:08,30,30,0,60
2022-07-05T18:41:40,30,30,0,60
2022-07-05T18:52:11,30,30,0,60
2022-07-05T19:02:50,30,30,0,60
2022-07-05T19:13:20,30,30,0,60
2022-07-05T19:23:51,30,30,0,60
2022-07-05T19:34:21,30,30,0,60
2022-07-05T19:44:51,30,30,0,60
2022-07-05T19:55:21,30,30,0,60
2022-07-05T20:05:52,30,30,0,60
2022-07-05T20:16:22,30,30,0,60
2022-07-05T20:26:52,30,30,0,60
2022-07-05T20:37:22,30,30,0,60
2022-07-05T20:47:51,30,30,0,60
2022-07-05T20:58:22,30,30,0,60
2022-07-05T21:08:51,30,30,0,60
2022-07-05T21:19:21,30,30,0,60
2022-07-05T21:29:50,30,30,0,60
2022-07-05T21:40:20,30,30,0,60
2022-07-05T21:50:50,30,30,0,60
2022-07-05T22:01:31,30,30,0,60
2022-07-05T22:12:00,30,30,0,60
2022-07-05T22:22:30,30,30,0,60
2022-07-05T22:33:00,30,30,0,60
2022-07-05T22:43:30,30,30,0,60
2022-07-05T22:54:00,30,30,0,60
2022-07-05T23:04:30,30,30,0,60
2022-07-05T23:15:00,30,30,0,60
2022-07-05T23:25:30,30,30,0,60
2022-07-05T23:36:01,30,30,0,60
2022-07-05T23:46:31,30,30,0,60
2022-07-05T23:57:01,30,30,0,60
2022-07-06T00:07:32,30,30,0,60
2022-07-06T00:18:04,30,30,0,60
2022-07-06T00:28:36,30,30,0,60
2022-07-06T00:39:08,30,30,0,60
2022-07-06T00:49:41,30,30,0,60
2022-07-06T01:00:13,30,30,0,60
2022-07-06T01:10:45,30,30,0,60
2022-07-06T01:21:27,30,30,0,60
2022-07-06T01:32:00,30,30,0,60
2022-07-06T01:42:31,30,30,0,60
2022-07-06T01:53:03,30,30,0,60
2022-07-06T02:03:33,30,30,0,60
2022-07-06T02:14:04,30,30,0,60
2022-07-06T02:24:34,30,30,0,60
2022-07-06T02:35:05,30,30,0,60
2022-07-06T02:45:55,30,30,0,60
2022-07-06T02:56:27,30,30,0,60
2022-07-06T03:07:00,30,30,0,60
2022-07-06T03:17:31,30,30,0,60
2022-07-06T03:28:02,30,30,0,60
2022-07-06T03:38:34,30,30,0,60
2022-07-06T03:49:06,30,30,0,60
2022-07-06T03:59:38,30,30,0,60
2022-07-06T04:10:10,30,30,0,60
2022-07-06T04:26:42,30,30,0,60
2022-07-06T04:37:16,30,30,0,60
2022-07-06T04:47:49,30,30,0,60
2022-07-06T04:59:33,30,30,0,60
2022-07-06T05:10:26,30,30,0,60
2022-07-06T05:20:58,30,30,0,60
2022-07-06T05:31:31,30,30,0,60
2022-07-06T05:42:03,30,30,0,60
2022-07-06T05:52:35,30,30,0,60
2022-07-06T06:03:06,30,30,0,60
2022-07-06T06:13:39,30,30,0,60
2022-07-06T06:24:11,30,30,0,60
2022-07-06T06:34:43,30,30,0,60
2022-07-06T06:45:14,30,30,0,60
2022-07-06T06:55:44,30,30,0,60
2022-07-06T07:06:14,30,30,0,60
2022-07-06T07:16:45,30,30,0,60
2022-07-06T07:27:15,30,30,0,60
2022-07-06T07:37:45,30,30,0,60
2022-07-06T07:48:15,30,30,0,60
2022-07-06T07:58:45,30,30,0,60
2022-07-06T08:09:15,30,30,0,60
2022-07-06T08:19:46,30,30,0,60
2022-07-06T08:30:16,30,30,0,60
2022-07-06T08:40:47,30,30,0,60
2022-07-06T08:51:18,30,30,0,60
2022-07-06T09:01:50,30,30,0,60
2022-07-06T09:12:21,30,30,0,60
2022-07-06T09:22:53,30,30,0,60
2022-07-06T09:33:27,30,30,0,60
2022-07-06T09:43:59,30,30,0,60
2022-07-06T09:54:31,30,30,0,60
2022-07-06T10:05:14,30,30,0,60
2022-07-06T10:15:46,30,30,0,60
2022-07-06T10:26:18,30,30,0,60
2022-07-06T10:36:49,30,30,0,60
2022-07-06T10:47:21,30,30,0,60
2022-07-06T10:57:52,30,30,0,60
2022-07-06T11:08:25,30,30,0,60
2022-07-06T11:18:57,30,30,0,60
2022-07-06T11:29:28,30,30,0,60
2022-07-06T11:40:00,30,30,0,60
2022-07-06T11:50:32,30,30,0,60
2022-07-06T12:01:04,30,30,0,60
2022-07-06T12:11:47,30,30,0,60
2022-07-06T12:22:18,30,30,0,60
2022-07-06T12:32:49,30,30,0,60
2022-07-06T12:43:20,30,30,0,60
2022-07-06T12:53:51,30,30,0,60
2022-07-06T13:04:22,30,30,0,60
2022-07-06T13:14:53,30,30,0,60
2022-07-06T13:25:24,30,30,0,60
2022-07-06T13:35:57,30,30,0,60
2022-07-06T13:46:28,30,30,0,60
2022-07-06T13:57:00,30,30,0,60
2022-07-06T14:07:33,30,30,0,60
2022-07-06T14:18:06,30,30,0,60
2022-07-06T14:28:50,30,30,0,60
2022-07-06T14:39:22,30,30,0,60
2022-07-06T14:49:53,30,30,0,60
2022-07-06T15:00:25,30,30,0,60
2022-07-06T15:10:57,30,30,0,60
2022-07-06T15:21:29,30,30,0,60
2022-07-06T15:32:00,30,30,0,60
2022-07-06T15:42:32,30,30,0,60
2022-07-06T15:53:04,30,30,0,60
2022-07-06T16:03:34,30,30,0,60
2022-07-06T16:14:16,30,30,0,60
2022-07-06T16:24:47,30,30,0,60
2022-07-06T16:35:18,30,30,0,60
2022-07-06T16:45:48,30,30,0,60
2022-07-06T16:56:18,30,30,0,60
2022-07-06T17:06:49,30,30,0,60
2022-07-06T17:17:20,30,30,0,60
2022-07-06T17:27:50,30,30,0,60
2022-07-06T17:38:20,30,30,0,60
2022-07-06T17:48:50,30,30,0,60
2022-07-06T17:59:21,30,30,0,60
2022-07-06T18:09:52,30,30,0,60
2022-07-06T18:20:23,30,30,0,60
2022-07-06T18:30:54,30,30,0,60
2022-07-06T18:41:24,30,30,0,60
2022-07-06T18:51:54,30,30,0,60
2022-07-06T19:02:35,30,30,0,60
2022-07-06T19:13:05,30,30,0,60
2022-07-06T19:23:36,30,30,0,60
2022-07-06T19:34:06,30,30,0,60
2022-07-06T19:44:36,30,30,0,60
2022-07-06T19:55:06,30,30,0,60
2022-07-06T20:05:36,30,30,0,60
2022-07-06T20:16:06,30,30,0,60
2022-07-06T20:26:35,30,30,0,60
2022-07-06T20:37:05,30,30,0,60
2022-07-06T20:47:35,30,30,0,60
2022-07-06T20:58:05,30,30,0,60
2022-07-06T21:08:35,30,30,0,60
2022-07-06T21:19:05,30,30,0,60
2022-07-06T21:29:35,30,30,0,60
2022-07-06T21:40:04,30,30,0,60
2022-07-06T21:50:34,30,30,0,60
2022-07-06T22:01:03,30,30,0,60
2022-07-06T22:11:33,30,30,0,60
2022-07-06T22:22:03,30,30,0,60
2022-07-06T22:32:33,30,30,0,60
2022-07-06T22:43:03,30,30,0,60
2022-07-06T22:53:33,30,30,0,60
2022-07-06T23:04:03,30,30,0,60
2022-07-06T23:14:46,30,30,0,60
2022-07-06T23:25:17,30,30,0,60
2022-07-06T23:35:47,30,30,0,60
2022-07-06T23:46:16,30,30,0,60
2022-07-06T23:56:46,30,30,0,60
2022-07-07T00:07:17,30,30,0,60
2022-07-07T00:17:49,30,30,0,60
2022-07-07T00:28:21,30,30,0,60
2022-07-07T00:38:53,30,30,0,60
2022-07-07T00:49:25,30,30,0,60
2022-07-07T00:59:57,30,30,0,60
2022-07-07T01:10:29,30,30,0,60
2022-07-07T01:21:00,30,30,0,60
2022-07-07T01:31:33,30,30,0,60
2022-07-07T01:42:04,30,30,0,60
2022-07-07T01:52:36,30,30,0,60
2022-07-07T02:03:07,30,30,0,60
2022-07-07T02:13:38,30,30,0,60
2022-07-07T02:24:08,30,30,0,60
2022-07-07T02:34:38,30,30,0,60
2022-07-07T02:45:07,30,30,0,60
2022-07-07T02:55:36,30,30,0,60
2022-07-07T03:06:06,30,30,0,60
2022-07-07T03:16:35,30,30,0,60
2022-07-07T03:27:04,30,30,0,60
2022-07-07T03:37:33,30,30,0,60
2022-07-07T03:48:02,30,30,0,60
2022-07-07T04:00:51,30,30,0,60
2022-07-07T04:22:23,30,30,0,60
2022-07-07T04:33:15,30,30,0,60
2022-07-07T04:43:46,30,30,0,60
2022-07-07T04:54:15,30,30,0,60
2022-07-07T05:04:45,30,30,0,60
2022-07-07T05:15:15,30,30,0,60
2022-07-07T05:25:45,30,30,0,60
2022-07-07T05:36:16,30,30,0,60
2022-07-07T05:46:49,30,30,0,60
2022-07-07T05:57:21,30,30,0,60
2022-07-07T06:07:55,30,30,0,60
2022-07-07T06:18:29,30,30,0,60
2022-07-07T06:29:03,30,30,0,60
2022-07-07T06:39:36,30,30,0,60
2022-07-07T06:50:09,30,30,0,60
2022-07-07T07:00:42,30,30,0,60
2022-07-07T07:11:17,30,30,0,60
2022-07-07T07:21:51,30,30,0,60
2022-07-07T07:32:24,30,30,0,60
2022-07-07T07:42:58,30,30,0,60
2022-07-07T07:53:41,30,30,0,60
2022-07-07T08:04:25,30,30,0,60
2022-07-07T08:15:09,30,30,0,60
2022-07-07T08:25:51,30,30,0,60
2022-07-07T08:36:39,30,30,0,60
2022-07-07T08:47:27,30,30,0,60
2022-07-07T08:58:10,30,30,0,60
2022-07-07T09:08:51,30,30,0,60
2022-07-07T09:19:41,30,30,0,60
2022-07-07T09:30:20,30,30,0,60
2022-07-07T09:40:58,30,30,0,60
2022-07-07T09:51:40,30,30,0,60
2022-07-07T10:02:21,30,30,0,60
2022-07-07T10:13:01,30,30,0,60
2022-07-07T10:23:40,30,30,0,60
2022-07-07T10:34:19,30,30,0,60
2022-07-07T10:45:00,30,30,0,60
2022-07-07T10:55:39,30,30,0,60
2022-07-07T11:06:30,30,30,0,60
2022-07-07T11:17:09,30,30,0,60
2022-07-07T11:27:45,30,30,0,60
2022-07-07T11:38:21,30,30,0,60
2022-07-07T11:48:54,30,30,0,60
2022-07-07T11:59:27,30,30,0,60
2022-07-07T12:09:59,30,30,0,60
2022-07-07T12:20:30,30,30,0,60
2022-07-07T12:31:01,30,30,0,60
2022-07-07T12:41:32,30,30,0,60
2022-07-07T12:52:13,30,30,0,60
2022-07-07T13:02:44,30,30,0,60
2022-07-07T13:13:16,30,30,0,60
2022-07-07T13:23:47,30,30,0,60
2022-07-07T13:34:20,30,30,0,60
2022-07-07T13:44:52,30,30,0,60
2022-07-07T13:55:24,30,30,0,60
2022-07-07T14:05:57,30,30,0,60
2022-07-07T14:16:28,30,30,0,60
2022-07-07T14:27:01,30,30,0,60
2022-07-07T14:37:34,30,30,0,60
2022-07-07T14:48:06,30,30,0,60
2022-07-07T14:58:48,30,30,0,60
2022-07-07T15:09:20,30,30,0,60
2022-07-07T15:19:52,30,30,0,60
2022-07-07T15:30:24,30,30,0,60
2022-07-07T15:40:55,30,30,0,60
2022-07-07T15:51:26,30,30,0,60
2022-07-07T16:02:08,30,30,0,60
2022-07-07T16:12:40,30,30,0,60
2022-07-07T16:23:10,30,30,0,60
2022-07-07T16:33:41,30,30,0,60
2022-07-07T16:44:12,30,30,0,60
2022-07-07T16:54:44,30,30,0,60
2022-07-07T17:05:15,30,30,0,60
2022-07-07T17:15:48,30,30,0,60
2022-07-07T17:26:20,30,30,0,60
2022-07-07T17:36:51,30,30,0,60
2022-07-07T17:47:22,30,30,0,60
2022-07-07T17:58:03,30,30,0,60
2022-07-07T18:08:35,30,30,0,60
2022-07-07T18:19:05,30,30,0,60
2022-07-07T18:29:35,30,30,0,60
2022-07-07T18:40:06,30,30,0,60
2022-07-07T18:50:36,30,30,0,60
2022-07-07T19:01:06,30,30,0,60
2022-07-07T19:11:36,30,30,0,60
2022-07-07T19:22:07,30,30,0,60
2022-07-07T19:32:37,30,30,0,60
2022-07-07T19:43:08,30,30,0,60
2022-07-07T19:53:38,30,30,0,60
2022-07-07T20:04:08,30,30,0,60
2022-07-07T20:14:39,30,30,0,60
2022-07-07T20:25:09,30,30,0,60
2022-07-07T20:35:39,30,30,0,60
2022-07-07T20:46:09,30,30,0,60
2022-07-07T20:56:50,30,30,0,60
2022-07-07T21:07:20,30,30,0,60
2022-07-07T21:17:49,30,30,0,60
2022-07-07T21:28:19,30,30,0,60
2022-07-07T21:38:50,30,30,0,60
2022-07-07T21:49:20,30,30,0,60
2022-07-07T21:59:51,30,30,0,60
2022-07-07T22:10:33,30,30,0,60
2022-07-07T22:21:03,30,30,0,60
2022-07-07T22:31:34,30,30,0,60
2022-07-07T22:42:05,30,30,0,60
2022-07-07T22:52:35,30,30,0,60
2022-07-07T23:03:05,30,30,0,60
2022-07-07T23:13:36,30,30,0,60
2022-07-07T23:24:07,30,30,0,60
2022-07-07T23:34:37,30,30,0,60
2022-07-07T23:45:08,30,30,0,60
2022-07-07T23:55:38,30,30,0,60
2022-07-08T00:06:09,30,30,0,60
2022-07-08T00:16:42,30,30,0,60
2022-07-08T00:27:14,30,30,0,60
2022-07-08T00:37:46,30,30,0,60
2022-07-08T00:48:19,30,30,0,60
2022-07-08T00:59:02,30,30,0,60
2022-07-08T01:09:36,30,30,0,60
2022-07-08T01:20:10,30,30,0,60
2022-07-08T01:30:43,30,30,0,60
2022-07-08T01:41:15,30,30,0,60
2022-07-08T01:51:47,30,30,0,60
2022-07-08T02:02:18,30,30,0,60
2022-07-08T02:12:50,30,30,0,60
2022-07-08T02:23:34,30,30,0,60
2022-07-08T02:34:07,30,30,0,60
2022-07-08T02:44:39,30,30,0,60
2022-07-08T02:55:12,30,30,0,60
2022-07-08T03:05:44,30,30,0,60
2022-07-08T03:16:16,30,30,0,60
2022-07-08T03:26:46,30,30,0,60
2022-07-08T03:37:18,30,30,0,60
2022-07-08T03:49:56,30,30,0,60
2022-07-08T04:00:48,30,30,0,60
2022-07-08T04:11:21,30,30,0,60
2022-07-08T04:27:03,30,30,0,60
2022-07-08T04:37:58,30,30,0,60
2022-07-08T04:48:32,30,30,0,60
2022-07-08T04:59:05,30,30,0,60
2022-07-08T05:09:40,30,30,0,60
2022-07-08T05:20:16,30,30,0,60
2022-07-08T05:30:49,30,30,0,60
2022-07-08T05:41:22,30,30,0,60
2022-07-08T05:51:55,30,30,0,60
2022-07-08T06:02:29,30,30,0,60
2022-07-08T06:13:02,30,30,0,60
2022-07-08T06:23:34,30,30,0,60
2022-07-08T06:34:06,30,30,0,60
2022-07-08T06:44:37,30,30,0,60
2022-07-08T06:55:07,30,30,0,60
2022-07-08T07:05:38,30,30,0,60
2022-07-08T07:16:09,30,30,0,60
2022-07-08T07:26:40,30,30,0,60
2022-07-08T07:37:11,30,30,0,60
2022-07-08T07:47:42,30,30,0,60
2022-07-08T07:58:15,30,30,0,60
2022-07-08T08:08:46,30,30,0,60
2022-07-08T08:19:17,30,30,0,60
2022-07-08T08:29:48,30,30,0,60
2022-07-08T08:40:19,30,30,0,60
2022-07-08T08:50:50,30,30,0,60
2022-07-08T09:01:21,30,30,0,60
2022-07-08T09:11:52,30,30,0,60
2022-07-08T09:22:33,30,30,0,60
2022-07-08T09:33:04,30,30,0,60
2022-07-08T09:43:36,30,30,0,60
2022-07-08T09:54:09,30,30,0,60
2022-07-08T10:04:41,30,30,0,60
2022-07-08T10:15:12,30,30,0,60
2022-07-08T10:25:42,30,30,0,60
2022-07-08T10:36:14,30,30,0,60
2022-07-08T10:46:45,30,30,0,60
2022-07-08T10:57:17,30,30,0,60
2022-07-08T11:07:48,30,30,0,60
2022-07-08T11:18:19,30,30,0,60
2022-07-08T11:28:51,30,30,0,60
2022-07-08T11:39:22,30,30,0,60
2022-07-08T11:50:06,30,30,0,60
2022-07-08T12:00:38,30,30,0,60
2022-07-08T12:11:09,30,30,0,60
2022-07-08T12:21:40,30,30,0,60
2022-07-08T12:32:11,30,30,0,60
2022-07-08T12:42:42,30,30,0,60
2022-07-08T12:53:13,30,30,0,60
2022-07-08T13:03:46,30,30,0,60
2022-07-08T13:14:20,30,30,0,60
2022-07-08T13:24:54,30,30,0,60
2022-07-08T13:35:36,30,30,0,60
2022-07-08T13:46:08,30,30,0,60
2022-07-08T13:56:41,30,30,0,60
2022-07-08T14:07:12,30,30,0,60
2022-07-08T14:17:44,30,30,0,60
2022-07-08T14:28:15,30,30,0,60
2022-07-08T14:38:46,30,30,0,60
2022-07-08T14:49:17,30,30,0,60
2022-07-08T14:59:49,30,30,0,60
2022-07-08T15:10:20,30,30,0,60
2022-07-08T15:20:51,30,30,0,60
2022-07-08T15:31:33,30,30,0,60
2022-07-08T15:42:04,30,30,0,60
2022-07-08T15:52:35,30,30,0,60
2022-07-08T16:03:06,30,30,0,60
2022-07-08T16:13:37,30,30,0,60
2022-07-08T16:24:07,30,30,0,60
2022-07-08T16:34:38,30,30,0,60
2022-07-08T16:45:08,30,30,0,60
2022-07-08T16:55:38,30,30,0,60
2022-07-08T17:06:09,30,30,0,60
2022-07-08T17:16:41,30,30,0,60
2022-07-08T17:27:22,30,30,0,60
2022-07-08T17:37:52,30,30,0,60
2022-07-08T17:48:22,30,30,0,60
2022-07-08T17:58:52,30,30,0,60
2022-07-08T18:09:24,30,30,0,60
2022-07-08T18:19:54,30,30,0,60
2022-07-08T18:30:24,30,30,0,60
2022-07-08T18:40:55,30,30,0,60
2022-07-08T18:51:25,30,30,0,60
2022-07-08T19:01:55,30,30,0,60
2022-07-08T19:12:26,30,30,0,60
2022-07-08T19:22:57,30,30,0,60
2022-07-08T19:33:27,30,30,0,60
2022-07-08T19:43:58,30,30,0,60
2022-07-08T19:54:28,30,30,0,60
2022-07-08T20:05:10,30,30,0,60
2022-07-08T20:15:40,30,30,0,60
2022-07-08T20:26:10,30,30,0,60
2022-07-08T20:36:39,30,30,0,60
2022-07-08T20:47:09,30,30,0,60
2022-07-08T20:57:40,30,30,0,60
2022-07-08T21:08:09,30,30,0,60
2022-07-08T21:18:40,30,30,0,60
2022-07-08T21:29:10,30,30,0,60
2022-07-08T21:39:40,30,30,0,60
2022-07-08T21:50:11,30,30,0,60
2022-07-08T22:00:41,30,30,0,60
2022-07-08T22:11:12,30,30,0,60
2022-07-08T22:21:41,30,30,0,60
2022-07-08T22:32:12,30,30,0,60
2022-07-08T22:42:42,30,30,0,60
2022-07-08T22:53:26,30,30,0,60
2022-07-08T23:04:07,30,30,0,60
2022-07-08T23:14:38,30,30,0,60
2022-07-08T23:25:08,30,30,0,60
2022-07-08T23:35:39,30,30,0,60
2022-07-08T23:46:09,30,30,0,60
2022-07-08T23:56:39,30,30,0,60
2022-07-09T00:07:10,30,30,0,60
2022-07-09T00:17:42,30,30,0,60
2022-07-09T00:28:14,30,30,0,60
2022-07-09T00:38:46,30,30,0,60
2022-07-09T00:49:19,30,30,0,60
2022-07-09T00:59:52,30,30,0,60
2022-07-09T01:10:25,30,30,0,60
2022-07-09T01:20:57,30,30,0,60
2022-07-09T01:31:30,30,30,0,60
2022-07-09T01:42:03,30,30,0,60
2022-07-09T01:52:36,30,30,0,60
2022-07-09T02:03:08,30,30,0,60
2022-07-09T02:13:39,30,30,0,60
2022-07-09T02:24:19,30,30,0,60
2022-07-09T02:34:48,30,30,0,60
2022-07-09T02:45:18,30,30,0,60
2022-07-09T02:55:48,30,30,0,60
2022-07-09T03:06:18,30,30,0,60
2022-07-09T03:16:47,30,30,0,60
2022-07-09T03:27:16,30,30,0,60
2022-07-09T03:37:47,30,30,0,60
2022-07-09T03:48:18,30,30,0,60
2022-07-09T03:58:50,30,30,0,60
2022-07-09T04:28:11,30,30,0,60
2022-07-09T04:38:46,30,30,0,60
2022-07-09T04:49:20,30,30,0,60
2022-07-09T04:59:52,30,30,0,60
2022-07-09T05:10:26,30,30,0,60
2022-07-09T05:21:11,30,30,0,60
2022-07-09T05:31:45,30,30,0,60
2022-07-09T05:42:19,30,30,0,60
2022-07-09T05:52:53,30,30,0,60
2022-07-09T06:03:25,30,30,0,60
2022-07-09T06:13:58,30,30,0,60
2022-07-09T06:24:30,30,30,0,60
2022-07-09T06:35:02,30,30,0,60
2022-07-09T06:45:35,30,30,0,60
2022-07-09T06:56:07,30,30,0,60
2022-07-09T07:06:40,30,30,0,60
2022-07-09T07:17:13,30,30,0,60
2022-07-09T07:27:45,30,30,0,60
2022-07-09T07:38:17,30,30,0,60
2022-07-09T07:48:52,30,30,0,60
2022-07-09T07:59:25,30,30,0,60
2022-07-09T08:10:00,30,30,0,60
2022-07-09T08:20:32,30,30,0,60
2022-07-09T08:31:04,30,30,0,60
2022-07-09T08:42:39,30,30,0,60
2022-07-09T09:02:47,30,30,0,60
2022-07-09T09:23:11,30,30,0,60
2022-07-09T09:45:23,30,30,0,60
2022-07-09T10:06:02,30,30,0,60
2022-07-09T10:27:02,30,30,0,60
2022-07-09T10:40:48,30,30,0,60
2022-07-09T10:51:20,30,30,0,60
2022-07-09T11:01:50,30,30,0,60
2022-07-09T11:12:20,30,30,0,60
2022-07-09T11:22:50,30,30,0,60
2022-07-09T11:33:20,30,30,0,60
2022-07-09T11:43:59,30,30,0,60
2022-07-09T11:54:29,30,30,0,60
2022-07-09T12:05:02,30,30,0,60
2022-07-09T12:15:32,30,30,0,60
2022-07-09T12:26:02,30,30,0,60
2022-07-09T12:36:32,30,30,0,60
2022-07-09T12:47:01,30,30,0,60
2022-07-09T12:57:34,30,30,0,60
2022-07-09T13:08:04,30,30,0,60
2022-07-09T13:18:34,30,30,0,60
2022-07-09T13:29:06,30,30,0,60
2022-07-09T13:39:37,30,30,0,60
2022-07-09T13:50:07,30,30,0,60
2022-07-09T14:00:44,30,30,0,60
2022-07-09T14:11:31,30,30,0,60
2022-07-09T14:22:08,30,30,0,60
2022-07-09T14:32:44,30,30,0,60
2022-07-09T14:43:20,30,30,0,60
2022-07-09T14:53:57,30,30,0,60
2022-07-09T15:04:34,30,30,0,60
2022-07-09T15:15:11,30,30,0,60
2022-07-09T15:25:46,30,30,0,60
2022-07-09T15:36:19,30,30,0,60
2022-07-09T15:46:52,30,30,0,60
2022-07-09T15:57:24,30,30,0,60
2022-07-09T16:08:03,30,30,0,60
2022-07-09T16:18:33,30,30,0,60
2022-07-09T16:29:03,30,30,0,60
2022-07-09T16:39:33,30,30,0,60
2022-07-09T16:50:03,30,30,0,60
2022-07-09T17:00:33,30,30,0,60
2022-07-09T17:11:15,30,30,0,60
2022-07-09T17:21:45,30,30,0,60
2022-07-09T17:32:17,30,30,0,60
2022-07-09T17:42:47,30,30,0,60
2022-07-09T17:53:16,30,30,0,60
2022-07-09T18:03:46,30,30,0,60
2022-07-09T18:14:16,30,30,0,60
2022-07-09T18:24:45,30,30,0,60
2022-07-09T18:35:15,30,30,0,60
2022-07-09T18:45:45,30,30,0,60
2022-07-09T18:56:15,30,30,0,60
2022-07-09T19:06:45,30,30,0,60
2022-07-09T19:17:14,30,30,0,60
2022-07-09T19:27:44,30,30,0,60
2022-07-09T19:38:13,30,30,0,60
2022-07-09T19:48:52,30,30,0,60
2022-07-09T19:59:22,30,30,0,60
2022-07-09T20:09:52,30,30,0,60
2022-07-09T20:20:22,30,30,0,60
2022-07-09T20:30:51,30,30,0,60
2022-07-09T20:41:21,30,30,0,60
2022-07-09T20:51:51,30,30,0,60
2022-07-09T21:02:21,30,30,0,60
2022-07-09T21:12:50,30,30,0,60
2022-07-09T21:23:21,30,30,0,60
2022-07-09T21:33:51,30,30,0,60
2022-07-09T21:44:21,30,30,0,60
2022-07-09T21:54:52,30,30,0,60
2022-07-09T22:05:22,30,30,0,60
2022-07-09T22:15:52,30,30,0,60
2022-07-09T22:26:22,30,30,0,60
2022-07-09T22:37:01,30,30,0,60
2022-07-09T22:47:30,30,30,0,60
2022-07-09T22:58:00,30,30,0,60
2022-07-09T23:08:30,30,30,0,60
2022-07-09T23:19:02,30,30,0,60
2022-07-09T23:29:32,30,30,0,60
2022-07-09T23:40:02,30,30,0,60
2022-07-09T23:50:33,30,30,0,60
2022-07-10T00:01:04,30,30,0,60
2022-07-10T00:11:35,30,30,0,60
2022-07-10T00:22:08,30,30,0,60
2022-07-10T00:32:38,30,30,0,60
2022-07-10T00:43:09,30,30,0,60
2022-07-10T00:53:38,30,30,0,60
2022-07-10T01:04:08,30,30,0,60
2022-07-10T01:14:39,30,30,0,60
2022-07-10T01:25:09,30,30,0,60
2022-07-10T01:35:39,30,30,0,60
2022-07-10T01:46:08,30,30,0,60
2022-07-10T01:56:38,30,30,0,60
2022-07-10T02:07:08,30,30,0,60
2022-07-10T02:17:38,30,30,0,60
2022-07-10T02:28:17,30,30,0,60
2022-07-10T02:38:51,30,30,0,60
2022-07-10T02:49:24,30,30,0,60
2022-07-10T02:59:58,30,30,0,60
2022-07-10T03:10:37,30,30,0,60
2022-07-10T03:21:11,30,30,0,60
2022-07-10T03:31:45,30,30,0,60
2022-07-10T03:42:18,30,30,0,60
2022-07-10T03:52:51,30,30,0,60
2022-07-10T04:03:23,30,30,0,60
2022-07-10T04:13:56,30,30,0,60
2022-07-10T04:29:36,30,30,0,60
2022-07-10T04:40:31,30,30,0,60
2022-07-10T04:51:03,30,30,0,60
2022-07-10T05:01:36,30,30,0,60
2022-07-10T05:12:13,30,30,0,60
2022-07-10T05:22:47,30,30,0,60
2022-07-10T05:33:19,30,30,0,60
2022-07-10T05:43:53,30,30,0,60
2022-07-10T05:54:26,30,30,0,60
2022-07-10T06:04:58,30,30,0,60
2022-07-10T06:15:31,30,30,0,60
2022-07-10T06:26:05,30,30,0,60
2022-07-10T06:36:37,30,30,0,60
2022-07-10T06:47:09,30,30,0,60
2022-07-10T06:57:40,30,30,0,60
2022-07-10T07:08:10,30,30,0,60
2022-07-10T07:18:40,30,30,0,60
2022-07-10T07:29:11,30,30,0,60
2022-07-10T07:39:42,30,30,0,60
2022-07-10T07:50:13,30,30,0,60
2022-07-10T08:00:43,30,30,0,60
2022-07-10T08:11:13,30,30,0,60
2022-07-10T08:21:43,30,30,0,60
2022-07-10T08:32:26,30,30,0,60
2022-07-10T08:42:56,30,30,0,60
2022-07-10T08:53:26,30,30,0,60
2022-07-10T09:03:56,30,30,0,60
2022-07-10T09:14:26,30,30,0,60
2022-07-10T09:24:56,30,30,0,60
2022-07-10T09:35:26,30,30,0,60
2022-07-10T09:45:56,30,30,0,60
2022-07-10T09:56:27,30,30,0,60
2022-07-10T10:06:57,30,30,0,60
2022-07-10T10:17:28,30,30,0,60
2022-07-10T10:27:59,30,30,0,60
2022-07-10T10:38:30,30,30,0,60
2022-07-10T10:49:00,30,30,0,60
2022-07-10T10:59:42,30,30,0,60
2022-07-10T11:10:12,30,30,0,60
2022-07-10T11:20:48,30,30,0,60
2022-07-10T11:31:19,30,30,0,60
2022-07-10T11:41:50,30,30,0,60
2022-07-10T11:52:22,30,30,0,60
2022-07-10T12:02:52,30,30,0,60
2022-07-10T12:13:23,30,30,0,60
2022-07-10T12:23:53,30,30,0,60
2022-07-10T12:34:23,30,30,0,60
2022-07-10T12:44:53,30,30,0,60
2022-07-10T12:55:23,30,30,0,60
2022-07-10T13:05:53,30,30,0,60
2022-07-10T13:16:23,30,30,0,60
2022-07-10T13:26:53,30,30,0,60
2022-07-10T13:37:23,30,30,0,60
2022-07-10T13:48:04,30,30,0,60
2022-07-10T13:58:33,30,30,0,60
2022-07-10T14:09:03,30,30,0,60
2022-07-10T14:19:33,30,30,0,60
2022-07-10T14:30:03,30,30,0,60
2022-07-10T14:40:34,30,30,0,60
2022-07-10T14:51:03,30,30,0,60
2022-07-10T15:01:33,30,30,0,60
2022-07-10T15:12:03,30,30,0,60
2022-07-10T15:22:33,30,30,0,60
2022-07-10T15:33:04,30,30,0,60
2022-07-10T15:43:34,30,30,0,60
2022-07-10T15:54:04,30,30,0,60
2022-07-10T16:04:34,30,30,0,60
2022-07-10T16:15:05,30,30,0,60
2022-07-10T16:25:44,30,30,0,60
2022-07-10T16:36:15,30,30,0,60
2022-07-10T16:46:46,30,30,0,60
2022-07-10T16:57:17,30,30,0,60
2022-07-10T17:07:47,30,30,0,60
2022-07-10T17:18:17,30,30,0,60
2022-07-10T17:28:48,30,30,0,60
2022-07-10T17:39:18,30,30,0,60
2022-07-10T17:49:49,30,30,0,60
2022-07-10T18:00:19,30,30,0,60
2022-07-10T18:10:50,30,30,0,60
2022-07-10T18:21:20,30,30,0,60
2022-07-10T18:31:50,30,30,0,60
2022-07-10T18:42:20,30,30,0,60
2022-07-10T18:52:51,30,30,0,60
2022-07-10T19:03:21,30,30,0,60
2022-07-10T19:13:52,30,30,0,60
2022-07-10T19:24:23,30,30,0,60
2022-07-10T19:34:54,30,30,0,60
2022-07-10T19:45:24,30,30,0,60
2022-07-10T19:56:05,30,30,0,60
2022-07-10T20:06:36,30,30,0,60
2022-07-10T20:17:06,30,30,0,60
2022-07-10T20:27:36,30,30,0,60
2022-07-10T20:38:07,30,30,0,60
2022-07-10T20:48:36,30,30,0,60
2022-07-10T20:59:06,30,30,0,60
2022-07-10T21:09:37,30,30,0,60
2022-07-10T21:20:08,30,30,0,60
2022-07-10T21:30:39,30,30,0,60
2022-07-10T21:41:09,30,30,0,60
2022-07-10T21:51:41,30,30,0,60
2022-07-10T22:02:11,30,30,0,60
2022-07-10T22:12:41,30,30,0,60
2022-07-10T22:23:11,30,30,0,60
2022-07-10T22:33:52,30,30,0,60
2022-07-10T22:44:22,30,30,0,60
2022-07-10T22:54:52,30,30,0,60
2022-07-10T23:05:23,30,30,0,60
2022-07-10T23:15:54,30,30,0,60
2022-07-10T23:26:25,30,30,0,60
2022-07-10T23:36:56,30,30,0,60
2022-07-10T23:47:26,30,30,0,60
2022-07-10T23:57:56,30,30,0,60
2022-07-11T00:08:28,30,30,0,60
2022-07-11T00:19:04,30,30,0,60
2022-07-11T00:29:38,30,30,0,60
2022-07-11T00:40:10,30,30,0,60
2022-07-11T00:50:41,30,30,0,60
2022-07-11T01:01:12,30,30,0,60
2022-07-11T01:12:00,30,30,0,60
2022-07-11T01:22:33,30,30,0,60
2022-07-11T01:33:06,30,30,0,60
2022-07-11T01:43:37,30,30,0,60
2022-07-11T01:54:09,30,30,0,60
2022-07-11T02:04:52,30,30,0,60
2022-07-11T02:15:25,30,30,0,60
2022-07-11T02:25:56,30,30,0,60
2022-07-11T02:36:28,30,30,0,60
2022-07-11T02:46:59,30,30,0,60
2022-07-11T02:57:30,30,30,0,60
2022-07-11T03:08:00,30,30,0,60
2022-07-11T03:18:31,30,30,0,60
2022-07-11T03:29:01,30,30,0,60
2022-07-11T03:39:33,30,30,0,60
2022-07-11T03:52:43,30,30,0,60
2022-07-11T04:03:21,30,30,0,60
2022-07-11T04:13:54,30,30,0,60
2022-07-11T04:29:50,30,30,0,60
2022-07-11T04:40:55,30,30,0,60
2022-07-11T04:51:27,30,30,0,60
2022-07-11T05:02:02,30,30,0,60
2022-07-11T05:12:35,30,30,0,60
2022-07-11T05:23:09,30,30,0,60
2022-07-11T05:33:42,30,30,0,60
2022-07-11T05:44:14,30,30,0,60
2022-07-11T05:54:45,30,30,0,60
2022-07-11T06:05:19,30,30,0,60
2022-07-11T06:15:51,30,30,0,60
2022-07-11T06:26:23,30,30,0,60
2022-07-11T06:36:54,30,30,0,60
2022-07-11T06:47:25,30,30,0,60
2022-07-11T06:57:56,30,30,0,60
2022-07-11T07:08:27,30,30,0,60
2022-07-11T07:18:58,30,30,0,60
2022-07-11T07:29:38,30,30,0,60
2022-07-11T07:40:09,30,30,0,60
2022-07-11T07:50:40,30,30,0,60
2022-07-11T08:01:10,30,30,0,60
2022-07-11T08:11:42,30,30,0,60
2022-07-11T08:22:13,30,30,0,60
2022-07-11T08:32:46,30,30,0,60
2022-07-11T08:43:18,30,30,0,60
2022-07-11T08:53:49,30,30,0,60
2022-07-11T09:04:20,30,30,0,60
2022-07-11T09:14:51,30,30,0,60
2022-07-11T09:25:23,30,30,0,60
2022-07-11T09:35:54,30,30,0,60
2022-07-11T09:46:26,30,30,0,60
2022-07-11T09:56:59,30,30,0,60
2022-07-11T10:07:32,30,30,0,60
2022-07-11T10:18:03,30,30,0,60
2022-07-11T10:28:35,30,30,0,60
2022-07-11T10:39:07,30,30,0,60
2022-07-11T10:49:38,30,30,0,60
2022-07-11T11:00:23,30,30,0,60
2022-07-11T11:10:56,30,30,0,60
2022-07-11T11:21:32,30,30,0,60
2022-07-11T11:32:09,30,30,0,60
2022-07-11T11:42:41,30,30,0,60
2022-07-11T11:53:13,30,30,0,60
2022-07-11T12:03:45,30,30,0,60
2022-07-11T12:14:16,30,30,0,60
2022-07-11T12:24:47,30,30,0,60
2022-07-11T12:35:18,30,30,0,60
2022-07-11T12:45:59,30,30,0,60
2022-07-11T12:56:30,30,30,0,60
2022-07-11T13:07:02,30,30,0,60
2022-07-11T13:17:34,30,30,0,60
2022-07-11T13:28:05,30,30,0,60
2022-07-11T13:38:37,30,30,0,60
2022-07-11T13:49:09,30,30,0,60
2022-07-11T13:59:42,30,30,0,60
2022-07-11T14:10:14,30,30,0,60
2022-07-11T14:20:47,30,30,0,60
2022-07-11T14:31:29,30,30,0,60
2022-07-11T14:42:01,30,30,0,60
2022-07-11T14:52:32,30,30,0,60
2022-07-11T15:03:06,30,30,0,60
2022-07-11T15:13:39,30,30,0,60
2022-07-11T15:24:10,30,30,0,60
2022-07-11T15:34:42,30,30,0,60
2022-07-11T15:45:15,30,30,0,60
2022-07-11T15:55:47,30,30,0,60
2022-07-11T16:06:18,30,30,0,60
2022-07-11T16:16:50,30,30,0,60
2022-07-11T16:27:20,30,30,0,60
2022-07-11T16:37:51,30,30,0,60
2022-07-11T16:48:23,30,30,0,60
2022-07-11T16:58:54,30,30,0,60
2022-07-11T17:09:35,30,30,0,60
2022-07-11T17:20:07,30,30,0,60
2022-07-11T17:30:39,30,30,0,60
2022-07-11T17:41:10,30,30,0,60
2022-07-11T17:51:41,30,30,0,60
2022-07-11T18:02:12,30,30,0,60
2022-07-11T18:12:42,30,30,0,60
2022-07-11T18:23:13,30,30,0,60
2022-07-11T18:33:43,30,30,0,60
2022-07-11T18:44:15,30,30,0,60
2022-07-11T18:54:45,30,30,0,60
2022-07-11T19:05:17,30,30,0,60
2022-07-11T19:15:48,30,30,0,60
2022-07-11T19:26:18,30,30,0,60
2022-07-11T19:36:58,30,30,0,60
2022-07-11T19:47:28,30,30,0,60
2022-07-11T19:57:58,30,30,0,60
2022-07-11T20:08:28,30,30,0,60
2022-07-11T20:18:59,30,30,0,60
2022-07-11T20:29:29,30,30,0,60
2022-07-11T20:40:00,30,30,0,60
2022-07-11T20:50:31,30,30,0,60
2022-07-11T21:01:01,30,30,0,60
2022-07-11T21:11:33,30,30,0,60
2022-07-11T21:22:04,30,30,0,60
2022-07-11T21:32:44,30,30,0,60
2022-07-11T21:43:15,30,30,0,60
2022-07-11T21:53:48,30,30,0,60
2022-07-11T22:04:18,30,30,0,60
2022-07-11T22:14:49,30,30,0,60
2022-07-11T22:25:19,30,30,0,60
2022-07-11T22:35:49,30,30,0,60
2022-07-11T22:46:19,30,30,0,60
2022-07-11T22:56:49,30,30,0,60
2022-07-11T23:07:20,30,30,0,60
2022-07-11T23:18:01,30,30,0,60
2022-07-11T23:28:32,30,30,0,60
2022-07-11T23:39:03,30,30,0,60
2022-07-11T23:49:33,30,30,0,60
2022-07-12T00:00:03,30,30,0,60
2022-07-12T00:10:34,30,30,0,60
2022-07-12T00:21:11,30,30,0,60
2022-07-12T00:31:43,30,30,0,60
2022-07-12T00:42:17,30,30,0,60
2022-07-12T00:52:50,30,30,0,60
2022-07-12T01:03:23,30,30,0,60
2022-07-12T01:13:55,30,30,0,60
2022-07-12T01:24:38,30,30,0,60
2022-07-12T01:35:11,30,30,0,60
2022-07-12T01:45:42,30,30,0,60
2022-07-12T01:56:14,30,30,0,60
2022-07-12T02:06:46,30,30,0,60
2022-07-12T02:17:17,30,30,0,60
2022-07-12T02:27:49,30,30,0,60
2022-07-12T02:38:20,30,30,0,60
2022-07-12T02:48:50,30,30,0,60
2022-07-12T02:59:20,30,30,0,60
2022-07-12T03:09:50,30,30,0,60
2022-07-12T03:22:12,30,30,0,60
2022-07-12T03:31:06,30,30,0,60
2022-07-12T03:40:02,30,30,0,60
2022-07-12T03:48:58,30,30,0,60
2022-07-12T03:57:54,30,30,0,60
2022-07-12T04:06:53,30,30,0,60
2022-07-12T04:23:38,30,30,0,60
2022-07-12T04:33:01,30,30,0,60
2022-07-12T04:41:59,30,30,0,60
2022-07-12T04:50:56,30,30,0,60
2022-07-12T04:59:52,30,30,0,60
2022-07-12T05:08:48,30,30,0,60
2022-07-12T05:17:43,30,30,0,60
2022-07-12T05:26:38,30,30,0,60
2022-07-12T05:35:34,30,30,0,60
2022-07-12T05:44:31,30,30,0,60
2022-07-12T05:53:37,30,30,0,60
2022-07-12T06:02:34,30,30,0,60
2022-07-12T06:11:33,30,30,0,60
2022-07-12T06:20:30,30,30,0,60
2022-07-12T06:29:27,30,30,0,60
2022-07-12T06:38:24,30,30,0,60
2022-07-12T06:47:23,30,30,0,60
2022-07-12T06:56:21,30,30,0,60
2022-07-12T07:05:21,30,30,0,60
2022-07-12T07:14:17,30,30,0,60
2022-07-12T07:23:14,30,30,0,60
2022-07-12T07:32:10,30,30,0,60
2022-07-12T07:41:05,30,30,0,60
2022-07-12T07:50:02,30,30,0,60
2022-07-12T07:58:59,30,30,0,60
2022-07-12T08:07:56,30,30,0,60
2022-07-12T08:16:53,30,30,0,60
2022-07-12T08:25:50,30,30,0,60
2022-07-12T08:34:48,30,30,0,60
2022-07-12T08:43:44,30,30,0,60
2022-07-12T08:52:42,30,30,0,60
2022-07-12T09:01:40,30,30,0,60
2022-07-12T09:10:48,30,30,0,60
2022-07-12T09:19:45,30,30,0,60
2022-07-12T09:28:42,30,30,0,60
2022-07-12T09:37:37,30,30,0,60
2022-07-12T09:46:34,30,30,0,60
2022-07-12T09:55:30,30,30,0,60
2022-07-12T10:04:26,30,30,0,60
2022-07-12T10:13:23,30,30,0,60
2022-07-12T10:22:20,30,30,0,60
2022-07-12T10:31:17,30,30,0,60
2022-07-12T10:40:14,30,30,0,60
2022-07-12T10:49:11,30,30,0,60
2022-07-12T10:58:08,30,30,0,60
2022-07-12T11:07:05,30,30,0,60
2022-07-12T11:16:14,30,30,0,60
2022-07-12T11:25:10,30,30,0,60
2022-07-12T11:34:07,30,30,0,60
2022-07-12T11:43:03,30,30,0,60
2022-07-12T11:51:59,30,30,0,60
2022-07-12T12:00:55,30,30,0,60
2022-07-12T12:09:52,30,30,0,60
2022-07-12T12:18:47,30,30,0,60
2022-07-12T12:27:43,30,30,0,60
2022-07-12T12:36:39,30,30,0,60
2022-07-12T12:45:35,30,30,0,60
2022-07-12T12:54:31,30,30,0,60
2022-07-12T13:03:28,30,30,0,60
2022-07-12T13:12:24,30,30,0,60
2022-07-12T13:21:29,30,30,0,60
2022-07-12T13:30:27,30,30,0,60
2022-07-12T13:39:23,30,30,0,60
2022-07-12T13:48:20,30,30,0,60
2022-07-12T13:57:16,30,30,0,60
2022-07-12T14:06:12,30,30,0,60
2022-07-12T14:15:08,30,30,0,60
2022-07-12T14:24:05,30,30,0,60
2022-07-12T14:33:01,30,30,0,60
2022-07-12T14:41:57,30,30,0,60
2022-07-12T14:51:03,30,30,0,60
2022-07-12T15:00:00,30,30,0,60
2022-07-12T15:08:56,30,30,0,60
2022-07-12T15:17:52,30,30,0,60
2022-07-12T15:26:49,30,30,0,60
2022-07-12T15:35:45,30,30,0,60
2022-07-12T15:44:44,30,30,0,60
2022-07-12T15:53:39,30,30,0,60
2022-07-12T16:02:48,30,30,0,60
2022-07-12T16:11:44,30,30,0,60
2022-07-12T16:20:40,30,30,0,60
2022-07-12T16:29:35,30,30,0,60
2022-07-12T16:38:30,30,30,0,60
2022-07-12T16:47:26,30,30,0,60
2022-07-12T16:56:22,30,30,0,60
2022-07-12T17:05:28,30,30,0,60
2022-07-12T17:14:24,30,30,0,60
2022-07-12T17:23:20,30,30,0,60
2022-07-12T17:32:15,30,30,0,60
2022-07-12T17:41:10,30,30,0,60
2022-07-12T17:50:05,30,30,0,60
2022-07-12T17:59:00,30,30,0,60
2022-07-12T18:07:55,30,30,0,60
2022-07-12T18:16:51,30,30,0,60
2022-07-12T18:25:47,30,30,0,60
2022-07-12T18:34:42,30,30,0,60
2022-07-12T18:43:37,30,30,0,60
2022-07-12T18:52:31,30,30,0,60
2022-07-12T19:01:38,30,30,0,60
2022-07-12T19:10:32,30,30,0,60
2022-07-12T19:19:28,30,30,0,60
2022-07-12T19:28:24,30,30,0,60
2022-07-12T19:37:20,30,30,0,60
2022-07-12T19:46:15,30,30,0,60
2022-07-12T19:55:10,30,30,0,60
2022-07-12T20:04:04,30,30,0,60
2022-07-12T20:12:59,30,30,0,60
2022-07-12T20:21:54,30,30,0,60
2022-07-12T20:30:49,30,30,0,60
2022-07-12T20:39:43,30,30,0,60
2022-07-12T20:48:38,30,30,0,60
2022-07-12T20:57:33,30,30,0,60
2022-07-12T21:06:28,30,30,0,60
2022-07-12T21:15:33,30,30,0,60
2022-07-12T21:24:28,30,30,0,60
2022-07-12T21:33:21,30,30,0,60
2022-07-12T21:42:16,30,30,0,60
2022-07-12T21:51:11,30,30,0,60
2022-07-12T22:00:15,30,30,0,60
2022-07-12T22:09:09,30,30,0,60
2022-07-12T22:18:03,30,30,0,60
2022-07-12T22:26:57,30,30,0,60
2022-07-12T22:35:52,30,30,0,60
2022-07-12T22:44:47,30,30,0,60
2022-07-12T22:53:42,30,30,0,60
2022-07-12T23:02:46,30,30,0,60
2022-07-12T23:11:41,30,30,0,60
2022-07-12T23:20:36,30,30,0,60
2022-07-12T23:29:31,30,30,0,60
2022-07-12T23:38:25,30,30,0,60
2022-07-12T23:47:20,30,30,0,60
2022-07-12T23:56:14,30,30,0,60
2022-07-13T00:05:09,30,30,0,60
2022-07-13T00:14:04,30,30,0,60
2022-07-13T00:23:02,30,30,0,60
2022-07-13T00:31:57,30,30,0,60
2022-07-13T00:40:54,30,30,0,60
2022-07-13T00:49:52,30,30,0,60
2022-07-13T00:58:58,30,30,0,60
2022-07-13T01:07:56,30,30,0,60
2022-07-13T01:16:54,30,30,0,60
2022-07-13T01:25:52,30,30,0,60
2022-07-13T01:34:51,30,30,0,60
2022-07-13T01:43:47,30,30,0,60
2022-07-13T01:52:45,30,30,0,60
2022-07-13T02:01:42,30,30,0,60
2022-07-13T02:10:38,30,30,0,60
2022-07-13T02:19:34,30,30,0,60
2022-07-13T02:28:31,30,30,0,60
2022-07-13T02:37:37,30,30,0,60
2022-07-13T02:46:34,30,30,0,60
2022-07-13T02:55:30,30,30,0,60
2022-07-13T03:04:26,30,30,0,60
2022-07-13T03:13:23,30,30,0,60
2022-07-13T03:22:18,30,30,0,60
2022-07-13T03:31:13,30,30,0,60
2022-07-13T03:40:10,30,30,0,60
2022-07-13T03:49:06,30,30,0,60
2022-07-13T03:58:03,30,30,0,60
2022-07-13T04:07:00,30,30,0,60
2022-07-13T04:15:58,30,30,0,60
2022-07-13T04:30:04,30,30,0,60
2022-07-13T04:39:24,30,30,0,60
2022-07-13T04:48:22,30,30,0,60
2022-07-13T04:57:19,30,30,0,60
2022-07-13T05:06:18,30,30,0,60
2022-07-13T05:15:17,30,30,0,60
2022-07-13T05:24:15,30,30,0,60
2022-07-13T05:33:12,30,30,0,60
2022-07-13T05:42:13,30,30,0,60
2022-07-13T05:51:09,30,30,0,60
2022-07-13T06:00:07,30,30,0,60
2022-07-13T06:09:04,30,30,0,60
2022-07-13T06:18:02,30,30,0,60
2022-07-13T06:26:59,30,30,0,60
2022-07-13T06:35:56,30,30,0,60
2022-07-13T06:44:51,30,30,0,60
2022-07-13T06:53:56,30,30,0,60
2022-07-13T07:02:51,30,30,0,60
2022-07-13T07:11:47,30,30,0,60
2022-07-13T07:20:42,30,30,0,60
2022-07-13T07:29:38,30,30,0,60
2022-07-13T07:38:33,30,30,0,60
2022-07-13T07:47:28,30,30,0,60
2022-07-13T07:56:23,30,30,0,60
2022-07-13T08:05:18,30,30,0,60
2022-07-13T08:14:14,30,30,0,60
2022-07-13T08:23:10,30,30,0,60
2022-07-13T08:32:06,30,30,0,60
2022-07-13T08:41:01,30,30,0,60
2022-07-13T08:49:57,30,30,0,60
2022-07-13T08:58:54,30,30,0,60
2022-07-13T09:07:50,30,30,0,60
2022-07-13T09:16:46,30,30,0,60
2022-07-13T09:25:42,30,30,0,60
2022-07-13T09:34:38,30,30,0,60
2022-07-13T09:43:44,30,30,0,60
2022-07-13T09:52:40,30,30,0,60
2022-07-13T10:01:37,30,30,0,60
2022-07-13T10:10:33,30,30,0,60
2022-07-13T10:19:31,30,30,0,60
2022-07-13T10:28:28,30,30,0,60
2022-07-13T10:37:24,30,30,0,60
2022-07-13T10:46:21,30,30,0,60
2022-07-13T10:55:17,30,30,0,60
2022-07-13T11:04:23,30,30,0,60
2022-07-13T11:13:19,30,30,0,60
2022-07-13T11:22:15,30,30,0,60
2022-07-13T11:31:11,30,30,0,60
2022-07-13T11:40:07,30,30,0,60
2022-07-13T11:49:02,30,30,0,60
2022-07-13T11:57:58,30,30,0,60
2022-07-13T12:06:54,30,30,0,60
2022-07-13T12:15:50,30,30,0,60
2022-07-13T12:24:45,30,30,0,60
2022-07-13T12:33:41,30,30,0,60
2022-07-13T12:42:37,30,30,0,60
2022-07-13T12:51:33,30,30,0,60
2022-07-13T13:00:40,30,30,0,60
2022-07-13T13:09:36,30,30,0,60
2022-07-13T13:18:32,30,30,0,60
2022-07-13T13:27:28,30,30,0,60
2022-07-13T13:36:25,30,30,0,60
2022-07-13T13:45:24,30,30,0,60
2022-07-13T13:54:20,30,30,0,60
2022-07-13T14:03:16,30,30,0,60
2022-07-13T14:12:13,30,30,0,60
2022-07-13T14:21:09,30,30,0,60
2022-07-13T14:30:16,30,30,0,60
2022-07-13T14:39:13,30,30,0,60
2022-07-13T14:48:09,30,30,0,60
2022-07-13T14:57:06,30,30,0,60
2022-07-13T15:06:02,30,30,0,60
2022-07-13T15:14:58,30,30,0,60
2022-07-13T15:23:54,30,30,0,60
2022-07-13T15:32:50,30,30,0,60
2022-07-13T15:41:46,30,30,0,60
2022-07-13T15:50:42,30,30,0,60
2022-07-13T15:59:50,30,30,0,60
2022-07-13T16:08:46,30,30,0,60
2022-07-13T16:17:41,30,30,0,60
2022-07-13T16:26:36,30,30,0,60
2022-07-13T16:35:32,30,30,0,60
2022-07-13T16:44:27,30,30,0,60
2022-07-13T16:53:22,30,30,0,60
2022-07-13T17:02:27,30,30,0,60
2022-07-13T17:11:23,30,30,0,60
2022-07-13T17:20:18,30,30,0,60
2022-07-13T17:29:14,30,30,0,60
2022-07-13T17:38:09,30,30,0,60
2022-07-13T17:47:05,30,30,0,60
2022-07-13T17:56:00,30,30,0,60
2022-07-13T18:04:55,30,30,0,60
2022-07-13T18:13:50,30,30,0,60
2022-07-13T18:22:45,30,30,0,60
2022-07-13T18:31:40,30,30,0,60
2022-07-13T18:40:35,30,30,0,60
2022-07-13T18:49:30,30,30,0,60
2022-07-13T18:58:34,30,30,0,60
2022-07-13T19:07:31,30,30,0,60
2022-07-13T19:16:26,30,30,0,60
2022-07-13T19:25:21,30,30,0,60
2022-07-13T19:34:16,30,30,0,60
2022-07-13T19:43:11,30,30,0,60
2022-07-13T19:52:06,30,30,0,60
2022-07-13T20:01:00,30,30,0,60
2022-07-13T20:09:55,30,30,0,60
2022-07-13T20:18:50,30,30,0,60
2022-07-13T20:27:44,30,30,0,60
2022-07-13T20:36:39,30,30,0,60
2022-07-13T20:45:34,30,30,0,60
2022-07-13T20:54:28,30,30,0,60
2022-07-13T21:03:23,30,30,0,60
2022-07-13T21:12:18,30,30,0,60
2022-07-13T21:21:13,30,30,0,60
2022-07-13T21:30:19,30,30,0,60
2022-07-13T21:39:15,30,30,0,60
2022-07-13T21:48:10,30,30,0,60
2022-07-13T21:57:07,30,30,0,60
2022-07-13T22:06:02,30,30,0,60
2022-07-13T22:14:56,30,30,0,60
2022-07-13T22:23:50,30,30,0,60
2022-07-13T22:32:45,30,30,0,60
2022-07-13T22:41:40,30,30,0,60
2022-07-13T22:50:35,30,30,0,60
2022-07-13T22:59:29,30,30,0,60
2022-07-13T23:08:27,30,30,0,60
2022-07-13T23:17:22,30,30,0,60
2022-07-13T23:26:17,30,30,0,60
2022-07-13T23:35:12,30,30,0,60
2022-07-13T23:44:07,30,30,0,60
2022-07-13T23:53:02,30,30,0,60
2022-07-14T00:01:57,30,30,0,60
2022-07-14T00:10:52,30,30,0,60
2022-07-14T00:20:02,30,30,0,60
2022-07-14T00:28:58,30,30,0,60
2022-07-14T00:37:57,30,30,0,60
2022-07-14T00:46:55,30,30,0,60
2022-07-14T00:55:53,30,30,0,60
2022-07-14T01:04:50,30,30,0,60
2022-07-14T01:13:47,30,30,0,60
2022-07-14T01:22:43,30,30,0,60
2022-07-14T01:31:41,30,30,0,60
2022-07-14T01:40:38,30,30,0,60
2022-07-14T01:49:36,30,30,0,60
2022-07-14T01:58:32,30,30,0,60
2022-07-14T02:07:28,30,30,0,60
2022-07-14T02:16:24,30,30,0,60
2022-07-14T02:25:19,30,30,0,60
2022-07-14T02:34:13,30,30,0,60
2022-07-14T02:43:08,30,30,0,60
2022-07-14T02:52:02,30,30,0,60
2022-07-14T03:00:57,30,30,0,60
2022-07-14T03:10:04,30,30,0,60
2022-07-14T03:18:59,30,30,0,60
2022-07-14T03:27:52,30,30,0,60
2022-07-14T03:36:47,30,30,0,60
2022-07-14T03:45:42,30,30,0,60
2022-07-14T03:54:38,30,30,0,60
2022-07-14T04:06:01,30,30,0,60
2022-07-14T04:15:21,30,30,0,60
2022-07-14T04:28:06,30,30,0,60
2022-07-14T04:37:26,30,30,0,60
2022-07-14T04:46:24,30,30,0,60
2022-07-14T04:55:22,30,30,0,60
2022-07-14T05:04:19,30,30,0,60
2022-07-14T05:13:16,30,30,0,60
2022-07-14T05:22:14,30,30,0,60
2022-07-14T05:31:12,30,30,0,60
2022-07-14T05:40:10,30,30,0,60
2022-07-14T05:49:06,30,30,0,60
2022-07-14T05:58:02,30,30,0,60
2022-07-14T06:06:59,30,30,0,60
2022-07-14T06:15:56,30,30,0,60
2022-07-14T06:24:53,30,30,0,60
2022-07-14T06:33:50,30,30,0,60
2022-07-14T06:42:47,30,30,0,60
2022-07-14T06:51:44,30,30,0,60
2022-07-14T07:00:41,30,30,0,60
2022-07-14T07:09:38,30,30,0,60
2022-07-14T07:18:35,30,30,0,60
2022-07-14T07:27:36,30,30,0,60
2022-07-14T07:36:33,30,30,0,60
2022-07-14T07:45:32,30,30,0,60
2022-07-14T07:54:28,30,30,0,60
2022-07-14T08:03:24,30,30,0,60
2022-07-14T08:12:20,30,30,0,60
2022-07-14T08:21:16,30,30,0,60
2022-07-14T08:30:13,30,30,0,60
2022-07-14T08:39:09,30,30,0,60
2022-07-14T08:48:04,30,30,0,60
2022-07-14T08:57:11,30,30,0,60
2022-07-14T09:06:07,30,30,0,60
2022-07-14T09:15:04,30,30,0,60
2022-07-14T09:24:00,30,30,0,60
2022-07-14T09:32:56,30,30,0,60
2022-07-14T09:41:53,30,30,0,60
2022-07-14T09:50:49,30,30,0,60
2022-07-14T09:59:46,30,30,0,60
2022-07-14T10:08:42,30,30,0,60
2022-07-14T10:17:39,30,30,0,60
2022-07-14T10:26:35,30,30,0,60
2022-07-14T10:35:33,30,30,0,60
2022-07-14T10:44:30,30,30,0,60
2022-07-14T10:53:38,30,30,0,60
2022-07-14T11:02:34,30,30,0,60
2022-07-14T11:11:31,30,30,0,60
2022-07-14T11:20:26,30,30,0,60
2022-07-14T11:29:23,30,30,0,60
2022-07-14T11:38:19,30,30,0,60
2022-07-14T11:47:15,30,30,0,60
2022-07-14T11:56:12,30,30,0,60
2022-07-14T12:05:09,30,30,0,60
2022-07-14T12:14:05,30,30,0,60
2022-07-14T12:23:02,30,30,0,60
2022-07-14T12:31:58,30,30,0,60
2022-07-14T12:40:54,30,30,0,60
2022-07-14T12:49:49,30,30,0,60
2022-07-14T12:58:47,30,30,0,60
2022-07-14T13:07:54,30,30,0,60
2022-07-14T13:16:50,30,30,0,60
2022-07-14T13:25:57,30,30,0,60
2022-07-14T13:35:05,30,30,0,60
2022-07-14T13:44:18,30,30,0,60
2022-07-14T13:53:32,30,30,0,60
2022-07-14T14:02:42,30,30,0,60
2022-07-14T14:11:52,30,30,0,60
2022-07-14T14:21:01,30,30,0,60
2022-07-14T14:30:07,30,30,0,60
2022-07-14T14:39:12,30,30,0,60
2022-07-14T14:48:19,30,30,0,60
2022-07-14T14:57:27,30,30,0,60
2022-07-14T15:06:38,30,30,0,60
2022-07-14T15:15:56,30,30,0,60
2022-07-14T15:25:03,30,30,0,60
2022-07-14T15:34:09,30,30,0,60
2022-07-14T15:43:15,30,30,0,60
2022-07-14T15:52:21,30,30,0,60
2022-07-14T16:01:27,30,30,0,60
2022-07-14T16:10:33,30,30,0,60
2022-07-14T16:19:36,30,30,0,60
2022-07-14T16:28:39,30,30,0,60
2022-07-14T16:37:38,30,30,0,60
2022-07-14T16:46:35,30,30,0,60
2022-07-14T16:55:31,30,30,0,60
2022-07-14T17:04:26,30,30,0,60
2022-07-14T17:13:22,30,30,0,60
2022-07-14T17:22:17,30,30,0,60
2022-07-14T17:31:12,30,30,0,60
2022-07-14T17:40:19,30,30,0,60
2022-07-14T17:49:14,30,30,0,60
2022-07-14T17:58:09,30,30,0,60
2022-07-14T18:07:05,30,30,0,60
2022-07-14T18:15:59,30,30,0,60
2022-07-14T18:24:54,30,30,0,60
2022-07-14T18:33:49,30,30,0,60
2022-07-14T18:42:43,30,30,0,60
2022-07-14T18:51:38,30,30,0,60
2022-07-14T19:00:34,30,30,0,60
2022-07-14T19:09:42,30,30,0,60
2022-07-14T19:18:37,30,30,0,60
2022-07-14T19:27:33,30,30,0,60
2022-07-14T19:36:28,30,30,0,60
2022-07-14T19:45:22,30,30,0,60
2022-07-14T19:54:17,30,30,0,60
2022-07-14T20:03:11,30,30,0,60
2022-07-14T20:12:05,30,30,0,60
2022-07-14T20:21:00,30,30,0,60
2022-07-14T20:29:54,30,30,0,60
2022-07-14T20:38:49,30,30,0,60
2022-07-14T20:47:54,30,30,0,60
2022-07-14T20:56:49,30,30,0,60
2022-07-14T21:05:43,30,30,0,60
2022-07-14T21:14:38,30,30,0,60
2022-07-14T21:23:33,30,30,0,60
2022-07-14T21:32:28,30,30,0,60
2022-07-14T21:41:22,30,30,0,60
2022-07-14T21:50:20,30,30,0,60
2022-07-14T21:59:14,30,30,0,60
2022-07-14T22:08:09,30,30,0,60
2022-07-14T22:17:04,30,30,0,60
2022-07-14T22:25:58,30,30,0,60
2022-07-14T22:34:53,30,30,0,60
2022-07-14T22:43:47,30,30,0,60
2022-07-14T22:52:42,30,30,0,60
2022-07-14T23:01:37,30,30,0,60
2022-07-14T23:10:32,30,30,0,60
2022-07-14T23:19:28,30,30,0,60
2022-07-14T23:28:23,30,30,0,60
2022-07-14T23:37:18,30,30,0,60
2022-07-14T23:46:13,30,30,0,60
2022-07-14T23:55:07,30,30,0,60
2022-07-15T00:04:02,30,30,0,60
2022-07-15T00:13:13,30,30,0,60
2022-07-15T00:22:10,30,30,0,60
2022-07-15T00:31:05,30,30,0,60
2022-07-15T00:40:02,30,30,0,60
2022-07-15T00:48:59,30,30,0,60
2022-07-15T00:57:57,30,30,0,60
2022-07-15T01:06:53,30,30,0,60
2022-07-15T01:15:51,30,30,0,60
2022-07-15T01:24:48,30,30,0,60
2022-07-15T01:33:45,30,30,0,60
2022-07-15T01:42:41,30,30,0,60
2022-07-15T01:51:37,30,30,0,60
2022-07-15T02:00:33,30,30,0,60
2022-07-15T02:09:30,30,30,0,60
2022-07-15T02:18:27,30,30,0,60
2022-07-15T02:27:24,30,30,0,60
2022-07-15T02:36:21,30,30,0,60
2022-07-15T02:45:17,30,30,0,60
2022-07-15T02:54:13,30,30,0,60
2022-07-15T03:03:09,30,30,0,60
2022-07-15T03:12:04,30,30,0,60
2022-07-15T03:20:59,30,30,0,60
2022-07-15T03:29:54,30,30,0,60
2022-07-15T03:39:00,30,30,0,60
2022-07-15T03:47:56,30,30,0,60
2022-07-15T03:59:06,30,30,0,60
2022-07-15T04:19:22,30,30,0,60
2022-07-15T04:28:44,30,30,0,60
2022-07-15T04:37:42,30,30,0,60
2022-07-15T04:46:39,30,30,0,60
2022-07-15T04:55:36,30,30,0,60
2022-07-15T05:04:35,30,30,0,60
2022-07-15T05:13:32,30,30,0,60
2022-07-15T05:22:28,30,30,0,60
2022-07-15T05:31:24,30,30,0,60
2022-07-15T05:40:25,30,30,0,60
2022-07-15T05:49:23,30,30,0,60
2022-07-15T05:58:20,30,30,0,60
2022-07-15T06:07:16,30,30,0,60
2022-07-15T06:16:13,30,30,0,60
2022-07-15T06:25:09,30,30,0,60
2022-07-15T06:34:05,30,30,0,60
2022-07-15T06:43:01,30,30,0,60
2022-07-15T06:51:55,30,30,0,60
2022-07-15T07:00:50,30,30,0,60
2022-07-15T07:09:55,30,30,0,60
2022-07-15T07:18:51,30,30,0,60
2022-07-15T07:27:46,30,30,0,60
2022-07-15T07:36:42,30,30,0,60
2022-07-15T07:45:37,30,30,0,60
2022-07-15T07:54:32,30,30,0,60
2022-07-15T08:03:27,30,30,0,60
2022-07-15T08:12:22,30,30,0,60
2022-07-15T08:21:18,30,30,0,60
2022-07-15T08:30:15,30,30,0,60
2022-07-15T08:39:10,30,30,0,60
2022-07-15T08:48:05,30,30,0,60
2022-07-15T08:57:01,30,30,0,60
2022-07-15T09:05:56,30,30,0,60
2022-07-15T09:14:52,30,30,0,60
2022-07-15T09:23:48,30,30,0,60
2022-07-15T09:32:44,30,30,0,60
2022-07-15T09:41:41,30,30,0,60
2022-07-15T09:50:37,30,30,0,60
2022-07-15T09:59:33,30,30,0,60
2022-07-15T10:08:29,30,30,0,60
2022-07-15T10:17:26,30,30,0,60
2022-07-15T10:26:34,30,30,0,60
2022-07-15T10:35:31,30,30,0,60
2022-07-15T10:44:28,30,30,0,60
2022-07-15T10:53:24,30,30,0,60
2022-07-15T11:02:21,30,30,0,60
2022-07-15T11:11:18,30,30,0,60
2022-07-15T11:20:16,30,30,0,60
2022-07-15T11:29:13,30,30,0,60
2022-07-15T11:38:10,30,30,0,60
2022-07-15T11:47:05,30,30,0,60
2022-07-15T11:56:01,30,30,0,60
2022-07-15T12:04:57,30,30,0,60
2022-07-15T12:13:53,30,30,0,60
2022-07-15T12:23:06,30,30,0,60
2022-07-15T12:32:02,30,30,0,60
2022-07-15T12:40:57,30,30,0,60
2022-07-15T12:49:52,30,30,0,60
2022-07-15T12:58:48,30,30,0,60
2022-07-15T13:07:44,30,30,0,60
2022-07-15T13:16:39,30,30,0,60
2022-07-15T13:25:35,30,30,0,60
2022-07-15T13:34:30,30,30,0,60
2022-07-15T13:43:26,30,30,0,60
2022-07-15T13:52:22,30,30,0,60
2022-07-15T14:01:34,30,30,0,60
2022-07-15T14:10:30,30,30,0,60
2022-07-15T14:19:26,30,30,0,60
2022-07-15T14:28:22,30,30,0,60
2022-07-15T14:37:17,30,30,0,60
2022-07-15T14:46:14,30,30,0,60
2022-07-15T14:55:11,30,30,0,60
2022-07-15T15:04:07,30,30,0,60
2022-07-15T15:13:04,30,30,0,60
2022-07-15T15:22:01,30,30,0,60
2022-07-15T15:30:58,30,30,0,60
2022-07-15T15:39:54,30,30,0,60
2022-07-15T15:48:50,30,30,0,60
2022-07-15T15:57:46,30,30,0,60
2022-07-15T16:06:42,30,30,0,60
2022-07-15T16:15:48,30,30,0,60
2022-07-15T16:24:44,30,30,0,60
2022-07-15T16:33:39,30,30,0,60
2022-07-15T16:42:35,30,30,0,60
2022-07-15T16:51:30,30,30,0,60
2022-07-15T17:00:25,30,30,0,60
2022-07-15T17:09:20,30,30,0,60
2022-07-15T17:18:16,30,30,0,60
2022-07-15T17:27:11,30,30,0,60
2022-07-15T17:36:06,30,30,0,60
2022-07-15T17:45:00,30,30,0,60
2022-07-15T17:53:55,30,30,0,60
2022-07-15T18:02:50,30,30,0,60
2022-07-15T18:11:45,30,30,0,60
2022-07-15T18:20:40,30,30,0,60
2022-07-15T18:29:52,30,30,0,60
2022-07-15T18:38:46,30,30,0,60
2022-07-15T18:47:41,30,30,0,60
2022-07-15T18:56:35,30,30,0,60
2022-07-15T19:05:30,30,30,0,60
2022-07-15T19:14:25,30,30,0,60
2022-07-15T19:23:19,30,30,0,60
2022-07-15T19:32:14,30,30,0,60
2022-07-15T19:41:09,30,30,0,60
2022-07-15T19:50:03,30,30,0,60
2022-07-15T19:58:57,30,30,0,60
2022-07-15T20:07:52,30,30,0,60
2022-07-15T20:16:46,30,30,0,60
2022-07-15T20:25:40,30,30,0,60
2022-07-15T20:34:35,30,30,0,60
2022-07-15T20:43:29,30,30,0,60
2022-07-15T20:52:24,30,30,0,60
2022-07-15T21:01:18,30,30,0,60
2022-07-15T21:10:13,30,30,0,60
2022-07-15T21:19:08,30,30,0,60
2022-07-15T21:28:13,30,30,0,60
2022-07-15T21:37:08,30,30,0,60
2022-07-15T21:46:02,30,30,0,60
2022-07-15T21:54:57,30,30,0,60
2022-07-15T22:03:51,30,30,0,60
2022-07-15T22:12:45,30,30,0,60
2022-07-15T22:21:39,30,30,0,60
2022-07-15T22:30:34,30,30,0,60
2022-07-15T22:39:29,30,30,0,60
2022-07-15T22:48:23,30,30,0,60
2022-07-15T22:57:18,30,30,0,60
2022-07-15T23:06:13,30,30,0,60
2022-07-15T23:15:10,30,30,0,60
2022-07-15T23:24:07,30,30,0,60
2022-07-15T23:33:03,30,30,0,60
2022-07-15T23:41:57,30,30,0,60
2022-07-15T23:50:52,30,30,0,60
2022-07-15T23:59:46,30,30,0,60
2022-07-16T00:08:42,30,30,0,60
2022-07-16T00:17:39,30,30,0,60
2022-07-16T00:27:12,30,30,0,60
2022-07-16T00:36:09,30,30,0,60
2022-07-16T00:45:06,30,30,0,60
2022-07-16T00:54:04,30,30,0,60
2022-07-16T01:03:01,30,30,0,60
2022-07-16T01:12:01,30,30,0,60
2022-07-16T01:20:58,30,30,0,60
2022-07-16T01:29:56,30,30,0,60
2022-07-16T01:38:55,30,30,0,60
2022-07-16T01:47:58,30,30,0,60
2022-07-16T01:57:02,30,30,0,60
2022-07-16T02:06:05,30,30,0,60
2022-07-16T02:15:07,30,30,0,60
2022-07-16T02:24:10,30,30,0,60
2022-07-16T02:33:12,30,30,0,60
2022-07-16T02:42:15,30,30,0,60
2022-07-16T02:51:20,30,30,0,60
2022-07-16T03:00:25,30,30,0,60
2022-07-16T03:09:25,30,30,0,60
2022-07-16T03:18:22,30,30,0,60
2022-07-16T03:27:19,30,30,0,60
2022-07-16T03:36:25,30,30,0,60
2022-07-16T03:45:21,30,30,0,60
2022-07-16T03:56:20,30,30,0,60
2022-07-16T04:05:34,30,30,0,60
2022-07-16T04:14:31,30,30,0,60
2022-07-16T04:28:02,30,30,0,60
2022-07-16T04:37:26,30,30,0,60
2022-07-16T04:46:24,30,30,0,60
2022-07-16T04:55:24,30,30,0,60
2022-07-16T05:04:22,30,30,0,60
2022-07-16T05:13:19,30,30,0,60
2022-07-16T05:22:16,30,30,0,60
2022-07-16T05:31:13,30,30,0,60
2022-07-16T05:40:12,30,30,0,60
2022-07-16T05:49:08,30,30,0,60
2022-07-16T05:58:06,30,30,0,60
2022-07-16T06:07:06,30,30,0,60
2022-07-16T06:16:02,30,30,0,60
2022-07-16T06:24:59,30,30,0,60
2022-07-16T06:33:55,30,30,0,60
2022-07-16T06:42:52,30,30,0,60
2022-07-16T06:51:59,30,30,0,60
2022-07-16T07:00:56,30,30,0,60
2022-07-16T07:09:53,30,30,0,60
2022-07-16T07:18:50,30,30,0,60
2022-07-16T07:27:47,30,30,0,60
2022-07-16T07:36:44,30,30,0,60
2022-07-16T07:45:41,30,30,0,60
2022-07-16T07:54:37,30,30,0,60
2022-07-16T08:03:34,30,30,0,60
2022-07-16T08:12:31,30,30,0,60
2022-07-16T08:21:29,30,30,0,60
2022-07-16T08:30:27,30,30,0,60
2022-07-16T08:39:24,30,30,0,60
2022-07-16T08:48:21,30,30,0,60
2022-07-16T08:57:17,30,30,0,60
2022-07-16T09:06:13,30,30,0,60
2022-07-16T09:15:12,30,30,0,60
2022-07-16T09:24:09,30,30,0,60
2022-07-16T09:33:04,30,30,0,60
2022-07-16T09:42:00,30,30,0,60
2022-07-16T09:50:57,30,30,0,60
2022-07-16T09:59:54,30,30,0,60
2022-07-16T10:08:50,30,30,0,60
2022-07-16T10:17:45,30,30,0,60
2022-07-16T10:26:40,30,30,0,60
2022-07-16T10:35:35,30,30,0,60
2022-07-16T10:44:29,30,30,0,60
2022-07-16T10:53:23,30,30,0,60
2022-07-16T11:02:18,30,30,0,60
2022-07-16T11:11:12,30,30,0,60
2022-07-16T11:20:07,30,30,0,60
2022-07-16T11:29:02,30,30,0,60
2022-07-16T11:37:57,30,30,0,60
2022-07-16T11:46:51,30,30,0,60
2022-07-16T11:55:46,30,30,0,60
2022-07-16T12:04:42,30,30,0,60
2022-07-16T12:13:36,30,30,0,60
2022-07-16T12:22:30,30,30,0,60
2022-07-16T12:31:25,30,30,0,60
2022-07-16T12:40:19,30,30,0,60
2022-07-16T12:49:13,30,30,0,60
2022-07-16T12:58:08,30,30,0,60
2022-07-16T13:07:02,30,30,0,60
2022-07-16T13:16:07,30,30,0,60
2022-07-16T13:25:02,30,30,0,60
2022-07-16T13:33:56,30,30,0,60
2022-07-16T13:42:51,30,30,0,60
2022-07-16T13:51:45,30,30,0,60
2022-07-16T14:00:39,30,30,0,60
2022-07-16T14:09:34,30,30,0,60
2022-07-16T14:18:29,30,30,0,60
2022-07-16T14:27:23,30,30,0,60
2022-07-16T14:36:17,30,30,0,60
2022-07-16T14:45:11,30,30,0,60
2022-07-16T14:54:06,30,30,0,60
2022-07-16T15:03:00,30,30,0,60
2022-07-16T15:11:55,30,30,0,60
2022-07-16T15:20:49,30,30,0,60
2022-07-16T15:29:43,30,30,0,60
2022-07-16T15:38:37,30,30,0,60
2022-07-16T15:47:31,30,30,0,60
2022-07-16T15:56:26,30,30,0,60
2022-07-16T16:05:20,30,30,0,60
2022-07-16T16:14:14,30,30,0,60
2022-07-16T16:23:08,30,30,0,60
2022-07-16T16:32:03,30,30,0,60
2022-07-16T16:40:58,30,30,0,60
2022-07-16T16:49:53,30,30,0,60
2022-07-16T16:58:48,30,30,0,60
2022-07-16T17:07:42,30,30,0,60
2022-07-16T17:16:37,30,30,0,60
2022-07-16T17:25:32,30,30,0,60
2022-07-16T17:34:26,30,30,0,60
2022-07-16T17:43:21,30,30,0,60
2022-07-16T17:52:15,30,30,0,60
2022-07-16T18:01:10,30,30,0,60
2022-07-16T18:10:04,30,30,0,60
2022-07-16T18:18:59,30,30,0,60
2022-07-16T18:27:53,30,30,0,60
2022-07-16T18:36:48,30,30,0,60
2022-07-16T18:45:42,30,30,0,60
2022-07-16T18:54:36,30,30,0,60
2022-07-16T19:03:31,30,30,0,60
2022-07-16T19:12:26,30,30,0,60
2022-07-16T19:21:20,30,30,0,60
2022-07-16T19:30:14,30,30,0,60
2022-07-16T19:39:09,30,30,0,60
2022-07-16T19:48:03,30,30,0,60
2022-07-16T19:56:57,30,30,0,60
2022-07-16T20:05:51,30,30,0,60
2022-07-16T20:14:46,30,30,0,60
2022-07-16T20:23:40,30,30,0,60
2022-07-16T20:32:34,30,30,0,60
2022-07-16T20:41:29,30,30,0,60
2022-07-16T20:50:23,30,30,0,60
2022-07-16T20:59:17,30,30,0,60
2022-07-16T21:08:12,30,30,0,60
2022-07-16T21:17:07,30,30,0,60
2022-07-16T21:26:01,30,30,0,60
2022-07-16T21:34:57,30,30,0,60
2022-07-16T21:43:52,30,30,0,60
2022-07-16T21:52:46,30,30,0,60
2022-07-16T22:01:40,30,30,0,60
2022-07-16T22:10:35,30,30,0,60
2022-07-16T22:19:30,30,30,0,60
2022-07-16T22:28:24,30,30,0,60
2022-07-16T22:37:18,30,30,0,60
2022-07-16T22:46:13,30,30,0,60
2022-07-16T22:55:07,30,30,0,60
2022-07-16T23:04:13,30,30,0,60
2022-07-16T23:13:08,30,30,0,60
2022-07-16T23:22:03,30,30,0,60
2022-07-16T23:30:57,30,30,0,60
2022-07-16T23:39:51,30,30,0,60
2022-07-16T23:48:46,30,30,0,60
2022-07-16T23:57:40,30,30,0,60
2022-07-17T00:06:35,30,30,0,60
2022-07-17T00:15:30,30,30,0,60
2022-07-17T00:24:24,30,30,0,60
2022-07-17T00:33:19,30,30,0,60
2022-07-17T00:42:15,30,30,0,60
2022-07-17T00:51:09,30,30,0,60
2022-07-17T01:00:04,30,30,0,60
2022-07-17T01:09:00,30,30,0,60
2022-07-17T01:17:55,30,30,0,60
2022-07-17T01:26:50,30,30,0,60
2022-07-17T01:35:45,30,30,0,60
2022-07-17T01:54:45,30,30,0,60
2022-07-17T02:03:40,30,30,0,60
2022-07-17T02:12:36,30,30,0,60
2022-07-17T02:21:35,30,30,0,60
2022-07-17T02:30:33,30,30,0,60
2022-07-17T02:40:00,30,30,0,60
2022-07-17T02:48:56,30,30,0,60
2022-07-17T02:57:54,30,30,0,60
2022-07-17T03:06:51,30,30,0,60
2022-07-17T03:15:48,30,30,0,60
2022-07-17T03:24:45,30,30,0,60
2022-07-17T03:33:41,30,30,0,60
2022-07-17T03:42:36,30,30,0,60
2022-07-17T03:51:32,30,30,0,60
2022-07-17T04:02:35,30,30,0,60
2022-07-17T04:11:57,30,30,0,60
2022-07-17T04:23:41,30,30,0,60
2022-07-17T04:32:59,30,30,0,60
2022-07-17T04:41:57,30,30,0,60
2022-07-17T04:50:56,30,30,0,60
2022-07-17T04:59:52,30,30,0,60
2022-07-17T05:08:50,30,30,0,60
2022-07-17T05:17:48,30,30,0,60
2022-07-17T05:26:45,30,30,0,60
2022-07-17T05:35:42,30,30,0,60
2022-07-17T05:44:38,30,30,0,60
2022-07-17T05:53:34,30,30,0,60
2022-07-17T06:02:31,30,30,0,60
2022-07-17T06:11:27,30,30,0,60
2022-07-17T06:20:23,30,30,0,60
2022-07-17T06:29:20,30,30,0,60
2022-07-17T06:38:16,30,30,0,60
2022-07-17T06:47:10,30,30,0,60
2022-07-17T06:56:04,30,30,0,60
2022-07-17T07:04:59,30,30,0,60
2022-07-17T07:13:53,30,30,0,60
2022-07-17T07:22:47,30,30,0,60
2022-07-17T07:31:42,30,30,0,60
2022-07-17T07:40:37,30,30,0,60
2022-07-17T07:49:31,30,30,0,60
2022-07-17T07:58:25,30,30,0,60
2022-07-17T08:07:19,30,30,0,60
2022-07-17T08:16:13,30,30,0,60
2022-07-17T08:25:08,30,30,0,60
2022-07-17T08:34:02,30,30,0,60
2022-07-17T08:42:57,30,30,0,60
2022-07-17T08:51:54,30,30,0,60
2022-07-17T09:00:48,30,30,0,60
2022-07-17T09:09:41,30,30,0,60
2022-07-17T09:18:36,30,30,0,60
2022-07-17T09:27:30,30,30,0,60
2022-07-17T09:36:24,30,30,0,60
2022-07-17T09:45:18,30,30,0,60
2022-07-17T09:54:12,30,30,0,60
2022-07-17T10:03:07,30,30,0,60
2022-07-17T10:12:01,30,30,0,60
2022-07-17T10:20:56,30,30,0,60
2022-07-17T10:29:50,30,30,0,60
2022-07-17T10:38:45,30,30,0,60
2022-07-17T10:47:48,30,30,0,60
2022-07-17T10:56:43,30,30,0,60
2022-07-17T11:05:37,30,30,0,60
2022-07-17T11:14:32,30,30,0,60
2022-07-17T11:23:27,30,30,0,60
2022-07-17T11:32:21,30,30,0,60
2022-07-17T11:41:16,30,30,0,60
2022-07-17T11:50:11,30,30,0,60
2022-07-17T11:59:05,30,30,0,60
2022-07-17T12:08:00,30,30,0,60
2022-07-17T12:16:55,30,30,0,60
2022-07-17T12:25:49,30,30,0,60
2022-07-17T12:34:43,30,30,0,60
2022-07-17T12:43:38,30,30,0,60
2022-07-17T12:52:33,30,30,0,60
2022-07-17T13:01:28,30,30,0,60
2022-07-17T13:10:23,30,30,0,60
2022-07-17T13:19:17,30,30,0,60
2022-07-17T13:28:11,30,30,0,60
2022-07-17T13:37:06,30,30,0,60
2022-07-17T13:46:00,30,30,0,60
2022-07-17T13:54:55,30,30,0,60
2022-07-17T14:03:49,30,30,0,60
2022-07-17T14:12:44,30,30,0,60
2022-07-17T14:21:48,30,30,0,60
2022-07-17T14:30:42,30,30,0,60
2022-07-17T14:39:37,30,30,0,60
2022-07-17T14:48:31,30,30,0,60
2022-07-17T14:57:25,30,30,0,60
2022-07-17T15:06:19,30,30,0,60
2022-07-17T15:15:14,30,30,0,60
2022-07-17T15:24:08,30,30,0,60
2022-07-17T15:33:02,30,30,0,60
2022-07-17T15:41:57,30,30,0,60
2022-07-17T15:50:52,30,30,0,60
2022-07-17T15:59:46,30,30,0,60
2022-07-17T16:08:41,30,30,0,60
2022-07-17T16:17:36,30,30,0,60
2022-07-17T16:26:31,30,30,0,60
2022-07-17T16:35:26,30,30,0,60
2022-07-17T16:44:21,30,30,0,60
2022-07-17T16:53:15,30,30,0,60
2022-07-17T17:02:10,30,30,0,60
2022-07-17T17:11:05,30,30,0,60
2022-07-17T17:20:00,30,30,0,60
2022-07-17T17:28:55,30,30,0,60
2022-07-17T17:37:50,30,30,0,60
2022-07-17T17:46:44,30,30,0,60
2022-07-17T17:55:39,30,30,0,60
2022-07-17T18:04:43,30,30,0,60
2022-07-17T18:13:37,30,30,0,60
2022-07-17T18:22:32,30,30,0,60
2022-07-17T18:31:26,30,30,0,60
2022-07-17T18:40:21,30,30,0,60
2022-07-17T18:49:15,30,30,0,60
2022-07-17T18:58:09,30,30,0,60
2022-07-17T19:07:05,30,30,0,60
2022-07-17T19:16:00,30,30,0,60
2022-07-17T19:24:55,30,30,0,60
2022-07-17T19:33:49,30,30,0,60
2022-07-17T19:42:46,30,30,0,60
2022-07-17T19:51:42,30,30,0,60
2022-07-17T20:00:40,30,30,0,60
2022-07-17T20:09:40,30,30,0,60
2022-07-17T20:18:40,30,30,0,60
2022-07-17T20:27:35,30,30,0,60
2022-07-17T20:36:39,30,30,0,60
2022-07-17T20:45:33,30,30,0,60
2022-07-17T20:54:29,30,30,0,60
2022-07-17T21:03:24,30,30,0,60
2022-07-17T21:12:19,30,30,0,60
2022-07-17T21:21:14,30,30,0,60
2022-07-17T21:30:09,30,30,0,60
2022-07-17T21:39:05,30,30,0,60
2022-07-17T21:48:01,30,30,0,60
2022-07-17T21:56:56,30,30,0,60
2022-07-17T22:05:52,30,30,0,60
2022-07-17T22:14:46,30,30,0,60
2022-07-17T22:23:41,30,30,0,60
2022-07-17T22:32:35,30,30,0,60
2022-07-17T22:41:30,30,30,0,60
2022-07-17T22:50:24,30,30,0,60
2022-07-17T22:59:18,30,30,0,60
2022-07-17T23:08:15,30,30,0,60
2022-07-17T23:17:09,30,30,0,60
2022-07-17T23:26:05,30,30,0,60
2022-07-17T23:34:59,30,30,0,60
2022-07-17T23:43:53,30,30,0,60
2022-07-17T23:52:48,30,30,0,60
2022-07-18T00:01:52,30,30,0,60
2022-07-18T00:10:49,30,30,0,60
2022-07-18T00:19:47,30,30,0,60
2022-07-18T00:28:43,30,30,0,60
2022-07-18T00:37:41,30,30,0,60
2022-07-18T00:46:37,30,30,0,60
2022-07-18T00:55:34,30,30,0,60
2022-07-18T01:04:30,30,30,0,60
2022-07-18T01:13:33,30,30,0,60
2022-07-18T01:22:30,30,30,0,60
2022-07-18T01:31:27,30,30,0,60
2022-07-18T01:40:24,30,30,0,60
2022-07-18T01:49:19,30,30,0,60
2022-07-18T01:58:16,30,30,0,60
2022-07-18T02:07:28,30,30,0,60
2022-07-18T02:16:25,30,30,0,60
2022-07-18T02:25:21,30,30,0,60
2022-07-18T02:34:19,30,30,0,60
2022-07-18T02:43:15,30,30,0,60
2022-07-18T02:52:11,30,30,0,60
2022-07-18T03:01:06,30,30,0,60
2022-07-18T03:10:01,30,30,0,60
2022-07-18T03:18:56,30,30,0,60
2022-07-18T03:27:50,30,30,0,60
2022-07-18T03:36:45,30,30,0,60
2022-07-18T03:45:42,30,30,0,60
2022-07-18T03:56:14,30,30,0,60
2022-07-18T04:06:02,30,30,0,60
2022-07-18T04:14:58,30,30,0,60
2022-07-18T04:26:22,30,30,0,60
2022-07-18T04:35:40,30,30,0,60
2022-07-18T04:44:38,30,30,0,60
2022-07-18T04:53:37,30,30,0,60
2022-07-18T05:02:35,30,30,0,60
2022-07-18T05:11:33,30,30,0,60
2022-07-18T05:20:31,30,30,0,60
2022-07-18T05:29:29,30,30,0,60
2022-07-18T05:38:26,30,30,0,60
2022-07-18T05:47:21,30,30,0,60
2022-07-18T05:56:17,30,30,0,60
2022-07-18T06:05:13,30,30,0,60
2022-07-18T06:14:09,30,30,0,60
2022-07-18T06:23:05,30,30,0,60
2022-07-18T06:32:01,30,30,0,60
2022-07-18T06:40:56,30,30,0,60
2022-07-18T06:49:53,30,30,0,60
2022-07-18T06:58:48,30,30,0,60
2022-07-18T07:07:44,30,30,0,60
2022-07-18T07:16:39,30,30,0,60
2022-07-18T07:25:36,30,30,0,60
2022-07-18T07:34:31,30,30,0,60
2022-07-18T07:43:27,30,30,0,60
2022-07-18T07:52:22,30,30,0,60
2022-07-18T08:01:19,30,30,0,60
2022-07-18T08:10:14,30,30,0,60
2022-07-18T08:19:10,30,30,0,60
2022-07-18T08:28:06,30,30,0,60
2022-07-18T08:37:11,30,30,0,60
2022-07-18T08:46:07,30,30,0,60
2022-07-18T08:55:07,30,30,0,60
2022-07-18T09:04:03,30,30,0,60
2022-07-18T09:12:59,30,30,0,60
2022-07-18T09:21:57,30,30,0,60
2022-07-18T09:31:00,30,30,0,60
2022-07-18T09:40:05,30,30,0,60
2022-07-18T09:49:10,30,30,0,60
2022-07-18T09:58:14,30,30,0,60
2022-07-18T10:07:16,30,30,0,60
2022-07-18T10:16:20,30,30,0,60
2022-07-18T10:25:23,30,30,0,60
2022-07-18T10:34:27,30,30,0,60
2022-07-18T10:43:31,30,30,0,60
2022-07-18T10:52:46,30,30,0,60
2022-07-18T11:01:46,30,30,0,60
2022-07-18T11:10:47,30,30,0,60
2022-07-18T11:19:46,30,30,0,60
2022-07-18T11:28:43,30,30,0,60
2022-07-18T11:37:40,30,30,0,60
2022-07-18T11:46:37,30,30,0,60
2022-07-18T11:55:33,30,30,0,60
2022-07-18T12:04:30,30,30,0,60
2022-07-18T12:13:26,30,30,0,60
2022-07-18T12:22:21,30,30,0,60
2022-07-18T12:31:16,30,30,0,60
2022-07-18T12:40:12,30,30,0,60
2022-07-18T12:49:09,30,30,0,60
2022-07-18T12:58:05,30,30,0,60
2022-07-18T13:07:01,30,30,0,60
2022-07-18T13:15:58,30,30,0,60
2022-07-18T13:25:04,30,30,0,60
2022-07-18T13:34:01,30,30,0,60
2022-07-18T13:42:57,30,30,0,60
2022-07-18T13:51:53,30,30,0,60
2022-07-18T14:00:51,30,30,0,60
2022-07-18T14:09:48,30,30,0,60
2022-07-18T14:18:44,30,30,0,60
2022-07-18T14:27:40,30,30,0,60
2022-07-18T14:36:38,30,30,0,60
2022-07-18T14:45:35,30,30,0,60
2022-07-18T14:54:31,30,30,0,60
2022-07-18T15:03:26,30,30,0,60
2022-07-18T15:12:22,30,30,0,60
2022-07-18T15:21:18,30,30,0,60
2022-07-18T15:30:24,30,30,0,60
2022-07-18T15:39:20,30,30,0,60
2022-07-18T15:48:17,30,30,0,60
2022-07-18T15:57:13,30,30,0,60
2022-07-18T16:06:11,30,30,0,60
2022-07-18T16:15:07,30,30,0,60
2022-07-18T16:24:02,30,30,0,60
2022-07-18T16:32:59,30,30,0,60
2022-07-18T16:41:57,30,30,0,60
2022-07-18T16:50:52,30,30,0,60
2022-07-18T16:59:48,30,30,0,60
2022-07-18T17:08:45,30,30,0,60
2022-07-18T17:17:41,30,30,0,60
2022-07-18T17:26:46,30,30,0,60
2022-07-18T17:35:41,30,30,0,60
2022-07-18T17:44:36,30,30,0,60
2022-07-18T17:53:31,30,30,0,60
2022-07-18T18:02:26,30,30,0,60
2022-07-18T18:11:22,30,30,0,60
2022-07-18T18:20:17,30,30,0,60
2022-07-18T18:29:13,30,30,0,60
2022-07-18T18:38:08,30,30,0,60
2022-07-18T18:47:03,30,30,0,60
2022-07-18T18:55:58,30,30,0,60
2022-07-18T19:04:54,30,30,0,60
2022-07-18T19:13:51,30,30,0,60
2022-07-18T19:22:47,30,30,0,60
2022-07-18T19:31:42,30,30,0,60
2022-07-18T19:40:37,30,30,0,60
2022-07-18T19:49:33,30,30,0,60
2022-07-18T19:58:27,30,30,0,60
2022-07-18T20:07:22,30,30,0,60
2022-07-18T20:16:16,30,30,0,60
2022-07-18T20:25:23,30,30,0,60
2022-07-18T20:34:17,30,30,0,60
2022-07-18T20:43:12,30,30,0,60
2022-07-18T20:52:06,30,30,0,60
2022-07-18T21:01:01,30,30,0,60
2022-07-18T21:09:55,30,30,0,60
2022-07-18T21:18:50,30,30,0,60
2022-07-18T21:27:44,30,30,0,60
2022-07-18T21:36:38,30,30,0,60
2022-07-18T21:45:34,30,30,0,60
2022-07-18T21:54:29,30,30,0,60
2022-07-18T22:03:24,30,30,0,60
2022-07-18T22:12:18,30,30,0,60
2022-07-18T22:21:13,30,30,0,60
2022-07-18T22:30:08,30,30,0,60
2022-07-18T22:39:02,30,30,0,60
2022-07-18T22:47:57,30,30,0,60
2022-07-18T22:56:52,30,30,0,60
2022-07-18T23:05:47,30,30,0,60
2022-07-18T23:14:52,30,30,0,60
2022-07-18T23:23:47,30,30,0,60
2022-07-18T23:32:42,30,30,0,60
2022-07-18T23:41:37,30,30,0,60
2022-07-18T23:50:32,30,30,0,60
2022-07-18T23:59:26,30,30,0,60
2022-07-19T00:08:22,30,30,0,60
2022-07-19T00:17:22,30,30,0,60
2022-07-19T00:26:19,30,30,0,60
2022-07-19T00:35:26,30,30,0,60
2022-07-19T00:44:24,30,30,0,60
2022-07-19T00:53:21,30,30,0,60
2022-07-19T01:02:19,30,30,0,60
2022-07-19T01:11:15,30,30,0,60
2022-07-19T01:20:13,30,30,0,60
2022-07-19T01:29:11,30,30,0,60
2022-07-19T01:38:08,30,30,0,60
2022-07-19T01:47:04,30,30,0,60
2022-07-19T01:56:02,30,30,0,60
2022-07-19T02:04:59,30,30,0,60
2022-07-19T02:13:54,30,30,0,60
2022-07-19T02:22:48,30,30,0,60
2022-07-19T02:31:43,30,30,0,60
2022-07-19T02:40:37,30,30,0,60
2022-07-19T02:49:31,30,30,0,60
2022-07-19T02:58:25,30,30,0,60
2022-07-19T03:07:20,30,30,0,60
2022-07-19T03:16:13,30,30,0,60
2022-07-19T03:25:07,30,30,0,60
2022-07-19T03:34:01,30,30,0,60
2022-07-19T03:42:56,30,30,0,60
2022-07-19T03:51:51,30,30,0,60
2022-07-19T04:02:54,30,30,0,60
2022-07-19T04:21:50,30,30,0,60
2022-07-19T04:31:12,30,30,0,60
2022-07-19T04:40:10,30,30,0,60
2022-07-19T04:49:07,30,30,0,60
2022-07-19T04:58:04,30,30,0,60
2022-07-19T05:07:03,30,30,0,60
2022-07-19T05:16:01,30,30,0,60
2022-07-19T05:24:58,30,30,0,60
2022-07-19T05:33:55,30,30,0,60
2022-07-19T05:42:51,30,30,0,60
2022-07-19T05:51:47,30,30,0,60
2022-07-19T06:00:44,30,30,0,60
2022-07-19T06:09:41,30,30,0,60
2022-07-19T06:18:37,30,30,0,60
2022-07-19T06:27:34,30,30,0,60
2022-07-19T06:36:31,30,30,0,60
2022-07-19T06:45:28,30,30,0,60
2022-07-19T06:54:24,30,30,0,60
2022-07-19T07:03:22,30,30,0,60
2022-07-19T07:12:18,30,30,0,60
2022-07-19T07:21:15,30,30,0,60
2022-07-19T07:30:11,30,30,0,60
2022-07-19T07:39:08,30,30,0,60
2022-07-19T07:48:03,30,30,0,60
2022-07-19T07:56:58,30,30,0,60
2022-07-19T08:05:54,30,30,0,60
2022-07-19T08:14:52,30,30,0,60
2022-07-19T08:23:47,30,30,0,60
2022-07-19T08:32:43,30,30,0,60
2022-07-19T08:41:39,30,30,0,60
2022-07-19T08:50:37,30,30,0,60
2022-07-19T08:59:42,30,30,0,60
2022-07-19T09:08:38,30,30,0,60
2022-07-19T09:17:34,30,30,0,60
2022-07-19T09:26:30,30,30,0,60
2022-07-19T09:35:26,30,30,0,60
2022-07-19T09:44:24,30,30,0,60
2022-07-19T09:53:21,30,30,0,60
2022-07-19T10:02:17,30,30,0,60
2022-07-19T10:11:14,30,30,0,60
2022-07-19T10:20:12,30,30,0,60
2022-07-19T10:29:09,30,30,0,60
2022-07-19T10:38:05,30,30,0,60
2022-07-19T10:47:01,30,30,0,60
2022-07-19T10:55:58,30,30,0,60
2022-07-19T11:04:56,30,30,0,60
2022-07-19T11:13:52,30,30,0,60
2022-07-19T11:22:49,30,30,0,60
2022-07-19T11:31:46,30,30,0,60
2022-07-19T11:40:43,30,30,0,60
2022-07-19T11:49:50,30,30,0,60
2022-07-19T11:58:46,30,30,0,60
2022-07-19T12:07:42,30,30,0,60
2022-07-19T12:16:38,30,30,0,60
2022-07-19T12:25:36,30,30,0,60
2022-07-19T12:34:32,30,30,0,60
2022-07-19T12:43:28,30,30,0,60
2022-07-19T12:52:24,30,30,0,60
2022-07-19T13:01:21,30,30,0,60
2022-07-19T13:10:17,30,30,0,60
2022-07-19T13:19:13,30,30,0,60
2022-07-19T13:28:09,30,30,0,60
2022-07-19T13:37:07,30,30,0,60
2022-07-19T13:46:16,30,30,0,60
2022-07-19T13:54:32,30,30,0,60
2022-07-19T14:03:29,30,30,0,60
2022-07-19T14:12:26,30,30,0,60
2022-07-19T14:21:22,30,30,0,60
2022-07-19T14:30:19,30,30,0,60
2022-07-19T14:39:16,30,30,0,60
2022-07-19T14:48:13,30,30,0,60
2022-07-19T14:57:09,30,30,0,60
2022-07-19T15:06:06,30,30,0,60
2022-07-19T15:15:04,30,30,0,60
2022-07-19T15:24:01,30,30,0,60
2022-07-19T15:32:57,30,30,0,60
2022-07-19T15:42:05,30,30,0,60
2022-07-19T15:51:02,30,30,0,60
2022-07-19T15:59:58,30,30,0,60
2022-07-19T16:08:54,30,30,0,60
2022-07-19T16:17:50,30,30,0,60
2022-07-19T16:26:46,30,30,0,60
2022-07-19T16:35:42,30,30,0,60
2022-07-19T16:44:38,30,30,0,60
2022-07-19T16:53:45,30,30,0,60
2022-07-19T17:02:41,30,30,0,60
2022-07-19T17:11:37,30,30,0,60
2022-07-19T17:20:33,30,30,0,60
2022-07-19T17:29:29,30,30,0,60
2022-07-19T17:38:24,30,30,0,60
2022-07-19T17:47:20,30,30,0,60
2022-07-19T17:56:15,30,30,0,60
2022-07-19T18:05:11,30,30,0,60
2022-07-19T18:14:07,30,30,0,60
2022-07-19T18:23:02,30,30,0,60
2022-07-19T18:31:57,30,30,0,60
2022-07-19T18:41:03,30,30,0,60
2022-07-19T18:49:57,30,30,0,60
2022-07-19T18:58:53,30,30,0,60
2022-07-19T19:07:48,30,30,0,60
2022-07-19T19:16:44,30,30,0,60
2022-07-19T19:25:39,30,30,0,60
2022-07-19T19:34:35,30,30,0,60
2022-07-19T19:43:30,30,30,0,60
2022-07-19T19:52:25,30,30,0,60
2022-07-19T20:01:21,30,30,0,60
2022-07-19T20:10:17,30,30,0,60
2022-07-19T20:19:13,30,30,0,60
2022-07-19T20:28:09,30,30,0,60
2022-07-19T20:37:15,30,30,0,60
2022-07-19T20:46:10,30,30,0,60
2022-07-19T20:55:05,30,30,0,60
2022-07-19T21:04:01,30,30,0,60
2022-07-19T21:12:56,30,30,0,60
2022-07-19T21:21:51,30,30,0,60
2022-07-19T21:30:46,30,30,0,60
2022-07-19T21:39:41,30,30,0,60
2022-07-19T21:48:38,30,30,0,60
2022-07-19T21:57:33,30,30,0,60
2022-07-19T22:06:29,30,30,0,60
2022-07-19T22:15:24,30,30,0,60
2022-07-19T22:24:19,30,30,0,60
2022-07-19T22:33:15,30,30,0,60
2022-07-19T22:42:21,30,30,0,60
2022-07-19T22:51:16,30,30,0,60
2022-07-19T23:00:11,30,30,0,60
2022-07-19T23:09:07,30,30,0,60
2022-07-19T23:18:02,30,30,0,60
2022-07-19T23:26:58,30,30,0,60
2022-07-19T23:35:53,30,30,0,60
2022-07-19T23:44:49,30,30,0,60
2022-07-19T23:53:44,30,30,0,60
2022-07-20T00:02:41,30,30,0,60
2022-07-20T00:11:38,30,30,0,60
2022-07-20T00:20:38,30,30,0,60
2022-07-20T00:29:32,30,30,0,60
2022-07-20T00:38:27,30,30,0,60
2022-07-20T00:47:22,30,30,0,60
2022-07-20T00:56:18,30,30,0,60
2022-07-20T01:05:22,30,30,0,60
2022-07-20T01:14:17,30,30,0,60
2022-07-20T01:23:12,30,30,0,60
2022-07-20T01:32:07,30,30,0,60
2022-07-20T01:41:01,30,30,0,60
2022-07-20T01:49:56,30,30,0,60
2022-07-20T01:58:51,30,30,0,60
2022-07-20T02:07:47,30,30,0,60
2022-07-20T02:16:43,30,30,0,60
2022-07-20T02:25:51,30,30,0,60
2022-07-20T02:34:46,30,30,0,60
2022-07-20T02:43:41,30,30,0,60
2022-07-20T02:52:36,30,30,0,60
2022-07-20T03:01:30,30,30,0,60
2022-07-20T03:10:23,30,30,0,60
2022-07-20T03:19:16,30,30,0,60
2022-07-20T03:28:13,30,30,0,60
2022-07-20T03:37:09,30,30,0,60
2022-07-20T03:46:06,30,30,0,60
2022-07-20T03:55:03,30,30,0,60
2022-07-20T04:04:00,30,30,0,60
2022-07-20T04:27:55,30,30,0,60
2022-07-20T04:36:55,30,30,0,60
2022-07-20T04:45:53,30,30,0,60
2022-07-20T04:54:51,30,30,0,60
2022-07-20T05:03:50,30,30,0,60
2022-07-20T05:12:48,30,30,0,60
2022-07-20T05:21:46,30,30,0,60
2022-07-20T05:30:45,30,30,0,60
2022-07-20T05:39:44,30,30,0,60
2022-07-20T05:48:42,30,30,0,60
2022-07-20T05:57:42,30,30,0,60
2022-07-20T06:06:39,30,30,0,60
2022-07-20T06:15:36,30,30,0,60
2022-07-20T06:24:33,30,30,0,60
2022-07-20T06:33:30,30,30,0,60
2022-07-20T06:42:25,30,30,0,60
2022-07-20T06:51:20,30,30,0,60
2022-07-20T07:00:16,30,30,0,60
2022-07-20T07:09:12,30,30,0,60
2022-07-20T07:18:07,30,30,0,60
2022-07-20T07:27:02,30,30,0,60
2022-07-20T07:35:59,30,30,0,60
2022-07-20T07:44:55,30,30,0,60
2022-07-20T07:53:50,30,30,0,60
2022-07-20T08:02:46,30,30,0,60
2022-07-20T08:11:42,30,30,0,60
2022-07-20T08:20:41,30,30,0,60
2022-07-20T08:29:38,30,30,0,60
2022-07-20T08:38:33,30,30,0,60
2022-07-20T08:47:30,30,30,0,60
2022-07-20T08:56:26,30,30,0,60
2022-07-20T09:05:22,30,30,0,60
2022-07-20T09:14:18,30,30,0,60
2022-07-20T09:23:15,30,30,0,60
2022-07-20T09:32:12,30,30,0,60
2022-07-20T09:41:19,30,30,0,60
2022-07-20T09:50:16,30,30,0,60
2022-07-20T09:59:13,30,30,0,60
2022-07-20T10:08:11,30,30,0,60
2022-07-20T10:17:09,30,30,0,60
2022-07-20T10:26:06,30,30,0,60
2022-07-20T10:35:05,30,30,0,60
2022-07-20T10:44:02,30,30,0,60
2022-07-20T10:52:59,30,30,0,60
2022-07-20T11:01:57,30,30,0,60
2022-07-20T11:10:54,30,30,0,60
2022-07-20T11:19:50,30,30,0,60
2022-07-20T11:28:47,30,30,0,60
2022-07-20T11:37:45,30,30,0,60
2022-07-20T11:46:44,30,30,0,60
2022-07-20T11:55:52,30,30,0,60
2022-07-20T12:04:48,30,30,0,60
2022-07-20T12:13:45,30,30,0,60
2022-07-20T12:22:43,30,30,0,60
2022-07-20T12:31:40,30,30,0,60
2022-07-20T12:40:36,30,30,0,60
2022-07-20T12:49:32,30,30,0,60
2022-07-20T12:58:28,30,30,0,60
2022-07-20T13:07:26,30,30,0,60
2022-07-20T13:16:23,30,30,0,60
2022-07-20T13:25:31,30,30,0,60
2022-07-20T13:34:28,30,30,0,60
2022-07-20T13:43:25,30,30,0,60
2022-07-20T13:52:22,30,30,0,60
2022-07-20T14:01:19,30,30,0,60
2022-07-20T14:10:16,30,30,0,60
2022-07-20T14:19:13,30,30,0,60
2022-07-20T14:28:10,30,30,0,60
2022-07-20T14:37:09,30,30,0,60
2022-07-20T14:46:06,30,30,0,60
2022-07-20T14:55:03,30,30,0,60
2022-07-20T15:04:11,30,30,0,60
2022-07-20T15:13:08,30,30,0,60
2022-07-20T15:22:06,30,30,0,60
2022-07-20T15:31:03,30,30,0,60
2022-07-20T15:40:00,30,30,0,60
2022-07-20T15:48:57,30,30,0,60
2022-07-20T15:57:53,30,30,0,60
2022-07-20T16:06:48,30,30,0,60
2022-07-20T16:15:55,30,30,0,60
2022-07-20T16:24:52,30,30,0,60
2022-07-20T16:33:49,30,30,0,60
2022-07-20T16:42:45,30,30,0,60
2022-07-20T16:51:41,30,30,0,60
2022-07-20T17:00:37,30,30,0,60
2022-07-20T17:09:33,30,30,0,60
2022-07-20T17:18:30,30,30,0,60
2022-07-20T17:27:26,30,30,0,60
2022-07-20T17:36:21,30,30,0,60
2022-07-20T17:45:16,30,30,0,60
2022-07-20T17:54:12,30,30,0,60
2022-07-20T18:03:08,30,30,0,60
2022-07-20T18:12:14,30,30,0,60
2022-07-20T18:21:10,30,30,0,60
2022-07-20T18:30:06,30,30,0,60
2022-07-20T18:39:01,30,30,0,60
2022-07-20T18:47:57,30,30,0,60
2022-07-20T18:56:54,30,30,0,60
2022-07-20T19:05:54,30,30,0,60
2022-07-20T19:14:51,30,30,0,60
2022-07-20T19:23:47,30,30,0,60
2022-07-20T19:32:43,30,30,0,60
2022-07-20T19:41:39,30,30,0,60
2022-07-20T19:50:44,30,30,0,60
2022-07-20T19:59:39,30,30,0,60
2022-07-20T20:08:34,30,30,0,60
2022-07-20T20:17:30,30,30,0,60
2022-07-20T20:26:26,30,30,0,60
2022-07-20T20:35:22,30,30,0,60
2022-07-20T20:44:18,30,30,0,60
2022-07-20T20:53:13,30,30,0,60
2022-07-20T21:02:08,30,30,0,60
2022-07-20T21:11:14,30,30,0,60
2022-07-20T21:20:10,30,30,0,60
2022-07-20T21:29:05,30,30,0,60
2022-07-20T21:38:00,30,30,0,60
2022-07-20T21:46:56,30,30,0,60
2022-07-20T21:55:52,30,30,0,60
2022-07-20T22:04:48,30,30,0,60
2022-07-20T22:13:44,30,30,0,60
2022-07-20T22:22:39,30,30,0,60
2022-07-20T22:31:38,30,30,0,60
2022-07-20T22:40:35,30,30,0,60
2022-07-20T22:49:30,30,30,0,60
2022-07-20T22:58:35,30,30,0,60
2022-07-20T23:07:32,30,30,0,60
2022-07-20T23:16:29,30,30,0,60
2022-07-20T23:25:26,30,30,0,60
2022-07-20T23:34:23,30,30,0,60
2022-07-20T23:43:19,30,30,0,60
2022-07-20T23:52:15,30,30,0,60
2022-07-21T00:01:10,30,30,0,60
2022-07-21T00:10:07,30,30,0,60
2022-07-21T00:19:05,30,30,0,60
2022-07-21T00:28:03,30,30,0,60
2022-07-21T00:37:01,30,30,0,60
2022-07-21T00:46:00,30,30,0,60
2022-07-21T00:55:00,30,30,0,60
2022-07-21T01:03:59,30,30,0,60
2022-07-21T01:13:07,30,30,0,60
2022-07-21T01:22:04,30,30,0,60
2022-07-21T01:31:02,30,30,0,60
2022-07-21T01:39:58,30,30,0,60
2022-07-21T01:48:56,30,30,0,60
2022-07-21T01:57:53,30,30,0,60
2022-07-21T02:06:50,30,30,0,60
2022-07-21T02:15:45,30,30,0,60
2022-07-21T02:24:40,30,30,0,60
2022-07-21T02:33:35,30,30,0,60
2022-07-21T02:42:30,30,30,0,60
2022-07-21T02:51:25,30,30,0,60
2022-07-21T03:00:19,30,30,0,60
2022-07-21T03:09:14,30,30,0,60
2022-07-21T03:18:08,30,30,0,60
2022-07-21T03:27:03,30,30,0,60
2022-07-21T03:35:58,30,30,0,60
2022-07-21T03:44:54,30,30,0,60
2022-07-21T03:53:51,30,30,0,60
2022-07-21T04:02:48,30,30,0,60
2022-07-21T04:11:46,30,30,0,60
2022-07-21T04:23:17,30,30,0,60
2022-07-21T04:32:33,30,30,0,60
2022-07-21T04:41:33,30,30,0,60
2022-07-21T04:50:31,30,30,0,60
2022-07-21T04:59:29,30,30,0,60
2022-07-21T05:08:29,30,30,0,60
2022-07-21T05:17:26,30,30,0,60
2022-07-21T05:26:24,30,30,0,60
2022-07-21T05:35:22,30,30,0,60
2022-07-21T05:44:18,30,30,0,60
2022-07-21T05:53:15,30,30,0,60
2022-07-21T06:02:13,30,30,0,60
2022-07-21T06:11:11,30,30,0,60
2022-07-21T06:20:11,30,30,0,60
2022-07-21T06:29:20,30,30,0,60
2022-07-21T06:38:31,30,30,0,60
2022-07-21T06:47:41,30,30,0,60
2022-07-21T06:56:52,30,30,0,60
2022-07-21T07:06:00,30,30,0,60
2022-07-21T07:15:16,30,30,0,60
2022-07-21T07:24:33,30,30,0,60
2022-07-21T07:33:50,30,30,0,60
2022-07-21T07:43:07,30,30,0,60
2022-07-21T07:52:16,30,30,0,60
2022-07-21T08:01:22,30,30,0,60
2022-07-21T08:10:28,30,30,0,60
2022-07-21T08:19:34,30,30,0,60
2022-07-21T08:28:39,30,30,0,60
2022-07-21T08:37:47,30,30,0,60
2022-07-21T08:46:53,30,30,0,60
2022-07-21T08:56:00,30,30,0,60
2022-07-21T09:05:00,30,30,0,60
2022-07-21T09:13:59,30,30,0,60
2022-07-21T09:22:57,30,30,0,60
2022-07-21T09:31:56,30,30,0,60
2022-07-21T09:40:54,30,30,0,60
2022-07-21T09:49:52,30,30,0,60
2022-07-21T09:58:49,30,30,0,60
2022-07-21T10:07:47,30,30,0,60
2022-07-21T10:16:53,30,30,0,60
2022-07-21T10:25:50,30,30,0,60
2022-07-21T10:34:47,30,30,0,60
2022-07-21T10:43:43,30,30,0,60
2022-07-21T10:52:41,30,30,0,60
2022-07-21T11:01:38,30,30,0,60
2022-07-21T11:10:35,30,30,0,60
2022-07-21T11:19:32,30,30,0,60
2022-07-21T11:28:29,30,30,0,60
2022-07-21T11:37:26,30,30,0,60
2022-07-21T11:46:23,30,30,0,60
2022-07-21T11:55:20,30,30,0,60
2022-07-21T12:04:17,30,30,0,60
2022-07-21T12:13:24,30,30,0,60
2022-07-21T12:22:21,30,30,0,60
2022-07-21T12:31:18,30,30,0,60
2022-07-21T12:40:15,30,30,0,60
2022-07-21T12:49:12,30,30,0,60
2022-07-21T12:58:09,30,30,0,60
2022-07-21T13:07:06,30,30,0,60
2022-07-21T13:16:05,30,30,0,60
2022-07-21T13:25:01,30,30,0,60
2022-07-21T13:33:58,30,30,0,60
2022-07-21T13:42:54,30,30,0,60
2022-07-21T13:51:51,30,30,0,60
2022-07-21T14:00:48,30,30,0,60
2022-07-21T14:09:44,30,30,0,60
2022-07-21T14:18:41,30,30,0,60
2022-07-21T14:27:37,30,30,0,60
2022-07-21T14:36:44,30,30,0,60
2022-07-21T14:45:41,30,30,0,60
2022-07-21T14:54:37,30,30,0,60
2022-07-21T15:03:34,30,30,0,60
2022-07-21T15:12:31,30,30,0,60
2022-07-21T15:21:28,30,30,0,60
2022-07-21T15:30:25,30,30,0,60
2022-07-21T15:39:22,30,30,0,60
2022-07-21T15:48:18,30,30,0,60
2022-07-21T15:57:16,30,30,0,60
2022-07-21T16:06:12,30,30,0,60
2022-07-21T16:15:08,30,30,0,60
2022-07-21T16:24:04,30,30,0,60
2022-07-21T16:33:01,30,30,0,60
2022-07-21T16:41:57,30,30,0,60
2022-07-21T16:51:04,30,30,0,60
2022-07-21T17:00:00,30,30,0,60
2022-07-21T17:08:57,30,30,0,60
2022-07-21T17:17:53,30,30,0,60
2022-07-21T17:26:49,30,30,0,60
2022-07-21T17:35:44,30,30,0,60
2022-07-21T17:44:40,30,30,0,60
2022-07-21T17:53:36,30,30,0,60
2022-07-21T18:02:32,30,30,0,60
2022-07-21T18:11:28,30,30,0,60
2022-07-21T18:20:24,30,30,0,60
2022-07-21T18:29:21,30,30,0,60
2022-07-21T18:38:17,30,30,0,60
2022-07-21T18:47:12,30,30,0,60
2022-07-21T18:56:09,30,30,0,60
2022-07-21T19:05:05,30,30,0,60
2022-07-21T19:14:02,30,30,0,60
2022-07-21T19:22:59,30,30,0,60
2022-07-21T19:31:57,30,30,0,60
2022-07-21T19:41:05,30,30,0,60
2022-07-21T19:50:00,30,30,0,60
2022-07-21T19:58:56,30,30,0,60
2022-07-21T20:07:51,30,30,0,60
2022-07-21T20:16:47,30,30,0,60
2022-07-21T20:25:42,30,30,0,60
2022-07-21T20:34:37,30,30,0,60
2022-07-21T20:43:33,30,30,0,60
2022-07-21T20:52:28,30,30,0,60
2022-07-21T21:01:23,30,30,0,60
2022-07-21T21:10:19,30,30,0,60
2022-07-21T21:19:14,30,30,0,60
2022-07-21T21:28:10,30,30,0,60
2022-07-21T21:37:06,30,30,0,60
2022-07-21T21:46:02,30,30,0,60
2022-07-21T21:54:59,30,30,0,60
2022-07-21T22:03:54,30,30,0,60
2022-07-21T22:12:49,30,30,0,60
2022-07-21T22:21:45,30,30,0,60
2022-07-21T22:30:40,30,30,0,60
2022-07-21T22:39:36,30,30,0,60
2022-07-21T22:48:31,30,30,0,60
2022-07-21T22:57:27,30,30,0,60
2022-07-21T23:06:24,30,30,0,60
2022-07-21T23:15:19,30,30,0,60
2022-07-21T23:24:25,30,30,0,60
2022-07-21T23:33:21,30,30,0,60
2022-07-21T23:42:16,30,30,0,60
2022-07-21T23:51:12,30,30,0,60
2022-07-22T00:00:07,30,30,0,60
2022-07-22T00:09:04,30,30,0,60
2022-07-22T00:18:05,30,30,0,60
2022-07-22T00:27:03,30,30,0,60
2022-07-22T00:36:00,30,30,0,60
2022-07-22T00:44:58,30,30,0,60
2022-07-22T00:53:56,30,30,0,60
2022-07-22T01:02:54,30,30,0,60
2022-07-22T01:11:52,30,30,0,60
2022-07-22T01:20:50,30,30,0,60
2022-07-22T01:29:49,30,30,0,60
2022-07-22T01:38:46,30,30,0,60
2022-07-22T01:47:44,30,30,0,60
2022-07-22T01:56:41,30,30,0,60
2022-07-22T02:05:38,30,30,0,60
2022-07-22T02:14:35,30,30,0,60
2022-07-22T02:23:41,30,30,0,60
2022-07-22T02:32:38,30,30,0,60
2022-07-22T02:41:37,30,30,0,60
2022-07-22T02:50:33,30,30,0,60
2022-07-22T02:59:29,30,30,0,60
2022-07-22T03:08:25,30,30,0,60
2022-07-22T03:17:20,30,30,0,60
2022-07-22T03:26:17,30,30,0,60
2022-07-22T03:35:13,30,30,0,60
2022-07-22T03:44:11,30,30,0,60
2022-07-22T03:53:07,30,30,0,60
2022-07-22T04:02:04,30,30,0,60
2022-07-22T04:11:01,30,30,0,60
2022-07-22T04:29:57,30,30,0,60
2022-07-22T04:38:57,30,30,0,60
2022-07-22T04:47:56,30,30,0,60
2022-07-22T04:56:54,30,30,0,60
2022-07-22T05:05:54,30,30,0,60
2022-07-22T05:14:52,30,30,0,60
2022-07-22T05:23:50,30,30,0,60
2022-07-22T05:32:51,30,30,0,60
2022-07-22T05:41:49,30,30,0,60
2022-07-22T05:50:47,30,30,0,60
2022-07-22T05:59:45,30,30,0,60
2022-07-22T06:08:43,30,30,0,60
2022-07-22T06:17:39,30,30,0,60
2022-07-22T06:26:34,30,30,0,60
2022-07-22T06:35:29,30,30,0,60
2022-07-22T06:44:24,30,30,0,60
2022-07-22T06:53:19,30,30,0,60
2022-07-22T07:02:14,30,30,0,60
2022-07-22T07:11:11,30,30,0,60
2022-07-22T07:20:07,30,30,0,60
2022-07-22T07:29:02,30,30,0,60
2022-07-22T07:37:58,30,30,0,60
2022-07-22T07:46:55,30,30,0,60
2022-07-22T07:55:51,30,30,0,60
2022-07-22T08:04:47,30,30,0,60
2022-07-22T08:13:43,30,30,0,60
2022-07-22T08:22:39,30,30,0,60
2022-07-22T08:31:36,30,30,0,60
2022-07-22T08:40:32,30,30,0,60
2022-07-22T08:49:28,30,30,0,60
2022-07-22T08:58:24,30,30,0,60
2022-07-22T09:07:21,30,30,0,60
2022-07-22T09:16:17,30,30,0,60
2022-07-22T09:25:13,30,30,0,60
2022-07-22T09:34:09,30,30,0,60
2022-07-22T09:43:08,30,30,0,60
2022-07-22T09:52:05,30,30,0,60
2022-07-22T10:01:02,30,30,0,60
2022-07-22T10:09:59,30,30,0,60
2022-07-22T10:18:57,30,30,0,60
2022-07-22T10:27:55,30,30,0,60
2022-07-22T10:36:52,30,30,0,60
2022-07-22T10:45:49,30,30,0,60
2022-07-22T10:54:54,30,30,0,60
2022-07-22T11:03:51,30,30,0,60
2022-07-22T11:12:49,30,30,0,60
2022-07-22T11:21:46,30,30,0,60
2022-07-22T11:30:43,30,30,0,60
2022-07-22T11:39:43,30,30,0,60
2022-07-22T11:48:40,30,30,0,60
2022-07-22T11:57:37,30,30,0,60
2022-07-22T12:06:35,30,30,0,60
2022-07-22T12:15:32,30,30,0,60
2022-07-22T12:24:28,30,30,0,60
2022-07-22T12:33:25,30,30,0,60
2022-07-22T12:42:21,30,30,0,60
2022-07-22T12:51:19,30,30,0,60
2022-07-22T13:00:16,30,30,0,60
2022-07-22T13:09:14,30,30,0,60
2022-07-22T13:18:11,30,30,0,60
2022-07-22T13:27:09,30,30,0,60
2022-07-22T13:36:06,30,30,0,60
2022-07-22T13:45:04,30,30,0,60
2022-07-22T13:54:02,30,30,0,60
2022-07-22T14:03:13,30,30,0,60
2022-07-22T14:12:11,30,30,0,60
2022-07-22T14:21:09,30,30,0,60
2022-07-22T14:30:07,30,30,0,60
2022-07-22T14:39:04,30,30,0,60
2022-07-22T14:48:02,30,30,0,60
2022-07-22T14:57:00,30,30,0,60
2022-07-22T15:05:58,30,30,0,60
2022-07-22T15:14:56,30,30,0,60
2022-07-22T15:23:53,30,30,0,60
2022-07-22T15:32:50,30,30,0,60
2022-07-22T15:41:48,30,30,0,60
2022-07-22T15:50:45,30,30,0,60
2022-07-22T15:59:42,30,30,0,60
2022-07-22T16:08:40,30,30,0,60
2022-07-22T16:17:38,30,30,0,60
2022-07-22T16:26:37,30,30,0,60
2022-07-22T16:35:35,30,30,0,60
2022-07-22T16:44:40,30,30,0,60
2022-07-22T16:53:38,30,30,0,60
2022-07-22T17:02:35,30,30,0,60
2022-07-22T17:11:32,30,30,0,60
2022-07-22T17:20:30,30,30,0,60
2022-07-22T17:29:28,30,30,0,60
2022-07-22T17:38:24,30,30,0,60
2022-07-22T17:47:21,30,30,0,60
2022-07-22T17:56:18,30,30,0,60
2022-07-22T18:05:15,30,30,0,60
2022-07-22T18:14:11,30,30,0,60
2022-07-22T18:23:08,30,30,0,60
2022-07-22T18:32:05,30,30,0,60
2022-07-22T18:41:01,30,30,0,60
2022-07-22T18:49:58,30,30,0,60
2022-07-22T18:58:54,30,30,0,60
2022-07-22T19:07:51,30,30,0,60
2022-07-22T19:16:49,30,30,0,60
2022-07-22T19:25:48,30,30,0,60
2022-07-22T19:34:44,30,30,0,60
2022-07-22T19:43:41,30,30,0,60
2022-07-22T19:52:53,30,30,0,60
2022-07-22T20:01:57,30,30,0,60
2022-07-22T20:11:00,30,30,0,60
2022-07-22T20:20:04,30,30,0,60
2022-07-22T20:29:08,30,30,0,60
2022-07-22T20:38:11,30,30,0,60
2022-07-22T20:47:15,30,30,0,60
2022-07-22T20:56:19,30,30,0,60
2022-07-22T21:05:22,30,30,0,60
2022-07-22T21:14:25,30,30,0,60
2022-07-22T21:23:26,30,30,0,60
2022-07-22T21:32:26,30,30,0,60
2022-07-22T21:41:26,30,30,0,60
2022-07-22T21:50:25,30,30,0,60
2022-07-22T21:59:21,30,30,0,60
2022-07-22T22:08:17,30,30,0,60
2022-07-22T22:17:24,30,30,0,60
2022-07-22T22:26:21,30,30,0,60
2022-07-22T22:35:18,30,30,0,60
2022-07-22T22:44:16,30,30,0,60
2022-07-22T22:53:13,30,30,0,60
2022-07-22T23:02:11,30,30,0,60
2022-07-22T23:11:09,30,30,0,60
2022-07-22T23:20:05,30,30,0,60
2022-07-22T23:29:02,30,30,0,60
2022-07-22T23:37:58,30,30,0,60
2022-07-22T23:46:54,30,30,0,60
2022-07-22T23:56:00,30,30,0,60
2022-07-23T00:04:58,30,30,0,60
2022-07-23T00:13:56,30,30,0,60
2022-07-23T00:22:55,30,30,0,60
2022-07-23T00:31:54,30,30,0,60
2022-07-23T00:40:53,30,30,0,60
2022-07-23T00:49:53,30,30,0,60
2022-07-23T00:58:52,30,30,0,60
2022-07-23T01:07:51,30,30,0,60
2022-07-23T01:16:51,30,30,0,60
2022-07-23T01:25:49,30,30,0,60
2022-07-23T01:34:48,30,30,0,60
2022-07-23T01:43:45,30,30,0,60
2022-07-23T01:52:44,30,30,0,60
2022-07-23T02:01:42,30,30,0,60
2022-07-23T02:10:41,30,30,0,60
2022-07-23T02:19:38,30,30,0,60
2022-07-23T02:28:35,30,30,0,60
2022-07-23T02:37:32,30,30,0,60
2022-07-23T02:46:28,30,30,0,60
2022-07-23T02:55:26,30,30,0,60
2022-07-23T03:04:33,30,30,0,60
2022-07-23T03:13:29,30,30,0,60
2022-07-23T03:22:25,30,30,0,60
2022-07-23T03:31:20,30,30,0,60
2022-07-23T03:40:17,30,30,0,60
2022-07-23T03:49:15,30,30,0,60
2022-07-23T04:00:00,30,30,0,60
2022-07-23T04:19:09,30,30,0,60
2022-07-23T04:28:32,30,30,0,60
2022-07-23T04:37:31,30,30,0,60
2022-07-23T04:46:30,30,30,0,60
2022-07-23T04:55:31,30,30,0,60
2022-07-23T05:04:32,30,30,0,60
2022-07-23T05:13:42,30,30,0,60
2022-07-23T05:22:42,30,30,0,60
2022-07-23T05:31:41,30,30,0,60
2022-07-23T05:40:41,30,30,0,60
2022-07-23T05:49:42,30,30,0,60
2022-07-23T05:58:40,30,30,0,60
2022-07-23T06:07:39,30,30,0,60
2022-07-23T06:16:38,30,30,0,60
2022-07-23T06:25:37,30,30,0,60
2022-07-23T06:34:35,30,30,0,60
2022-07-23T06:43:36,30,30,0,60
2022-07-23T06:52:35,30,30,0,60
2022-07-23T07:01:34,30,30,0,60
2022-07-23T07:10:35,30,30,0,60
2022-07-23T07:19:35,30,30,0,60
2022-07-23T07:28:33,30,30,0,60
2022-07-23T07:37:31,30,30,0,60
2022-07-23T07:46:29,30,30,0,60
2022-07-23T07:55:27,30,30,0,60
2022-07-23T08:04:26,30,30,0,60
2022-07-23T08:13:24,30,30,0,60
2022-07-23T08:22:23,30,30,0,60
2022-07-23T08:31:23,30,30,0,60
2022-07-23T08:40:22,30,30,0,60
2022-07-23T08:49:22,30,30,0,60
2022-07-23T08:58:21,30,30,0,60
2022-07-23T09:07:19,30,30,0,60
2022-07-23T09:16:17,30,30,0,60
2022-07-23T09:25:14,30,30,0,60
2022-07-23T09:34:12,30,30,0,60
2022-07-23T09:43:09,30,30,0,60
2022-07-23T09:52:16,30,30,0,60
2022-07-23T10:01:13,30,30,0,60
2022-07-23T10:10:11,30,30,0,60
2022-07-23T10:19:09,30,30,0,60
2022-07-23T10:28:06,30,30,0,60
2022-07-23T10:37:04,30,30,0,60
2022-07-23T10:46:00,30,30,0,60
2022-07-23T10:54:56,30,30,0,60
2022-07-23T11:03:53,30,30,0,60
2022-07-23T11:12:48,30,30,0,60
2022-07-23T11:21:45,30,30,0,60
2022-07-23T11:30:41,30,30,0,60
2022-07-23T11:39:37,30,30,0,60
2022-07-23T11:48:34,30,30,0,60
2022-07-23T11:57:30,30,30,0,60
2022-07-23T12:06:26,30,30,0,60
2022-07-23T12:15:23,30,30,0,60
2022-07-23T12:24:19,30,30,0,60
2022-07-23T12:33:15,30,30,0,60
2022-07-23T12:42:12,30,30,0,60
2022-07-23T12:51:08,30,30,0,60
2022-07-23T13:00:04,30,30,0,60
2022-07-23T13:09:00,30,30,0,60
2022-07-23T13:17:57,30,30,0,60
2022-07-23T13:26:54,30,30,0,60
2022-07-23T13:35:51,30,30,0,60
2022-07-23T13:44:47,30,30,0,60
2022-07-23T13:53:43,30,30,0,60
2022-07-23T14:02:52,30,30,0,60
2022-07-23T14:11:49,30,30,0,60
2022-07-23T14:20:45,30,30,0,60
2022-07-23T14:29:42,30,30,0,60
2022-07-23T14:38:38,30,30,0,60
2022-07-23T14:47:35,30,30,0,60
2022-07-23T14:56:32,30,30,0,60
2022-07-23T15:05:28,30,30,0,60
2022-07-23T15:14:24,30,30,0,60
2022-07-23T15:23:20,30,30,0,60
2022-07-23T15:32:16,30,30,0,60
2022-07-23T15:41:13,30,30,0,60
2022-07-23T15:50:09,30,30,0,60
2022-07-23T15:59:05,30,30,0,60
2022-07-23T16:08:01,30,30,0,60
2022-07-23T16:16:58,30,30,0,60
2022-07-23T16:25:55,30,30,0,60
2022-07-23T16:34:51,30,30,0,60
2022-07-23T16:43:46,30,30,0,60
2022-07-23T16:52:43,30,30,0,60
2022-07-23T17:01:39,30,30,0,60
2022-07-23T17:10:36,30,30,0,60
2022-07-23T17:19:34,30,30,0,60
2022-07-23T17:28:30,30,30,0,60
2022-07-23T17:37:25,30,30,0,60
2022-07-23T17:46:21,30,30,0,60
2022-07-23T17:55:17,30,30,0,60
2022-07-23T18:04:13,30,30,0,60
2022-07-23T18:13:09,30,30,0,60
2022-07-23T18:22:06,30,30,0,60
2022-07-23T18:31:13,30,30,0,60
2022-07-23T18:40:10,30,30,0,60
2022-07-23T18:49:06,30,30,0,60
2022-07-23T18:58:01,30,30,0,60
2022-07-23T19:06:57,30,30,0,60
2022-07-23T19:15:53,30,30,0,60
2022-07-23T19:24:49,30,30,0,60
2022-07-23T19:33:45,30,30,0,60
2022-07-23T19:42:41,30,30,0,60
2022-07-23T19:51:37,30,30,0,60
2022-07-23T20:00:34,30,30,0,60
2022-07-23T20:09:31,30,30,0,60
2022-07-23T20:18:28,30,30,0,60
2022-07-23T20:27:24,30,30,0,60
2022-07-23T20:36:21,30,30,0,60
2022-07-23T20:45:17,30,30,0,60
2022-07-23T20:54:13,30,30,0,60
2022-07-23T21:03:10,30,30,0,60
2022-07-23T21:12:06,30,30,0,60
2022-07-23T21:21:02,30,30,0,60
2022-07-23T21:29:58,30,30,0,60
2022-07-23T21:38:55,30,30,0,60
2022-07-23T21:47:53,30,30,0,60
2022-07-23T21:56:50,30,30,0,60
2022-07-23T22:05:56,30,30,0,60
2022-07-23T22:14:53,30,30,0,60
2022-07-23T22:23:49,30,30,0,60
2022-07-23T22:32:46,30,30,0,60
2022-07-23T22:41:42,30,30,0,60
2022-07-23T22:50:39,30,30,0,60
2022-07-23T22:59:35,30,30,0,60
2022-07-23T23:08:32,30,30,0,60
2022-07-23T23:17:29,30,30,0,60
2022-07-23T23:26:26,30,30,0,60
2022-07-23T23:35:22,30,30,0,60
2022-07-23T23:44:18,30,30,0,60
2022-07-23T23:53:14,30,30,0,60
2022-07-24T00:02:11,30,30,0,60
2022-07-24T00:11:10,30,30,0,60
2022-07-24T00:20:10,30,30,0,60
2022-07-24T00:29:07,30,30,0,60
2022-07-24T00:38:05,30,30,0,60
2022-07-24T00:47:05,30,30,0,60
2022-07-24T00:56:01,30,30,0,60
2022-07-24T01:04:58,30,30,0,60
2022-07-24T01:13:54,30,30,0,60
2022-07-24T01:22:50,30,30,0,60
2022-07-24T01:31:46,30,30,0,60
2022-07-24T01:40:42,30,30,0,60
2022-07-24T01:49:48,30,30,0,60
2022-07-24T01:58:45,30,30,0,60
2022-07-24T02:07:43,30,30,0,60
2022-07-24T02:16:39,30,30,0,60
2022-07-24T02:25:41,30,30,0,60
2022-07-24T02:34:44,30,30,0,60
2022-07-24T02:43:44,30,30,0,60
2022-07-24T02:52:53,30,30,0,60
2022-07-24T03:02:01,30,30,0,60
2022-07-24T03:11:01,30,30,0,60
2022-07-24T03:20:01,30,30,0,60
2022-07-24T03:29:00,30,30,0,60
2022-07-24T03:38:01,30,30,0,60
2022-07-24T03:46:59,30,30,0,60
2022-07-24T03:55:57,30,30,0,60
2022-07-24T04:04:57,30,30,0,60
2022-07-24T04:20:24,30,30,0,60
2022-07-24T04:29:47,30,30,0,60
2022-07-24T04:38:47,30,30,0,60
2022-07-24T04:47:47,30,30,0,60
2022-07-24T04:56:47,30,30,0,60
2022-07-24T05:05:48,30,30,0,60
2022-07-24T05:14:48,30,30,0,60
2022-07-24T05:23:46,30,30,0,60
2022-07-24T05:32:47,30,30,0,60
2022-07-24T05:41:47,30,30,0,60
2022-07-24T05:50:45,30,30,0,60
2022-07-24T05:59:44,30,30,0,60
2022-07-24T06:08:43,30,30,0,60
2022-07-24T06:17:42,30,30,0,60
2022-07-24T06:26:40,30,30,0,60
2022-07-24T06:35:41,30,30,0,60
2022-07-24T06:44:40,30,30,0,60
2022-07-24T06:53:36,30,30,0,60
2022-07-24T07:02:33,30,30,0,60
2022-07-24T07:11:29,30,30,0,60
2022-07-24T07:20:25,30,30,0,60
2022-07-24T07:29:22,30,30,0,60
2022-07-24T07:38:19,30,30,0,60
2022-07-24T07:47:15,30,30,0,60
2022-07-24T07:56:11,30,30,0,60
2022-07-24T08:05:07,30,30,0,60
2022-07-24T08:14:04,30,30,0,60
2022-07-24T08:23:00,30,30,0,60
2022-07-24T08:32:00,30,30,0,60
2022-07-24T08:40:56,30,30,0,60
2022-07-24T08:49:54,30,30,0,60
2022-07-24T08:58:51,30,30,0,60
2022-07-24T09:07:48,30,30,0,60
2022-07-24T09:16:44,30,30,0,60
2022-07-24T09:25:40,30,30,0,60
2022-07-24T09:34:37,30,30,0,60
2022-07-24T09:43:38,30,30,0,60
2022-07-24T09:52:35,30,30,0,60
2022-07-24T10:01:33,30,30,0,60
2022-07-24T10:10:30,30,30,0,60
2022-07-24T10:19:27,30,30,0,60
2022-07-24T10:28:26,30,30,0,60
2022-07-24T10:37:23,30,30,0,60
2022-07-24T10:46:19,30,30,0,60
2022-07-24T10:55:17,30,30,0,60
2022-07-24T11:04:23,30,30,0,60
2022-07-24T11:13:20,30,30,0,60
2022-07-24T11:22:17,30,30,0,60
2022-07-24T11:31:14,30,30,0,60
2022-07-24T11:40:11,30,30,0,60
2022-07-24T11:49:09,30,30,0,60
2022-07-24T11:58:05,30,30,0,60
2022-07-24T12:07:03,30,30,0,60
2022-07-24T12:16:00,30,30,0,60
2022-07-24T12:24:56,30,30,0,60
2022-07-24T12:33:53,30,30,0,60
2022-07-24T12:42:50,30,30,0,60
2022-07-24T12:51:47,30,30,0,60
2022-07-24T13:00:44,30,30,0,60
2022-07-24T13:09:40,30,30,0,60
2022-07-24T13:18:37,30,30,0,60
2022-07-24T13:27:33,30,30,0,60
2022-07-24T13:36:30,30,30,0,60
2022-07-24T13:45:26,30,30,0,60
2022-07-24T13:54:23,30,30,0,60
2022-07-24T14:03:20,30,30,0,60
2022-07-24T14:12:29,30,30,0,60
2022-07-24T14:21:25,30,30,0,60
2022-07-24T14:30:21,30,30,0,60
2022-07-24T14:39:18,30,30,0,60
2022-07-24T14:48:14,30,30,0,60
2022-07-24T14:57:11,30,30,0,60
2022-07-24T15:06:07,30,30,0,60
2022-07-24T15:15:04,30,30,0,60
2022-07-24T15:24:01,30,30,0,60
2022-07-24T15:32:57,30,30,0,60
2022-07-24T15:41:54,30,30,0,60
2022-07-24T15:50:51,30,30,0,60
2022-07-24T15:59:47,30,30,0,60
2022-07-24T16:08:44,30,30,0,60
2022-07-24T16:17:41,30,30,0,60
2022-07-24T16:26:38,30,30,0,60
2022-07-24T16:35:35,30,30,0,60
2022-07-24T16:44:31,30,30,0,60
2022-07-24T16:53:27,30,30,0,60
2022-07-24T17:02:24,30,30,0,60
2022-07-24T17:11:20,30,30,0,60
2022-07-24T17:20:27,30,30,0,60
2022-07-24T17:29:24,30,30,0,60
2022-07-24T17:38:20,30,30,0,60
2022-07-24T17:47:17,30,30,0,60
2022-07-24T17:56:13,30,30,0,60
2022-07-24T18:05:09,30,30,0,60
2022-07-24T18:14:06,30,30,0,60
2022-07-24T18:23:03,30,30,0,60
2022-07-24T18:31:59,30,30,0,60
2022-07-24T18:40:56,30,30,0,60
2022-07-24T18:49:53,30,30,0,60
2022-07-24T18:58:50,30,30,0,60
2022-07-24T19:07:47,30,30,0,60
2022-07-24T19:16:44,30,30,0,60
2022-07-24T19:25:41,30,30,0,60
2022-07-24T19:34:38,30,30,0,60
2022-07-24T19:43:35,30,30,0,60
2022-07-24T19:52:32,30,30,0,60
2022-07-24T20:01:28,30,30,0,60
2022-07-24T20:10:25,30,30,0,60
2022-07-24T20:19:22,30,30,0,60
2022-07-24T20:28:29,30,30,0,60
2022-07-24T20:37:26,30,30,0,60
2022-07-24T20:46:23,30,30,0,60
2022-07-24T20:55:20,30,30,0,60
2022-07-24T21:04:18,30,30,0,60
2022-07-24T21:13:14,30,30,0,60
2022-07-24T21:22:11,30,30,0,60
2022-07-24T21:31:08,30,30,0,60
2022-07-24T21:40:05,30,30,0,60
2022-07-24T21:49:03,30,30,0,60
2022-07-24T21:58:00,30,30,0,60
2022-07-24T22:06:56,30,30,0,60
2022-07-24T22:15:53,30,30,0,60
2022-07-24T22:24:50,30,30,0,60
2022-07-24T22:33:48,30,30,0,60
2022-07-24T22:42:46,30,30,0,60
2022-07-24T22:51:42,30,30,0,60
2022-07-24T23:00:51,30,30,0,60
2022-07-24T23:09:50,30,30,0,60
2022-07-24T23:18:47,30,30,0,60
2022-07-24T23:27:45,30,30,0,60
2022-07-24T23:36:42,30,30,0,60
2022-07-24T23:45:39,30,30,0,60
2022-07-24T23:54:35,30,30,0,60
2022-07-25T00:03:32,30,30,0,60
2022-07-25T00:12:32,30,30,0,60
2022-07-25T00:21:35,30,30,0,60
2022-07-25T00:30:37,30,30,0,60
2022-07-25T00:39:46,30,30,0,60
2022-07-25T00:48:46,30,30,0,60
2022-07-25T00:57:45,30,30,0,60
2022-07-25T01:06:40,30,30,0,60
2022-07-25T01:15:38,30,30,0,60
2022-07-25T01:24:34,30,30,0,60
2022-07-25T01:33:31,30,30,0,60
2022-07-25T01:42:26,30,30,0,60
2022-07-25T01:51:21,30,30,0,60
2022-07-25T02:00:18,30,30,0,60
2022-07-25T02:09:15,30,30,0,60
2022-07-25T02:18:10,30,30,0,60
2022-07-25T02:27:06,30,30,0,60
2022-07-25T02:36:02,30,30,0,60
2022-07-25T02:44:57,30,30,0,60
2022-07-25T02:53:51,30,30,0,60
2022-07-25T03:02:45,30,30,0,60
2022-07-25T03:11:40,30,30,0,60
2022-07-25T03:20:35,30,30,0,60
2022-07-25T03:29:29,30,30,0,60
2022-07-25T03:38:24,30,30,0,60
2022-07-25T03:47:22,30,30,0,60
2022-07-25T03:56:18,30,30,0,60
2022-07-25T04:05:14,30,30,0,60
2022-07-25T04:16:47,30,30,0,60
2022-07-25T04:27:04,30,30,0,60
2022-07-25T04:36:20,30,30,0,60
2022-07-25T04:45:21,30,30,0,60
2022-07-25T04:54:21,30,30,0,60
2022-07-25T05:03:23,30,30,0,60
2022-07-25T05:12:24,30,30,0,60
2022-07-25T05:21:23,30,30,0,60
2022-07-25T05:30:23,30,30,0,60
2022-07-25T05:39:23,30,30,0,60
2022-07-25T05:48:21,30,30,0,60
2022-07-25T05:57:19,30,30,0,60
2022-07-25T06:06:17,30,30,0,60
2022-07-25T06:15:15,30,30,0,60
2022-07-25T06:24:15,30,30,0,60
2022-07-25T06:33:13,30,30,0,60
2022-07-25T06:42:10,30,30,0,60
2022-07-25T06:51:07,30,30,0,60
2022-07-25T07:00:04,30,30,0,60
2022-07-25T07:09:01,30,30,0,60
2022-07-25T07:17:59,30,30,0,60
2022-07-25T07:26:57,30,30,0,60
2022-07-25T07:35:54,30,30,0,60
2022-07-25T07:44:52,30,30,0,60
2022-07-25T07:53:51,30,30,0,60
2022-07-25T08:02:50,30,30,0,60
2022-07-25T08:11:49,30,30,0,60
2022-07-25T08:20:52,30,30,0,60
2022-07-25T08:29:56,30,30,0,60
2022-07-25T08:38:53,30,30,0,60
2022-07-25T08:47:51,30,30,0,60
2022-07-25T08:56:49,30,30,0,60
2022-07-25T09:05:47,30,30,0,60
2022-07-25T09:14:45,30,30,0,60
2022-07-25T09:23:44,30,30,0,60
2022-07-25T09:32:42,30,30,0,60
2022-07-25T09:42:05,30,30,0,60
2022-07-25T09:51:04,30,30,0,60
2022-07-25T10:00:02,30,30,0,60
2022-07-25T10:09:01,30,30,0,60
2022-07-25T10:17:59,30,30,0,60
2022-07-25T10:26:58,30,30,0,60
2022-07-25T10:35:56,30,30,0,60
2022-07-25T10:44:54,30,30,0,60
2022-07-25T10:53:54,30,30,0,60
2022-07-25T11:02:53,30,30,0,60
2022-07-25T11:11:51,30,30,0,60
2022-07-25T11:20:50,30,30,0,60
2022-07-25T11:29:48,30,30,0,60
2022-07-25T11:38:46,30,30,0,60
2022-07-25T11:47:57,30,30,0,60
2022-07-25T11:56:56,30,30,0,60
2022-07-25T12:05:54,30,30,0,60
2022-07-25T12:14:53,30,30,0,60
2022-07-25T12:23:51,30,30,0,60
2022-07-25T12:32:48,30,30,0,60
2022-07-25T12:41:47,30,30,0,60
2022-07-25T12:50:45,30,30,0,60
2022-07-25T12:59:43,30,30,0,60
2022-07-25T13:08:42,30,30,0,60
2022-07-25T13:17:40,30,30,0,60
2022-07-25T13:26:38,30,30,0,60
2022-07-25T13:35:38,30,30,0,60
2022-07-25T13:44:48,30,30,0,60
2022-07-25T13:53:47,30,30,0,60
2022-07-25T14:02:46,30,30,0,60
2022-07-25T14:11:47,30,30,0,60
2022-07-25T14:20:46,30,30,0,60
2022-07-25T14:29:45,30,30,0,60
2022-07-25T14:38:44,30,30,0,60
2022-07-25T14:47:43,30,30,0,60
2022-07-25T14:56:43,30,30,0,60
2022-07-25T15:05:42,30,30,0,60
2022-07-25T15:14:40,30,30,0,60
2022-07-25T15:23:38,30,30,0,60
2022-07-25T15:32:36,30,30,0,60
2022-07-25T15:41:36,30,30,0,60
2022-07-25T15:50:45,30,30,0,60
2022-07-25T15:59:44,30,30,0,60
2022-07-25T16:08:42,30,30,0,60
2022-07-25T16:17:43,30,30,0,60
2022-07-25T16:26:41,30,30,0,60
2022-07-25T16:35:39,30,30,0,60
2022-07-25T16:44:37,30,30,0,60
2022-07-25T16:53:35,30,30,0,60
2022-07-25T17:02:33,30,30,0,60
2022-07-25T17:11:32,30,30,0,60
2022-07-25T17:20:30,30,30,0,60
2022-07-25T17:29:27,30,30,0,60
2022-07-25T17:38:25,30,30,0,60
2022-07-25T17:47:22,30,30,0,60
2022-07-25T17:56:19,30,30,0,60
2022-07-25T18:05:36,30,30,0,60
2022-07-25T18:14:33,30,30,0,60
2022-07-25T18:23:30,30,30,0,60
2022-07-25T18:32:27,30,30,0,60
2022-07-25T18:41:25,30,30,0,60
2022-07-25T18:50:22,30,30,0,60
2022-07-25T18:59:20,30,30,0,60
2022-07-25T19:08:18,30,30,0,60
2022-07-25T19:17:16,30,30,0,60
2022-07-25T19:26:15,30,30,0,60
2022-07-25T19:35:12,30,30,0,60
2022-07-25T19:44:09,30,30,0,60
2022-07-25T19:53:06,30,30,0,60
2022-07-25T20:02:13,30,30,0,60
2022-07-25T20:11:11,30,30,0,60
2022-07-25T20:20:08,30,30,0,60
2022-07-25T20:29:04,30,30,0,60
2022-07-25T20:38:02,30,30,0,60
2022-07-25T20:46:59,30,30,0,60
2022-07-25T20:55:56,30,30,0,60
2022-07-25T21:04:52,30,30,0,60
2022-07-25T21:13:50,30,30,0,60
2022-07-25T21:22:46,30,30,0,60
2022-07-25T21:31:44,30,30,0,60
2022-07-25T21:40:41,30,30,0,60
2022-07-25T21:49:39,30,30,0,60
2022-07-25T21:58:36,30,30,0,60
2022-07-25T22:07:33,30,30,0,60
2022-07-25T22:16:31,30,30,0,60
2022-07-25T22:25:27,30,30,0,60
2022-07-25T22:34:25,30,30,0,60
2022-07-25T22:43:33,30,30,0,60
2022-07-25T22:52:30,30,30,0,60
2022-07-25T23:01:30,30,30,0,60
2022-07-25T23:10:28,30,30,0,60
2022-07-25T23:19:26,30,30,0,60
2022-07-25T23:28:24,30,30,0,60
2022-07-25T23:37:21,30,30,0,60
2022-07-25T23:46:18,30,30,0,60
2022-07-25T23:55:14,30,30,0,60
2022-07-26T00:04:12,30,30,0,60
2022-07-26T00:13:10,30,30,0,60
2022-07-26T00:22:09,30,30,0,60
2022-07-26T00:31:09,30,30,0,60
2022-07-26T00:40:07,30,30,0,60
2022-07-26T00:49:07,30,30,0,60
2022-07-26T00:58:08,30,30,0,60
2022-07-26T01:07:33,30,30,0,60
2022-07-26T01:16:33,30,30,0,60
2022-07-26T01:25:32,30,30,0,60
2022-07-26T01:34:30,30,30,0,60
2022-07-26T01:43:29,30,30,0,60
2022-07-26T01:52:28,30,30,0,60
2022-07-26T02:01:27,30,30,0,60
2022-07-26T02:10:25,30,30,0,60
2022-07-26T02:19:22,30,30,0,60
2022-07-26T02:28:21,30,30,0,60
2022-07-26T02:37:18,30,30,0,60
2022-07-26T02:46:14,30,30,0,60
2022-07-26T02:55:10,30,30,0,60
2022-07-26T03:04:06,30,30,0,60
2022-07-26T03:13:02,30,30,0,60
2022-07-26T03:21:58,30,30,0,60
2022-07-26T03:30:54,30,30,0,60
2022-07-26T03:39:51,30,30,0,60
2022-07-26T03:48:50,30,30,0,60
2022-07-26T04:00:13,30,30,0,60
2022-07-26T04:09:14,30,30,0,60
2022-07-26T04:28:19,30,30,0,60
2022-07-26T04:37:44,30,30,0,60
2022-07-26T04:46:46,30,30,0,60
2022-07-26T04:55:59,30,30,0,60
2022-07-26T05:05:00,30,30,0,60
2022-07-26T05:14:01,30,30,0,60
2022-07-26T05:23:00,30,30,0,60
2022-07-26T05:32:02,30,30,0,60
2022-07-26T05:41:01,30,30,0,60
2022-07-26T05:50:01,30,30,0,60
2022-07-26T05:59:00,30,30,0,60
2022-07-26T06:08:03,30,30,0,60
2022-07-26T06:17:02,30,30,0,60
2022-07-26T06:26:01,30,30,0,60
2022-07-26T06:35:00,30,30,0,60
2022-07-26T06:44:00,30,30,0,60
2022-07-26T06:53:00,30,30,0,60
2022-07-26T07:02:02,30,30,0,60
2022-07-26T07:11:01,30,30,0,60
2022-07-26T07:20:01,30,30,0,60
2022-07-26T07:29:01,30,30,0,60
2022-07-26T07:38:00,30,30,0,60
2022-07-26T07:46:58,30,30,0,60
2022-07-26T07:55:59,30,30,0,60
2022-07-26T08:04:58,30,30,0,60
2022-07-26T08:13:57,30,30,0,60
2022-07-26T08:22:58,30,30,0,60
2022-07-26T08:31:57,30,30,0,60
2022-07-26T08:40:56,30,30,0,60
2022-07-26T08:49:54,30,30,0,60
2022-07-26T08:58:52,30,30,0,60
2022-07-26T09:07:51,30,30,0,60
2022-07-26T09:16:49,30,30,0,60
2022-07-26T09:25:48,30,30,0,60
2022-07-26T09:34:47,30,30,0,60
2022-07-26T09:44:10,30,30,0,60
2022-07-26T09:53:09,30,30,0,60
2022-07-26T10:02:07,30,30,0,60
2022-07-26T10:11:06,30,30,0,60
2022-07-26T10:20:04,30,30,0,60
2022-07-26T10:29:03,30,30,0,60
2022-07-26T10:38:01,30,30,0,60
2022-07-26T10:46:59,30,30,0,60
2022-07-26T10:55:59,30,30,0,60
2022-07-26T11:04:57,30,30,0,60
2022-07-26T11:13:56,30,30,0,60
2022-07-26T11:22:55,30,30,0,60
2022-07-26T11:31:54,30,30,0,60
2022-07-26T11:40:52,30,30,0,60
2022-07-26T11:49:52,30,30,0,60
2022-07-26T11:58:49,30,30,0,60
2022-07-26T12:07:48,30,30,0,60
2022-07-26T12:16:46,30,30,0,60
2022-07-26T12:25:57,30,30,0,60
2022-07-26T12:34:55,30,30,0,60
2022-07-26T12:43:52,30,30,0,60
2022-07-26T12:52:50,30,30,0,60
2022-07-26T13:01:49,30,30,0,60
2022-07-26T13:10:47,30,30,0,60
2022-07-26T13:19:45,30,30,0,60
2022-07-26T13:28:44,30,30,0,60
2022-07-26T13:37:43,30,30,0,60
2022-07-26T13:46:41,30,30,0,60
2022-07-26T13:56:07,30,30,0,60
2022-07-26T14:05:06,30,30,0,60
2022-07-26T14:14:05,30,30,0,60
2022-07-26T14:23:03,30,30,0,60
2022-07-26T14:32:01,30,30,0,60
2022-07-26T14:41:00,30,30,0,60
2022-07-26T14:49:58,30,30,0,60
2022-07-26T14:58:56,30,30,0,60
2022-07-26T15:07:54,30,30,0,60
2022-07-26T15:16:53,30,30,0,60
2022-07-26T15:25:51,30,30,0,60
2022-07-26T15:34:49,30,30,0,60
2022-07-26T15:43:49,30,30,0,60
2022-07-26T15:52:59,30,30,0,60
2022-07-26T16:01:57,30,30,0,60
2022-07-26T16:10:55,30,30,0,60
2022-07-26T16:19:53,30,30,0,60
2022-07-26T16:28:51,30,30,0,60
2022-07-26T16:37:49,30,30,0,60
2022-07-26T16:46:46,30,30,0,60
2022-07-26T16:55:44,30,30,0,60
2022-07-26T17:04:42,30,30,0,60
2022-07-26T17:13:40,30,30,0,60
2022-07-26T17:22:38,30,30,0,60
2022-07-26T17:31:54,30,30,0,60
2022-07-26T17:40:51,30,30,0,60
2022-07-26T17:49:49,30,30,0,60
2022-07-26T17:58:46,30,30,0,60
2022-07-26T18:07:43,30,30,0,60
2022-07-26T18:16:41,30,30,0,60
2022-07-26T18:25:38,30,30,0,60
2022-07-26T18:34:35,30,30,0,60
2022-07-26T18:43:32,30,30,0,60
2022-07-26T18:52:30,30,30,0,60
2022-07-26T19:01:28,30,30,0,60
2022-07-26T19:10:25,30,30,0,60
2022-07-26T19:19:22,30,30,0,60
2022-07-26T19:28:20,30,30,0,60
2022-07-26T19:37:18,30,30,0,60
2022-07-26T19:46:25,30,30,0,60
2022-07-26T19:55:22,30,30,0,60
2022-07-26T20:04:19,30,30,0,60
2022-07-26T20:13:16,30,30,0,60
2022-07-26T20:22:14,30,30,0,60
2022-07-26T20:31:11,30,30,0,60
2022-07-26T20:40:08,30,30,0,60
2022-07-26T20:49:05,30,30,0,60
2022-07-26T20:58:01,30,30,0,60
2022-07-26T21:06:59,30,30,0,60
2022-07-26T21:15:56,30,30,0,60
2022-07-26T21:24:53,30,30,0,60
2022-07-26T21:33:50,30,30,0,60
2022-07-26T21:42:47,30,30,0,60
2022-07-26T21:51:44,30,30,0,60
2022-07-26T22:00:41,30,30,0,60
2022-07-26T22:09:59,30,30,0,60
2022-07-26T22:18:56,30,30,0,60
2022-07-26T22:27:53,30,30,0,60
2022-07-26T22:36:49,30,30,0,60
2022-07-26T22:45:49,30,30,0,60
2022-07-26T22:54:46,30,30,0,60
2022-07-26T23:03:43,30,30,0,60
2022-07-26T23:12:41,30,30,0,60
2022-07-26T23:21:38,30,30,0,60
2022-07-26T23:30:35,30,30,0,60
2022-07-26T23:39:33,30,30,0,60
2022-07-26T23:48:29,30,30,0,60
2022-07-26T23:57:26,30,30,0,60
2022-07-27T00:06:24,30,30,0,60
2022-07-27T00:15:23,30,30,0,60
2022-07-27T00:24:22,30,30,0,60
2022-07-27T00:33:20,30,30,0,60
2022-07-27T00:42:20,30,30,0,60
2022-07-27T00:51:31,30,30,0,60
2022-07-27T01:00:31,30,30,0,60
2022-07-27T01:09:30,30,30,0,60
2022-07-27T01:18:30,30,30,0,60
2022-07-27T01:27:30,30,30,0,60
2022-07-27T01:36:30,30,30,0,60
2022-07-27T01:45:29,30,30,0,60
2022-07-27T01:54:28,30,30,0,60
2022-07-27T02:03:26,30,30,0,60
2022-07-27T02:12:25,30,30,0,60
2022-07-27T02:21:25,30,30,0,60
2022-07-27T02:30:32,30,30,0,60
2022-07-27T02:39:31,30,30,0,60
2022-07-27T02:48:29,30,30,0,60
2022-07-27T02:57:27,30,30,0,60
2022-07-27T03:06:25,30,30,0,60
2022-07-27T03:15:22,30,30,0,60
2022-07-27T03:24:19,30,30,0,60
2022-07-27T03:33:16,30,30,0,60
2022-07-27T03:42:15,30,30,0,60
2022-07-27T03:51:14,30,30,0,60
2022-07-27T04:00:12,30,30,0,60
2022-07-27T04:18:44,30,30,0,60
2022-07-27T04:28:07,30,30,0,60
2022-07-27T04:37:08,30,30,0,60
2022-07-27T04:46:09,30,30,0,60
2022-07-27T04:55:08,30,30,0,60
2022-07-27T05:04:07,30,30,0,60
2022-07-27T05:13:07,30,30,0,60
2022-07-27T05:22:05,30,30,0,60
2022-07-27T05:32:26,30,30,0,60
2022-07-27T05:41:44,30,30,0,60
2022-07-27T05:50:43,30,30,0,60
2022-07-27T05:59:43,30,30,0,60
2022-07-27T06:08:43,30,30,0,60
2022-07-27T06:17:41,30,30,0,60
2022-07-27T06:26:38,30,30,0,60
2022-07-27T06:35:35,30,30,0,60
2022-07-27T08:21:42,30,30,0,60
2022-07-27T08:31:11,30,30,0,60
2022-07-27T08:40:10,30,30,0,60
2022-07-27T08:49:09,30,30,0,60
2022-07-27T08:58:07,30,30,0,60
2022-07-27T09:07:06,30,30,0,60
2022-07-27T09:16:04,30,30,0,60
2022-07-27T09:25:02,30,30,0,60
2022-07-27T09:34:00,30,30,0,60
2022-07-27T09:42:59,30,30,0,60
2022-07-27T09:51:58,30,30,0,60
2022-07-27T10:00:57,30,30,0,60
2022-07-27T10:09:56,30,30,0,60
2022-07-27T10:18:54,30,30,0,60
2022-07-27T10:27:53,30,30,0,60
2022-07-27T10:36:51,30,30,0,60
2022-07-27T10:45:50,30,30,0,60
2022-07-27T10:54:48,30,30,0,60
2022-07-27T11:03:47,30,30,0,60
2022-07-27T11:12:46,30,30,0,60
2022-07-27T11:21:46,30,30,0,60
2022-07-27T11:30:54,30,30,0,60
2022-07-27T11:39:52,30,30,0,60
2022-07-27T11:48:50,30,30,0,60
2022-07-27T11:57:48,30,30,0,60
2022-07-27T12:06:47,30,30,0,60
2022-07-27T12:15:44,30,30,0,60
2022-07-27T12:24:42,30,30,0,60
2022-07-27T12:33:41,30,30,0,60
2022-07-27T12:42:39,30,30,0,60
2022-07-27T12:51:37,30,30,0,60
2022-07-27T13:00:35,30,30,0,60
2022-07-27T13:09:34,30,30,0,60
2022-07-27T13:18:32,30,30,0,60
2022-07-27T13:27:31,30,30,0,60
2022-07-27T13:36:29,30,30,0,60
2022-07-27T13:45:28,30,30,0,60
2022-07-27T13:54:37,30,30,0,60
2022-07-27T14:03:36,30,30,0,60
2022-07-27T14:12:34,30,30,0,60
2022-07-27T14:21:33,30,30,0,60
2022-07-27T14:30:32,30,30,0,60
2022-07-27T14:39:30,30,30,0,60
2022-07-27T14:48:28,30,30,0,60
2022-07-27T14:57:26,30,30,0,60
2022-07-27T15:06:24,30,30,0,60
2022-07-27T15:15:23,30,30,0,60
2022-07-27T15:24:20,30,30,0,60
2022-07-27T15:33:18,30,30,0,60
2022-07-27T15:42:16,30,30,0,60
2022-07-27T15:51:14,30,30,0,60
2022-07-27T16:00:13,30,30,0,60
2022-07-27T16:09:23,30,30,0,60
2022-07-27T16:18:22,30,30,0,60
2022-07-27T16:27:19,30,30,0,60
2022-07-27T16:36:17,30,30,0,60
2022-07-27T16:45:14,30,30,0,60
2022-07-27T16:54:12,30,30,0,60
2022-07-27T17:03:10,30,30,0,60
2022-07-27T17:12:08,30,30,0,60
2022-07-27T17:21:05,30,30,0,60
2022-07-27T17:30:02,30,30,0,60
2022-07-27T17:39:00,30,30,0,60
2022-07-27T17:47:57,30,30,0,60
2022-07-27T17:56:54,30,30,0,60
2022-07-27T18:05:51,30,30,0,60
2022-07-27T18:15:00,30,30,0,60
2022-07-27T18:23:57,30,30,0,60
2022-07-27T18:32:55,30,30,0,60
2022-07-27T18:41:52,30,30,0,60
2022-07-27T18:50:49,30,30,0,60
2022-07-27T18:59:46,30,30,0,60
2022-07-27T19:08:44,30,30,0,60
2022-07-27T19:17:41,30,30,0,60
2022-07-27T19:26:38,30,30,0,60
2022-07-27T19:35:35,30,30,0,60
2022-07-27T19:44:32,30,30,0,60
2022-07-27T19:53:29,30,30,0,60
2022-07-27T20:02:26,30,30,0,60
2022-07-27T20:11:24,30,30,0,60
2022-07-27T20:20:21,30,30,0,60
2022-07-27T20:29:18,30,30,0,60
2022-07-27T20:38:15,30,30,0,60
2022-07-27T20:47:12,30,30,0,60
2022-07-27T20:56:20,30,30,0,60
2022-07-27T21:05:17,30,30,0,60
2022-07-27T21:14:14,30,30,0,60
2022-07-27T21:23:11,30,30,0,60
2022-07-27T21:32:10,30,30,0,60
2022-07-27T21:41:08,30,30,0,60
2022-07-27T21:50:05,30,30,0,60
2022-07-27T21:59:03,30,30,0,60
2022-07-27T22:08:00,30,30,0,60
2022-07-27T22:16:58,30,30,0,60
2022-07-27T22:25:54,30,30,0,60
2022-07-27T22:34:51,30,30,0,60
2022-07-27T22:43:49,30,30,0,60
2022-07-27T22:52:46,30,30,0,60
2022-07-27T23:01:44,30,30,0,60
2022-07-27T23:10:42,30,30,0,60
2022-07-27T23:19:39,30,30,0,60
2022-07-27T23:28:36,30,30,0,60
2022-07-27T23:37:34,30,30,0,60
2022-07-27T23:46:31,30,30,0,60
2022-07-27T23:55:28,30,30,0,60
2022-07-28T00:04:26,30,30,0,60
2022-07-28T00:13:25,30,30,0,60
2022-07-28T00:22:24,30,30,0,60
2022-07-28T00:31:22,30,30,0,60
2022-07-28T00:40:42,30,30,0,60
2022-07-28T00:49:53,30,30,0,60
2022-07-28T00:58:53,30,30,0,60
2022-07-28T01:07:51,30,30,0,60
2022-07-28T01:16:50,30,30,0,60
2022-07-28T01:25:49,30,30,0,60
2022-07-28T01:34:48,30,30,0,60
2022-07-28T01:43:47,30,30,0,60
2022-07-28T01:52:47,30,30,0,60
2022-07-28T02:01:45,30,30,0,60
2022-07-28T02:10:43,30,30,0,60
2022-07-28T02:19:41,30,30,0,60
2022-07-28T02:28:37,30,30,0,60
2022-07-28T02:37:35,30,30,0,60
2022-07-28T02:46:32,30,30,0,60
2022-07-28T02:55:28,30,30,0,60
2022-07-28T03:04:24,30,30,0,60
2022-07-28T03:13:20,30,30,0,60
2022-07-28T03:22:16,30,30,0,60
2022-07-28T03:31:13,30,30,0,60
2022-07-28T03:40:10,30,30,0,60
2022-07-28T03:49:09,30,30,0,60
2022-07-28T03:58:07,30,30,0,60
2022-07-28T04:07:06,30,30,0,60
2022-07-28T04:27:25,30,30,0,60
2022-07-28T04:36:48,30,30,0,60
2022-07-28T04:45:49,30,30,0,60
2022-07-28T04:54:49,30,30,0,60
2022-07-28T05:03:51,30,30,0,60
2022-07-28T05:12:53,30,30,0,60
2022-07-28T05:21:52,30,30,0,60
2022-07-28T05:30:51,30,30,0,60
2022-07-28T05:39:50,30,30,0,60
2022-07-28T05:48:51,30,30,0,60
2022-07-28T05:57:52,30,30,0,60
2022-07-28T06:06:52,30,30,0,60
2022-07-28T06:15:51,30,30,0,60
2022-07-28T06:24:50,30,30,0,60
2022-07-28T06:33:48,30,30,0,60
2022-07-28T06:42:47,30,30,0,60
2022-07-28T06:51:44,30,30,0,60
2022-07-28T07:00:43,30,30,0,60
2022-07-28T07:09:47,30,30,0,60
2022-07-28T07:18:46,30,30,0,60
2022-07-28T07:27:44,30,30,0,60
2022-07-28T07:36:43,30,30,0,60
2022-07-28T07:45:43,30,30,0,60
2022-07-28T07:54:41,30,30,0,60
2022-07-28T08:03:43,30,30,0,60
2022-07-28T08:12:42,30,30,0,60
2022-07-28T08:21:41,30,30,0,60
2022-07-28T08:30:41,30,30,0,60
2022-07-28T08:39:39,30,30,0,60
2022-07-28T08:48:37,30,30,0,60
2022-07-28T08:57:35,30,30,0,60
2022-07-28T09:06:32,30,30,0,60
2022-07-28T09:15:31,30,30,0,60
2022-07-28T09:24:30,30,30,0,60
2022-07-28T09:33:31,30,30,0,60
2022-07-28T09:42:30,30,30,0,60
2022-07-28T09:51:39,30,30,0,60
2022-07-28T10:00:42,30,30,0,60
2022-07-28T10:09:47,30,30,0,60
2022-07-28T10:18:52,30,30,0,60
2022-07-28T10:27:56,30,30,0,60
2022-07-28T10:37:01,30,30,0,60
2022-07-28T10:46:07,30,30,0,60
2022-07-28T10:55:12,30,30,0,60
2022-07-28T11:04:17,30,30,0,60
2022-07-28T11:13:22,30,30,0,60
2022-07-28T11:22:27,30,30,0,60
2022-07-28T11:31:29,30,30,0,60
2022-07-28T11:40:43,30,30,0,60
2022-07-28T11:49:44,30,30,0,60
2022-07-28T11:58:43,30,30,0,60
2022-07-28T12:07:40,30,30,0,60
2022-07-28T12:16:38,30,30,0,60
2022-07-28T12:25:36,30,30,0,60
2022-07-28T12:34:34,30,30,0,60
2022-07-28T12:43:31,30,30,0,60
2022-07-28T12:52:29,30,30,0,60
2022-07-28T13:01:27,30,30,0,60
2022-07-28T13:10:25,30,30,0,60
2022-07-28T13:19:22,30,30,0,60
2022-07-28T13:28:20,30,30,0,60
2022-07-28T13:37:18,30,30,0,60
2022-07-28T13:46:17,30,30,0,60
2022-07-28T13:55:15,30,30,0,60
2022-07-28T14:04:15,30,30,0,60
2022-07-28T14:13:13,30,30,0,60
2022-07-28T14:22:12,30,30,0,60
2022-07-28T14:31:10,30,30,0,60
2022-07-28T14:40:20,30,30,0,60
2022-07-28T14:49:18,30,30,0,60
2022-07-28T14:58:17,30,30,0,60
2022-07-28T15:07:16,30,30,0,60
2022-07-28T15:16:14,30,30,0,60
2022-07-28T15:25:12,30,30,0,60
2022-07-28T15:34:10,30,30,0,60
2022-07-28T15:43:09,30,30,0,60
2022-07-28T15:52:07,30,30,0,60
2022-07-28T16:01:06,30,30,0,60
2022-07-28T16:10:04,30,30,0,60
2022-07-28T16:19:01,30,30,0,60
2022-07-28T16:27:59,30,30,0,60
2022-07-28T16:37:09,30,30,0,60
2022-07-28T16:46:07,30,30,0,60
2022-07-28T16:55:05,30,30,0,60
2022-07-28T17:04:03,30,30,0,60
2022-07-28T17:13:01,30,30,0,60
2022-07-28T17:21:59,30,30,0,60
2022-07-28T17:30:56,30,30,0,60
2022-07-28T17:39:54,30,30,0,60
2022-07-28T17:48:52,30,30,0,60
2022-07-28T17:57:50,30,30,0,60
2022-07-28T18:06:47,30,30,0,60
2022-07-28T18:15:45,30,30,0,60
2022-07-28T18:24:43,30,30,0,60
2022-07-28T18:33:40,30,30,0,60
2022-07-28T18:42:38,30,30,0,60
2022-07-28T18:51:36,30,30,0,60
2022-07-28T19:00:34,30,30,0,60
2022-07-28T19:09:32,30,30,0,60
2022-07-28T19:18:41,30,30,0,60
2022-07-28T19:27:39,30,30,0,60
2022-07-28T19:36:36,30,30,0,60
2022-07-28T19:45:33,30,30,0,60
2022-07-28T19:54:30,30,30,0,60
2022-07-28T20:03:27,30,30,0,60
2022-07-28T20:12:24,30,30,0,60
2022-07-28T20:21:21,30,30,0,60
2022-07-28T20:30:18,30,30,0,60
2022-07-28T20:39:15,30,30,0,60
2022-07-28T20:48:21,30,30,0,60
2022-07-28T20:57:30,30,30,0,60
2022-07-28T21:06:37,30,30,0,60
2022-07-28T21:15:43,30,30,0,60
2022-07-28T21:24:54,30,30,0,60
2022-07-28T21:34:06,30,30,0,60
2022-07-28T21:43:19,30,30,0,60
2022-07-28T21:52:32,30,30,0,60
2022-07-28T22:01:42,30,30,0,60
2022-07-28T22:11:04,30,30,0,60
2022-07-28T22:20:18,30,30,0,60
2022-07-28T22:29:27,30,30,0,60
2022-07-28T22:38:34,30,30,0,60
2022-07-28T22:47:42,30,30,0,60
2022-07-28T22:56:51,30,30,0,60
2022-07-28T23:06:00,30,30,0,60
2022-07-28T23:15:10,30,30,0,60
2022-07-28T23:24:18,30,30,0,60
2022-07-28T23:33:22,30,30,0,60
2022-07-28T23:42:24,30,30,0,60
2022-07-28T23:51:25,30,30,0,60
2022-07-29T00:00:24,30,30,0,60
2022-07-29T00:09:22,30,30,0,60
2022-07-29T00:18:24,30,30,0,60
2022-07-29T00:27:23,30,30,0,60
2022-07-29T00:36:22,30,30,0,60
2022-07-29T00:45:34,30,30,0,60
2022-07-29T00:54:34,30,30,0,60
2022-07-29T01:03:35,30,30,0,60
2022-07-29T01:12:34,30,30,0,60
2022-07-29T01:21:35,30,30,0,60
2022-07-29T01:30:36,30,30,0,60
2022-07-29T01:39:34,30,30,0,60
2022-07-29T01:48:33,30,30,0,60
2022-07-29T01:57:32,30,30,0,60
2022-07-29T02:06:30,30,30,0,60
2022-07-29T02:15:29,30,30,0,60
2022-07-29T02:24:27,30,30,0,60
2022-07-29T02:33:26,30,30,0,60
2022-07-29T02:42:25,30,30,0,60
2022-07-29T02:51:25,30,30,0,60
2022-07-29T03:00:25,30,30,0,60
2022-07-29T03:09:32,30,30,0,60
2022-07-29T03:18:30,30,30,0,60
2022-07-29T03:27:27,30,30,0,60
2022-07-29T03:36:26,30,30,0,60
2022-07-29T03:45:27,30,30,0,60
2022-07-29T03:54:27,30,30,0,60
2022-07-29T04:03:25,30,30,0,60
2022-07-29T04:20:30,30,30,0,60
2022-07-29T04:29:55,30,30,0,60
2022-07-29T04:38:54,30,30,0,60
2022-07-29T04:47:54,30,30,0,60
2022-07-29T04:56:54,30,30,0,60
2022-07-29T05:05:55,30,30,0,60
2022-07-29T05:14:56,30,30,0,60
2022-07-29T05:23:55,30,30,0,60
2022-07-29T05:32:56,30,30,0,60
2022-07-29T05:41:56,30,30,0,60
2022-07-29T05:50:55,30,30,0,60
2022-07-29T05:59:53,30,30,0,60
2022-07-29T06:08:52,30,30,0,60
2022-07-29T06:17:51,30,30,0,60
2022-07-29T06:26:49,30,30,0,60
2022-07-29T06:35:48,30,30,0,60
2022-07-29T06:44:48,30,30,0,60
2022-07-29T06:53:45,30,30,0,60
2022-07-29T07:02:43,30,30,0,60
2022-07-29T07:11:41,30,30,0,60
2022-07-29T07:20:38,30,30,0,60
2022-07-29T07:29:36,30,30,0,60
2022-07-29T07:38:34,30,30,0,60
2022-07-29T07:47:32,30,30,0,60
2022-07-29T07:56:29,30,30,0,60
2022-07-29T08:05:27,30,30,0,60
2022-07-29T08:14:24,30,30,0,60
2022-07-29T08:23:21,30,30,0,60
2022-07-29T08:32:19,30,30,0,60
2022-07-29T08:41:17,30,30,0,60
2022-07-29T08:50:14,30,30,0,60
2022-07-29T08:59:12,30,30,0,60
2022-07-29T09:08:19,30,30,0,60
2022-07-29T09:17:17,30,30,0,60
2022-07-29T09:26:15,30,30,0,60
2022-07-29T09:35:13,30,30,0,60
2022-07-29T09:44:10,30,30,0,60
2022-07-29T09:53:08,30,30,0,60
2022-07-29T10:02:08,30,30,0,60
2022-07-29T10:11:07,30,30,0,60
2022-07-29T10:20:05,30,30,0,60
2022-07-29T10:29:03,30,30,0,60
2022-07-29T10:38:02,30,30,0,60
2022-07-29T10:47:00,30,30,0,60
2022-07-29T10:55:58,30,30,0,60
2022-07-29T11:04:56,30,30,0,60
2022-07-29T11:13:55,30,30,0,60
2022-07-29T11:22:54,30,30,0,60
2022-07-29T11:32:05,30,30,0,60
2022-07-29T11:41:04,30,30,0,60
2022-07-29T11:50:02,30,30,0,60
2022-07-29T11:59:00,30,30,0,60
2022-07-29T12:07:59,30,30,0,60
2022-07-29T12:16:56,30,30,0,60
2022-07-29T12:25:55,30,30,0,60
2022-07-29T12:34:53,30,30,0,60
2022-07-29T12:43:50,30,30,0,60
2022-07-29T12:52:49,30,30,0,60
2022-07-29T13:01:47,30,30,0,60
2022-07-29T13:10:45,30,30,0,60
2022-07-29T13:19:43,30,30,0,60
2022-07-29T13:28:53,30,30,0,60
2022-07-29T13:37:50,30,30,0,60
2022-07-29T13:46:50,30,30,0,60
2022-07-29T13:55:49,30,30,0,60
2022-07-29T14:04:47,30,30,0,60
2022-07-29T14:13:47,31,29,0,60
2022-07-29T14:22:46,31,29,0,60
2022-07-29T14:31:45,31,29,0,60
2022-07-29T14:40:45,31,29,0,60
2022-07-29T14:49:44,31,29,0,60
2022-07-29T14:58:44,31,29,0,60
2022-07-29T15:07:43,31,29,0,60
2022-07-29T15:16:45,31,29,0,60
2022-07-29T15:25:45,31,29,0,60
2022-07-29T15:34:45,31,29,0,60
2022-07-29T15:43:56,31,29,0,60
2022-07-29T15:52:55,31,29,0,60
2022-07-29T16:01:56,31,29,0,60
2022-07-29T16:10:56,31,29,0,60
2022-07-29T16:19:57,31,29,0,60
2022-07-29T16:28:56,31,29,0,60
2022-07-29T16:37:57,31,29,0,60
2022-07-29T16:46:57,31,29,0,60
2022-07-29T16:55:57,31,29,0,60
2022-07-29T17:04:56,31,29,0,60
2022-07-29T17:13:57,31,29,0,60
2022-07-29T17:22:56,31,29,0,60
2022-07-29T17:32:06,31,29,0,60
2022-07-29T17:41:06,31,29,0,60
2022-07-29T17:50:06,31,29,0,60
2022-07-29T17:59:06,31,29,0,60
2022-07-29T18:08:07,31,29,0,60
2022-07-29T18:17:07,31,29,0,60
2022-07-29T18:26:06,31,29,0,60
2022-07-29T18:35:05,31,29,0,60
2022-07-29T18:44:04,31,29,0,60
2022-07-29T18:53:04,31,29,0,60
2022-07-29T19:02:04,31,29,0,60
2022-07-29T19:11:04,31,29,0,60
2022-07-29T19:20:03,31,29,0,60
2022-07-29T19:29:03,31,29,0,60
2022-07-29T19:38:03,31,29,0,60
2022-07-29T19:47:12,31,29,0,60
2022-07-29T19:56:11,31,29,0,60
2022-07-29T20:05:10,31,29,0,60
2022-07-29T20:14:12,31,29,0,60
2022-07-29T20:23:11,31,29,0,60
2022-07-29T20:32:11,31,29,0,60
2022-07-29T20:41:10,31,29,0,60
2022-07-29T20:50:09,31,29,0,60
2022-07-29T20:59:08,31,29,0,60
2022-07-29T21:08:07,31,29,0,60
2022-07-29T21:17:06,31,29,0,60
