time,enrolled,available,waitlisted,total
2022-05-18T04:33:00,0,6,0,6
2022-05-18T04:43:33,0,6,0,6
2022-05-18T04:53:44,0,6,0,6
2022-05-18T05:03:55,0,6,0,6
2022-05-18T05:14:05,0,6,0,6
2022-05-18T05:24:16,0,6,0,6
2022-05-18T05:34:26,0,6,0,6
2022-05-18T05:44:36,0,6,0,6
2022-05-18T05:54:46,0,6,0,6
2022-05-18T06:05:00,0,6,0,6
2022-05-18T06:15:08,0,6,0,6
2022-05-18T06:25:16,0,6,0,6
2022-05-18T06:35:24,0,6,0,6
2022-05-18T06:45:32,0,6,0,6
2022-05-18T06:55:39,0,6,0,6
2022-05-18T07:05:48,0,6,0,6
2022-05-18T07:15:56,0,6,0,6
2022-05-18T07:26:04,0,6,0,6
2022-05-18T07:36:12,0,6,0,6
2022-05-18T07:46:20,0,6,0,6
2022-05-18T07:56:28,0,6,0,6
2022-05-18T08:06:36,0,6,0,6
2022-05-18T08:16:44,0,6,0,6
2022-05-18T08:26:53,0,6,0,6
2022-05-18T08:37:01,0,6,0,6
2022-05-18T08:47:11,0,6,0,6
2022-05-18T08:57:20,0,6,0,6
2022-05-18T09:07:41,0,6,0,6
2022-05-18T09:17:50,0,6,0,6
2022-05-18T09:27:59,0,6,0,6
2022-05-18T09:38:08,0,6,0,6
2022-05-18T09:48:17,0,6,0,6
2022-05-18T09:58:27,0,6,0,6
2022-05-18T10:08:39,0,6,0,6
2022-05-18T10:18:50,0,6,0,6
2022-05-18T10:29:01,0,6,0,6
2022-05-18T10:39:24,0,6,0,6
2022-05-18T10:49:34,0,6,0,6
2022-05-18T10:59:44,0,6,0,6
2022-05-18T11:09:54,0,6,0,6
2022-05-18T11:20:03,0,6,0,6
2022-05-18T11:30:12,0,6,0,6
2022-05-18T11:40:21,0,6,0,6
2022-05-18T11:50:30,0,6,0,6
2022-05-18T12:00:49,0,6,0,6
2022-05-18T12:10:57,0,6,0,6
2022-05-18T12:21:06,0,6,0,6
2022-05-18T12:31:16,0,6,0,6
2022-05-18T12:41:26,0,6,0,6
2022-05-18T12:51:36,0,6,0,6
2022-05-18T13:01:47,0,6,0,6
2022-05-18T13:12:08,0,6,0,6
2022-05-18T13:22:18,0,6,0,6
2022-05-18T13:32:28,0,6,0,6
2022-05-18T13:42:39,0,6,0,6
2022-05-18T13:52:50,0,6,0,6
2022-05-18T14:03:00,0,6,0,6
2022-05-18T14:13:11,0,6,0,6
2022-05-18T14:23:21,0,6,0,6
2022-05-18T14:33:43,0,6,0,6
2022-05-18T14:43:53,0,6,0,6
2022-05-18T14:54:03,0,6,0,6
2022-05-18T15:04:15,0,6,0,6
2022-05-18T15:14:26,0,6,0,6
2022-05-18T15:24:37,0,6,0,6
2022-05-18T15:34:58,0,6,0,6
2022-05-18T15:45:08,0,6,0,6
2022-05-18T15:55:19,0,6,0,6
2022-05-18T16:05:30,0,6,0,6
2022-05-18T16:15:41,0,6,0,6
2022-05-18T16:25:52,0,6,0,6
2022-05-18T16:36:02,0,6,0,6
2022-05-18T16:46:12,0,6,0,6
2022-05-18T16:56:21,0,6,0,6
2022-05-18T17:06:42,0,6,0,6
2022-05-18T17:16:52,0,6,0,6
2022-05-18T17:27:01,0,6,0,6
2022-05-18T17:37:11,0,6,0,6
2022-05-18T17:47:20,0,6,0,6
2022-05-18T17:57:29,0,6,0,6
2022-05-18T18:07:38,0,6,0,6
2022-05-18T18:17:48,0,6,0,6
2022-05-18T18:27:59,0,6,0,6
2022-05-18T18:38:18,0,6,0,6
2022-05-18T18:48:27,0,6,0,6
2022-05-18T18:58:36,0,6,0,6
2022-05-18T19:08:45,0,6,0,6
2022-05-18T19:18:54,0,6,0,6
2022-05-18T19:29:03,0,6,0,6
2022-05-18T19:39:12,0,6,0,6
2022-05-18T19:49:21,0,6,0,6
2022-05-18T19:59:31,0,6,0,6
2022-05-18T20:09:39,0,6,0,6
2022-05-18T20:19:59,0,6,0,6
2022-05-18T20:30:08,0,6,0,6
2022-05-18T20:40:16,0,6,0,6
2022-05-18T20:50:25,0,6,0,6
2022-05-18T21:00:34,0,6,0,6
2022-05-18T21:10:45,0,6,0,6
2022-05-18T21:20:54,0,6,0,6
2022-05-18T21:31:03,0,6,0,6
2022-05-18T21:41:11,0,6,0,6
2022-05-18T21:51:30,0,6,0,6
2022-05-18T22:01:39,0,6,0,6
2022-05-18T22:11:48,0,6,0,6
2022-05-18T22:21:57,0,6,0,6
2022-05-18T22:32:06,0,6,0,6
2022-05-18T22:42:15,0,6,0,6
2022-05-18T22:52:24,0,6,0,6
2022-05-18T23:02:33,0,6,0,6
2022-05-18T23:12:43,0,6,0,6
2022-05-18T23:22:53,0,6,0,6
2022-05-18T23:33:16,0,6,0,6
2022-05-18T23:43:25,0,6,0,6
2022-05-18T23:53:33,0,6,0,6
2022-05-19T00:03:43,0,6,0,6
2022-05-19T00:13:56,0,6,0,6
2022-05-19T00:24:08,0,6,0,6
2022-05-19T00:34:23,0,6,0,6
2022-05-19T00:44:37,0,6,0,6
2022-05-19T00:54:48,0,6,0,6
2022-05-19T01:04:58,0,6,0,6
2022-05-19T01:15:08,0,6,0,6
2022-05-19T01:25:17,0,6,0,6
2022-05-19T01:35:27,0,6,0,6
2022-05-19T01:45:37,0,6,0,6
2022-05-19T01:55:47,0,6,0,6
2022-05-19T02:06:07,0,6,0,6
2022-05-19T02:16:17,0,6,0,6
2022-05-19T02:26:25,0,6,0,6
2022-05-19T02:36:33,0,6,0,6
2022-05-19T02:46:41,0,6,0,6
2022-05-19T02:56:50,0,6,0,6
2022-05-19T03:06:58,0,6,0,6
2022-05-19T03:17:09,0,6,0,6
2022-05-19T03:27:29,0,6,0,6
2022-05-19T03:37:40,0,6,0,6
2022-05-19T03:47:51,0,6,0,6
2022-05-19T03:58:01,0,6,0,6
2022-05-19T04:08:12,0,6,0,6
2022-05-19T04:24:11,0,6,0,6
2022-05-19T04:35:32,0,6,0,6
2022-05-19T04:45:58,0,6,0,6
2022-05-19T04:56:10,0,6,0,6
2022-05-19T05:06:22,0,6,0,6
2022-05-19T05:16:34,0,6,0,6
2022-05-19T05:26:45,0,6,0,6
2022-05-19T05:36:55,0,6,0,6
2022-05-19T05:47:05,0,6,0,6
2022-05-19T05:57:16,0,6,0,6
2022-05-19T06:07:27,0,6,0,6
2022-05-19T06:17:38,0,6,0,6
2022-05-19T06:27:49,0,6,0,6
2022-05-19T06:38:01,0,6,0,6
2022-05-19T06:48:11,0,6,0,6
2022-05-19T06:58:21,0,6,0,6
2022-05-19T07:08:36,0,6,0,6
2022-05-19T07:18:46,0,6,0,6
2022-05-19T07:28:55,0,6,0,6
2022-05-19T07:39:05,0,6,0,6
2022-05-19T07:49:14,0,6,0,6
2022-05-19T07:59:23,0,6,0,6
2022-05-19T08:09:32,0,6,0,6
2022-05-19T08:19:41,0,6,0,6
2022-05-19T08:29:51,0,6,0,6
2022-05-19T08:40:01,0,6,0,6
2022-05-19T08:50:12,0,6,0,6
2022-05-19T09:00:22,0,6,0,6
2022-05-19T09:10:49,0,6,0,6
2022-05-19T09:20:59,0,6,0,6
2022-05-19T09:31:10,0,6,0,6
2022-05-19T09:41:21,0,6,0,6
2022-05-19T09:51:33,0,6,0,6
2022-05-19T10:01:44,0,6,0,6
2022-05-19T10:11:56,0,6,0,6
2022-05-19T10:22:07,0,6,0,6
2022-05-19T10:32:19,0,6,0,6
2022-05-19T10:42:37,0,6,0,6
2022-05-19T10:52:49,0,6,0,6
2022-05-19T11:03:03,0,6,0,6
2022-05-19T11:13:16,0,6,0,6
2022-05-19T11:23:42,0,6,0,6
2022-05-19T11:33:54,0,6,0,6
2022-05-19T11:44:07,0,6,0,6
2022-05-19T11:54:18,0,6,0,6
2022-05-19T12:04:30,0,6,0,6
2022-05-19T12:14:42,0,6,0,6
2022-05-19T12:24:54,0,6,0,6
2022-05-19T12:35:07,0,6,0,6
2022-05-19T12:45:40,0,6,0,6
2022-05-19T12:55:54,0,6,0,6
2022-05-19T13:06:08,0,6,0,6
2022-05-19T13:16:23,0,6,0,6
2022-05-19T13:26:37,0,6,0,6
2022-05-19T13:36:51,0,6,0,6
2022-05-19T13:47:05,0,6,0,6
2022-05-19T13:57:31,0,6,0,6
2022-05-19T14:07:46,0,6,0,6
2022-05-19T14:18:02,0,6,0,6
2022-05-19T14:28:17,0,6,0,6
2022-05-19T14:38:34,0,6,0,6
2022-05-19T14:48:51,0,6,0,6
2022-05-19T14:59:08,0,6,0,6
2022-05-19T15:09:44,0,6,0,6
2022-05-19T15:20:02,0,6,0,6
2022-05-19T15:30:20,0,6,0,6
2022-05-19T15:40:38,0,6,0,6
2022-05-19T15:50:57,0,6,0,6
2022-05-19T16:01:15,0,6,0,6
2022-05-19T16:11:33,0,6,0,6
2022-05-19T16:21:50,0,6,0,6
2022-05-19T16:32:09,0,6,0,6
2022-05-19T16:42:39,0,6,0,6
2022-05-19T16:52:56,0,6,0,6
2022-05-19T17:03:14,0,6,0,6
2022-05-19T17:13:31,0,6,0,6
2022-05-19T17:23:48,0,6,0,6
2022-05-19T17:34:04,0,6,0,6
2022-05-19T17:44:20,0,6,0,6
2022-05-19T17:54:35,0,6,0,6
2022-05-19T18:05:11,0,6,0,6
2022-05-19T18:15:27,0,6,0,6
2022-05-19T18:25:42,0,6,0,6
2022-05-19T18:35:57,0,6,0,6
2022-05-19T18:46:12,0,6,0,6
2022-05-19T18:56:32,0,6,0,6
2022-05-19T19:06:56,0,6,0,6
2022-05-19T19:17:23,0,6,0,6
2022-05-19T19:28:01,0,6,0,6
2022-05-19T19:38:31,0,6,0,6
2022-05-19T19:48:57,0,6,0,6
2022-05-19T19:59:21,0,6,0,6
2022-05-19T20:09:49,0,6,0,6
2022-05-19T20:20:11,0,6,0,6
2022-05-19T20:30:38,0,6,0,6
2022-05-19T20:40:55,0,6,0,6
2022-05-19T20:51:16,0,6,0,6
2022-05-19T21:01:39,0,6,0,6
2022-05-19T21:12:02,0,6,0,6
2022-05-19T21:22:24,0,6,0,6
2022-05-19T21:32:47,0,6,0,6
2022-05-19T21:43:10,0,6,0,6
2022-05-19T21:53:43,0,6,0,6
2022-05-19T22:04:04,0,6,0,6
2022-05-19T22:14:26,0,6,0,6
2022-05-19T22:24:44,0,6,0,6
2022-05-19T22:35:03,0,6,0,6
2022-05-19T22:45:19,0,6,0,6
2022-05-19T22:55:33,0,6,0,6
2022-05-19T23:05:48,0,6,0,6
2022-05-19T23:16:03,0,6,0,6
2022-05-19T23:26:23,0,6,0,6
2022-05-19T23:36:58,0,6,0,6
2022-05-19T23:47:12,0,6,0,6
2022-05-19T23:57:26,0,6,0,6
2022-05-20T00:07:43,0,6,0,6
2022-05-20T00:18:04,0,6,0,6
2022-05-20T00:28:19,0,6,0,6
2022-05-20T00:38:34,0,6,0,6
2022-05-20T00:48:50,0,6,0,6
2022-05-20T00:59:06,0,6,0,6
2022-05-20T01:09:22,0,6,0,6
2022-05-20T01:19:50,0,6,0,6
2022-05-20T01:30:04,0,6,0,6
2022-05-20T01:40:18,0,6,0,6
2022-05-20T01:50:33,0,6,0,6
2022-05-20T02:00:48,0,6,0,6
2022-05-20T02:11:02,0,6,0,6
2022-05-20T02:21:25,0,6,0,6
2022-05-20T02:31:42,0,6,0,6
2022-05-20T02:41:57,0,6,0,6
2022-05-20T02:52:12,0,6,0,6
2022-05-20T03:02:26,0,6,0,6
2022-05-20T03:12:40,0,6,0,6
2022-05-20T03:22:54,0,6,0,6
2022-05-20T03:33:09,0,6,0,6
2022-05-20T03:43:24,0,6,0,6
2022-05-20T03:53:39,0,6,0,6
2022-05-20T04:06:09,0,6,0,6
2022-05-20T04:29:36,0,6,0,6
2022-05-20T04:40:14,0,6,0,6
2022-05-20T04:50:31,0,6,0,6
2022-05-20T05:00:47,0,6,0,6
2022-05-20T05:11:03,0,6,0,6
2022-05-20T05:21:18,0,6,0,6
2022-05-20T05:31:34,0,6,0,6
2022-05-20T05:41:50,0,6,0,6
2022-05-20T05:52:05,0,6,0,6
2022-05-20T06:02:21,0,6,0,6
2022-05-20T06:12:36,0,6,0,6
2022-05-20T06:22:52,0,6,0,6
2022-05-20T06:33:07,0,6,0,6
2022-05-20T06:43:21,0,6,0,6
2022-05-20T06:53:34,0,6,0,6
2022-05-20T07:03:51,0,6,0,6
2022-05-20T07:14:05,0,6,0,6
2022-05-20T07:24:18,0,6,0,6
2022-05-20T07:34:32,0,6,0,6
2022-05-20T07:44:46,0,6,0,6
2022-05-20T07:55:00,0,6,0,6
2022-05-20T08:05:14,0,6,0,6
2022-05-20T08:15:28,0,6,0,6
2022-05-20T08:25:44,0,6,0,6
2022-05-20T08:35:59,0,6,0,6
2022-05-20T08:46:13,0,6,0,6
2022-05-20T08:56:28,0,6,0,6
2022-05-20T09:06:44,0,6,0,6
2022-05-20T09:17:11,0,6,0,6
2022-05-20T09:27:27,0,6,0,6
2022-05-20T09:37:43,0,6,0,6
2022-05-20T09:47:59,0,6,0,6
2022-05-20T09:58:15,0,6,0,6
2022-05-20T10:08:32,0,6,0,6
2022-05-20T10:18:47,0,6,0,6
2022-05-20T10:29:03,0,6,0,6
2022-05-20T10:39:19,0,6,0,6
2022-05-20T10:49:35,0,6,0,6
2022-05-20T11:00:04,0,6,0,6
2022-05-20T11:10:20,0,6,0,6
2022-05-20T11:20:36,0,6,0,6
2022-05-20T11:30:52,0,6,0,6
2022-05-20T11:41:08,0,6,0,6
2022-05-20T11:51:38,0,6,0,6
2022-05-20T12:01:54,0,6,0,6
2022-05-20T12:12:09,0,6,0,6
2022-05-20T12:22:25,0,6,0,6
2022-05-20T12:32:40,0,6,0,6
2022-05-20T12:42:55,0,6,0,6
2022-05-20T12:53:11,0,6,0,6
2022-05-20T13:03:38,0,6,0,6
2022-05-20T13:13:54,0,6,0,6
2022-05-20T13:24:10,0,6,0,6
2022-05-20T13:34:27,0,6,0,6
2022-05-20T13:44:44,0,6,0,6
2022-05-20T13:54:59,0,6,0,6
2022-05-20T14:05:15,0,6,0,6
2022-05-20T14:15:41,0,6,0,6
2022-05-20T14:25:56,0,6,0,6
2022-05-20T14:36:12,0,6,0,6
2022-05-20T14:46:28,0,6,0,6
2022-05-20T14:56:43,0,6,0,6
2022-05-20T15:07:09,0,6,0,6
2022-05-20T15:17:24,0,6,0,6
2022-05-20T15:27:40,0,6,0,6
2022-05-20T15:37:55,0,6,0,6
2022-05-20T15:48:10,0,6,0,6
2022-05-20T15:58:25,0,6,0,6
2022-05-20T16:08:40,0,6,0,6
2022-05-20T16:19:05,0,6,0,6
2022-05-20T16:29:20,0,6,0,6
2022-05-20T16:39:34,0,6,0,6
2022-05-20T16:49:48,0,6,0,6
2022-05-20T17:00:03,0,6,0,6
2022-05-20T17:10:17,0,6,0,6
2022-05-20T17:20:31,0,6,0,6
2022-05-20T17:30:45,0,6,0,6
2022-05-20T17:40:59,0,6,0,6
2022-05-20T17:51:14,0,6,0,6
2022-05-20T18:01:27,0,6,0,6
2022-05-20T18:11:50,0,6,0,6
2022-05-20T18:22:04,0,6,0,6
2022-05-20T18:32:17,0,6,0,6
2022-05-20T18:42:31,0,6,0,6
2022-05-20T18:52:44,0,6,0,6
2022-05-20T19:02:58,0,6,0,6
2022-05-20T19:13:12,0,6,0,6
2022-05-20T19:23:26,0,6,0,6
2022-05-20T19:33:40,0,6,0,6
2022-05-20T19:43:54,0,6,0,6
2022-05-20T19:54:07,0,6,0,6
2022-05-20T20:04:31,0,6,0,6
2022-05-20T20:14:45,0,6,0,6
2022-05-20T20:24:59,0,6,0,6
2022-05-20T20:35:12,0,6,0,6
2022-05-20T20:45:25,0,6,0,6
2022-05-20T20:55:39,0,6,0,6
2022-05-20T21:05:53,0,6,0,6
2022-05-20T21:16:06,0,6,0,6
2022-05-20T21:26:31,0,6,0,6
2022-05-20T21:36:44,0,6,0,6
2022-05-20T21:46:58,0,6,0,6
2022-05-20T21:57:12,0,6,0,6
2022-05-20T22:07:26,0,6,0,6
2022-05-20T22:17:39,0,6,0,6
2022-05-20T22:27:54,0,6,0,6
2022-05-20T22:38:08,0,6,0,6
2022-05-20T22:48:21,0,6,0,6
2022-05-20T22:58:35,0,6,0,6
2022-05-20T23:08:49,0,6,0,6
2022-05-20T23:19:14,0,6,0,6
2022-05-20T23:29:27,0,6,0,6
2022-05-20T23:39:41,0,6,0,6
2022-05-20T23:49:54,0,6,0,6
2022-05-21T00:00:08,0,6,0,6
2022-05-21T00:10:23,0,6,0,6
2022-05-21T00:20:40,0,6,0,6
2022-05-21T00:30:56,0,6,0,6
2022-05-21T00:41:12,0,6,0,6
2022-05-21T00:51:28,0,6,0,6
2022-05-21T01:01:43,0,6,0,6
2022-05-21T01:11:58,0,6,0,6
2022-05-21T01:22:13,0,6,0,6
2022-05-21T01:32:28,0,6,0,6
2022-05-21T01:42:43,0,6,0,6
2022-05-21T01:52:58,0,6,0,6
2022-05-21T02:03:22,0,6,0,6
2022-05-21T02:13:36,0,6,0,6
2022-05-21T02:23:49,0,6,0,6
2022-05-21T02:34:03,0,6,0,6
2022-05-21T02:44:16,0,6,0,6
2022-05-21T02:54:28,0,6,0,6
2022-05-21T03:04:41,0,6,0,6
2022-05-21T03:14:56,0,6,0,6
2022-05-21T03:25:15,0,6,0,6
2022-05-21T03:35:30,0,6,0,6
2022-05-21T03:45:46,0,6,0,6
2022-05-21T03:56:01,0,6,0,6
2022-05-21T04:06:17,0,6,0,6
2022-05-21T04:21:37,0,6,0,6
2022-05-21T04:33:02,0,6,0,6
2022-05-21T04:43:34,0,6,0,6
2022-05-21T04:53:50,0,6,0,6
2022-05-21T05:04:05,0,6,0,6
2022-05-21T05:14:21,0,6,0,6
2022-05-21T05:24:37,0,6,0,6
2022-05-21T05:34:53,0,6,0,6
2022-05-21T05:45:09,0,6,0,6
2022-05-21T05:55:25,0,6,0,6
2022-05-21T06:05:40,0,6,0,6
2022-05-21T06:15:55,0,6,0,6
2022-05-21T06:26:12,0,6,0,6
2022-05-21T06:36:27,0,6,0,6
2022-05-21T06:46:42,0,6,0,6
2022-05-21T06:56:58,0,6,0,6
2022-05-21T07:07:13,0,6,0,6
2022-05-21T07:17:29,0,6,0,6
2022-05-21T07:27:44,0,6,0,6
2022-05-21T07:37:59,0,6,0,6
2022-05-21T07:48:13,0,6,0,6
2022-05-21T07:58:28,0,6,0,6
2022-05-21T08:08:43,0,6,0,6
2022-05-21T08:18:59,0,6,0,6
2022-05-21T08:29:14,0,6,0,6
2022-05-21T08:39:28,0,6,0,6
2022-05-21T08:50:05,0,6,0,6
2022-05-21T09:00:19,0,6,0,6
2022-05-21T09:10:32,0,6,0,6
2022-05-21T09:20:45,0,6,0,6
2022-05-21T09:30:58,0,6,0,6
2022-05-21T09:41:11,0,6,0,6
2022-05-21T09:51:24,0,6,0,6
2022-05-21T10:01:38,0,6,0,6
2022-05-21T10:11:51,0,6,0,6
2022-05-21T10:22:04,0,6,0,6
2022-05-21T10:32:17,0,6,0,6
2022-05-21T10:42:31,0,6,0,6
2022-05-21T10:52:44,0,6,0,6
2022-05-21T11:02:57,0,6,0,6
2022-05-21T11:13:22,0,6,0,6
2022-05-21T11:23:36,0,6,0,6
2022-05-21T11:33:50,0,6,0,6
2022-05-21T11:44:03,0,6,0,6
2022-05-21T11:54:16,0,6,0,6
2022-05-21T12:04:30,0,6,0,6
2022-05-21T12:14:45,0,6,0,6
2022-05-21T12:24:58,0,6,0,6
2022-05-21T12:35:32,0,6,0,6
2022-05-21T12:45:45,0,6,0,6
2022-05-21T12:55:58,0,6,0,6
2022-05-21T13:06:12,0,6,0,6
2022-05-21T13:16:26,0,6,0,6
2022-05-21T13:26:39,0,6,0,6
2022-05-21T13:36:52,0,6,0,6
2022-05-21T13:47:06,0,6,0,6
2022-05-21T13:57:19,0,6,0,6
2022-05-21T14:07:32,0,6,0,6
2022-05-21T14:17:56,0,6,0,6
2022-05-21T14:28:09,0,6,0,6
2022-05-21T14:38:23,0,6,0,6
2022-05-21T14:48:37,0,6,0,6
2022-05-21T14:58:52,0,6,0,6
2022-05-21T15:09:06,0,6,0,6
2022-05-21T15:19:19,0,6,0,6
2022-05-21T15:29:42,0,6,0,6
2022-05-21T15:39:57,0,6,0,6
2022-05-21T15:50:10,0,6,0,6
2022-05-21T16:00:23,0,6,0,6
2022-05-21T16:10:37,0,6,0,6
2022-05-21T16:20:51,0,6,0,6
2022-05-21T16:31:04,0,6,0,6
2022-05-21T16:41:17,0,6,0,6
2022-05-21T16:51:31,0,6,0,6
2022-05-21T17:02:02,0,6,0,6
2022-05-21T17:12:16,0,6,0,6
2022-05-21T17:22:30,0,6,0,6
2022-05-21T17:32:44,0,6,0,6
2022-05-21T17:42:57,0,6,0,6
2022-05-21T17:53:10,0,6,0,6
2022-05-21T18:03:24,0,6,0,6
2022-05-21T18:13:37,0,6,0,6
2022-05-21T18:23:51,0,6,0,6
2022-05-21T18:34:05,0,6,0,6
2022-05-21T18:44:18,0,6,0,6
2022-05-21T18:54:59,0,6,0,6
2022-05-21T19:05:12,0,6,0,6
2022-05-21T19:15:26,0,6,0,6
2022-05-21T19:25:39,0,6,0,6
2022-05-21T19:35:53,0,6,0,6
2022-05-21T19:46:07,0,6,0,6
2022-05-21T19:56:22,0,6,0,6
2022-05-21T20:06:36,0,6,0,6
2022-05-21T20:16:50,0,6,0,6
2022-05-21T20:27:03,0,6,0,6
2022-05-21T20:37:28,0,6,0,6
2022-05-21T20:47:42,0,6,0,6
2022-05-21T20:57:55,0,6,0,6
2022-05-21T21:08:09,0,6,0,6
2022-05-21T21:18:22,0,6,0,6
2022-05-21T21:28:35,0,6,0,6
2022-05-21T21:38:49,0,6,0,6
2022-05-21T21:49:02,0,6,0,6
2022-05-21T21:59:15,0,6,0,6
2022-05-21T22:09:29,0,6,0,6
2022-05-21T22:20:05,0,6,0,6
2022-05-21T22:30:18,0,6,0,6
2022-05-21T22:40:32,0,6,0,6
2022-05-21T22:50:45,0,6,0,6
2022-05-21T23:00:58,0,6,0,6
2022-05-21T23:11:12,0,6,0,6
2022-05-21T23:21:25,0,6,0,6
2022-05-21T23:31:38,0,6,0,6
2022-05-21T23:41:51,0,6,0,6
2022-05-21T23:52:04,0,6,0,6
2022-05-22T00:02:17,0,6,0,6
2022-05-22T00:12:31,0,6,0,6
2022-05-22T00:22:47,0,6,0,6
2022-05-22T00:33:13,0,6,0,6
2022-05-22T00:43:27,0,6,0,6
2022-05-22T00:53:39,0,6,0,6
2022-05-22T01:03:52,0,6,0,6
2022-05-22T01:14:05,0,6,0,6
2022-05-22T01:24:18,0,6,0,6
2022-05-22T01:34:30,0,6,0,6
2022-05-22T01:44:43,0,6,0,6
2022-05-22T01:54:56,0,6,0,6
2022-05-22T02:05:09,0,6,0,6
2022-05-22T02:15:22,0,6,0,6
2022-05-22T02:25:36,0,6,0,6
2022-05-22T02:35:52,0,6,0,6
2022-05-22T02:46:08,0,6,0,6
2022-05-22T02:56:23,0,6,0,6
2022-05-22T03:07:34,0,6,0,6
2022-05-22T03:17:49,0,6,0,6
2022-05-22T03:28:05,0,6,0,6
2022-05-22T03:38:21,0,6,0,6
2022-05-22T03:48:46,0,6,0,6
2022-05-22T03:59:00,0,6,0,6
2022-05-22T04:19:44,0,6,0,6
2022-05-22T04:30:26,0,6,0,6
2022-05-22T04:40:42,0,6,0,6
2022-05-22T04:50:58,0,6,0,6
2022-05-22T05:01:13,0,6,0,6
2022-05-22T05:11:30,0,6,0,6
2022-05-22T05:21:46,0,6,0,6
2022-05-22T05:32:01,0,6,0,6
2022-05-22T05:42:16,0,6,0,6
2022-05-22T05:52:32,0,6,0,6
2022-05-22T06:02:47,0,6,0,6
2022-05-22T06:13:02,0,6,0,6
2022-05-22T06:23:17,0,6,0,6
2022-05-22T06:33:33,0,6,0,6
2022-05-22T06:43:47,0,6,0,6
2022-05-22T06:54:01,0,6,0,6
2022-05-22T07:04:15,0,6,0,6
2022-05-22T07:14:28,0,6,0,6
2022-05-22T07:24:41,0,6,0,6
2022-05-22T07:34:55,0,6,0,6
2022-05-22T07:45:08,0,6,0,6
2022-05-22T07:55:21,0,6,0,6
2022-05-22T08:05:34,0,6,0,6
2022-05-22T08:15:47,0,6,0,6
2022-05-22T08:26:00,0,6,0,6
2022-05-22T08:36:14,0,6,0,6
2022-05-22T08:46:26,0,6,0,6
2022-05-22T08:56:39,0,6,0,6
2022-05-22T09:06:52,0,6,0,6
2022-05-22T09:17:06,0,6,0,6
2022-05-22T09:27:19,0,6,0,6
2022-05-22T09:37:32,0,6,0,6
2022-05-22T09:47:45,0,6,0,6
2022-05-22T09:57:58,0,6,0,6
2022-05-22T10:08:11,0,6,0,6
2022-05-22T10:18:25,0,6,0,6
2022-05-22T10:28:39,0,6,0,6
2022-05-22T10:38:53,0,6,0,6
2022-05-22T10:49:07,0,6,0,6
2022-05-22T10:59:20,0,6,0,6
2022-05-22T11:09:33,0,6,0,6
2022-05-22T11:19:54,0,6,0,6
2022-05-22T11:30:07,0,6,0,6
2022-05-22T11:40:21,0,6,0,6
2022-05-22T11:50:35,0,6,0,6
2022-05-22T12:00:48,0,6,0,6
2022-05-22T12:11:01,0,6,0,6
2022-05-22T12:21:15,0,6,0,6
2022-05-22T12:31:28,0,6,0,6
2022-05-22T12:41:41,0,6,0,6
2022-05-22T12:51:54,0,6,0,6
2022-05-22T13:02:07,0,6,0,6
2022-05-22T13:12:20,0,6,0,6
2022-05-22T13:22:42,0,6,0,6
2022-05-22T13:32:55,0,6,0,6
2022-05-22T13:43:08,0,6,0,6
2022-05-22T13:53:22,0,6,0,6
2022-05-22T14:03:38,0,6,0,6
2022-05-22T14:13:51,0,6,0,6
2022-05-22T14:24:04,0,6,0,6
2022-05-22T14:34:17,0,6,0,6
2022-05-22T14:44:30,0,6,0,6
2022-05-22T14:54:43,0,6,0,6
2022-05-22T15:04:56,0,6,0,6
2022-05-22T15:15:10,0,6,0,6
2022-05-22T15:25:23,0,6,0,6
2022-05-22T15:35:37,0,6,0,6
2022-05-22T15:46:01,0,6,0,6
2022-05-22T15:56:14,0,6,0,6
2022-05-22T16:06:28,0,6,0,6
2022-05-22T16:16:42,0,6,0,6
2022-05-22T16:26:55,0,6,0,6
2022-05-22T16:37:09,0,6,0,6
2022-05-22T16:47:22,0,6,0,6
2022-05-22T16:57:35,0,6,0,6
2022-05-22T17:07:49,0,6,0,6
2022-05-22T17:18:02,0,6,0,6
2022-05-22T17:28:16,0,6,0,6
2022-05-22T17:38:29,0,6,0,6
2022-05-22T17:48:53,0,6,0,6
2022-05-22T17:59:06,0,6,0,6
2022-05-22T18:09:19,0,6,0,6
2022-05-22T18:19:32,0,6,0,6
2022-05-22T18:29:45,0,6,0,6
2022-05-22T18:39:59,0,6,0,6
2022-05-22T18:50:12,0,6,0,6
2022-05-22T19:00:26,0,6,0,6
2022-05-22T19:10:40,0,6,0,6
2022-05-22T19:20:55,0,6,0,6
2022-05-22T19:31:08,0,6,0,6
2022-05-22T19:41:21,0,6,0,6
2022-05-22T19:51:35,0,6,0,6
2022-05-22T20:01:59,0,6,0,6
2022-05-22T20:12:12,0,6,0,6
2022-05-22T20:22:27,0,6,0,6
2022-05-22T20:32:41,0,6,0,6
2022-05-22T20:42:55,0,6,0,6
2022-05-22T20:53:08,0,6,0,6
2022-05-22T21:03:21,0,6,0,6
2022-05-22T21:13:34,0,6,0,6
2022-05-22T21:23:48,0,6,0,6
2022-05-22T21:34:11,0,6,0,6
2022-05-22T21:44:25,0,6,0,6
2022-05-22T21:54:38,0,6,0,6
2022-05-22T22:04:52,0,6,0,6
2022-05-22T22:15:06,0,6,0,6
2022-05-22T22:25:22,0,6,0,6
2022-05-22T22:35:35,0,6,0,6
2022-05-22T22:45:49,0,6,0,6
2022-05-22T22:56:03,0,6,0,6
2022-05-22T23:06:27,0,6,0,6
2022-05-22T23:16:41,0,6,0,6
2022-05-22T23:26:55,0,6,0,6
2022-05-22T23:37:09,0,6,0,6
2022-05-22T23:47:24,0,6,0,6
2022-05-22T23:57:38,0,6,0,6
2022-05-23T00:07:53,0,6,0,6
2022-05-23T00:18:12,0,6,0,6
2022-05-23T00:28:27,0,6,0,6
2022-05-23T00:38:42,0,6,0,6
2022-05-23T00:48:56,0,6,0,6
2022-05-23T00:59:10,0,6,0,6
2022-05-23T01:09:37,0,6,0,6
2022-05-23T01:19:53,0,6,0,6
2022-05-23T01:30:09,0,6,0,6
2022-05-23T01:40:23,0,6,0,6
2022-05-23T01:50:36,0,6,0,6
2022-05-23T02:00:51,0,6,0,6
2022-05-23T02:13:20,0,6,0,6
2022-05-23T02:23:42,0,6,0,6
2022-05-23T02:33:57,0,6,0,6
2022-05-23T02:44:11,0,6,0,6
2022-05-23T02:54:27,0,6,0,6
2022-05-23T03:04:42,0,6,0,6
2022-05-23T03:14:57,0,6,0,6
2022-05-23T03:25:18,0,6,0,6
2022-05-23T03:35:35,0,6,0,6
2022-05-23T03:45:49,0,6,0,6
2022-05-23T03:56:04,0,6,0,6
2022-05-23T04:06:19,0,6,0,6
2022-05-23T04:18:32,0,6,0,6
2022-05-23T04:29:59,0,6,0,6
2022-05-23T04:40:31,0,6,0,6
2022-05-23T04:50:48,0,6,0,6
2022-05-23T05:01:04,0,6,0,6
2022-05-23T05:11:20,0,6,0,6
2022-05-23T05:21:36,0,6,0,6
2022-05-23T05:31:52,0,6,0,6
2022-05-23T05:42:08,0,6,0,6
2022-05-23T05:52:24,0,6,0,6
2022-05-23T06:02:39,0,6,0,6
2022-05-23T06:12:54,0,6,0,6
2022-05-23T06:23:08,0,6,0,6
2022-05-23T06:33:22,0,6,0,6
2022-05-23T06:43:36,0,6,0,6
2022-05-23T06:53:50,0,6,0,6
2022-05-23T07:04:04,0,6,0,6
2022-05-23T07:14:18,0,6,0,6
2022-05-23T07:24:33,0,6,0,6
2022-05-23T07:34:48,0,6,0,6
2022-05-23T07:45:02,0,6,0,6
2022-05-23T07:55:16,0,6,0,6
2022-05-23T08:05:31,0,6,0,6
2022-05-23T08:15:46,0,6,0,6
2022-05-23T08:26:12,0,6,0,6
2022-05-23T08:36:27,0,6,0,6
2022-05-23T08:46:43,0,6,0,6
2022-05-23T08:56:59,0,6,0,6
2022-05-23T09:07:16,0,6,0,6
2022-05-23T09:17:32,0,6,0,6
2022-05-23T09:27:49,0,6,0,6
2022-05-23T09:38:07,0,6,0,6
2022-05-23T09:48:43,0,6,0,6
2022-05-23T09:58:59,0,6,0,6
2022-05-23T10:09:17,0,6,0,6
2022-05-23T10:19:35,0,6,0,6
2022-05-23T10:29:53,0,6,0,6
2022-05-23T10:40:10,0,6,0,6
2022-05-23T10:50:40,0,6,0,6
2022-05-23T11:00:59,0,6,0,6
2022-05-23T11:11:16,0,6,0,6
2022-05-23T11:21:33,0,6,0,6
2022-05-23T11:32:13,0,6,0,6
2022-05-23T11:42:32,0,6,0,6
2022-05-23T11:52:50,0,6,0,6
2022-05-23T12:03:09,0,6,0,6
2022-05-23T12:13:40,0,6,0,6
2022-05-23T12:23:59,0,6,0,6
2022-05-23T12:34:17,0,6,0,6
2022-05-23T12:44:44,0,6,0,6
2022-05-23T12:55:02,0,6,0,6
2022-05-23T13:05:22,0,6,0,6
2022-05-23T13:15:42,0,6,0,6
2022-05-23T13:26:21,0,6,0,6
2022-05-23T13:36:39,0,6,0,6
2022-05-23T13:46:59,0,6,0,6
2022-05-23T13:57:19,0,6,0,6
2022-05-23T14:07:51,0,6,0,6
2022-05-23T14:18:10,0,6,0,6
2022-05-23T14:28:28,0,6,0,6
2022-05-23T14:38:59,0,6,0,6
2022-05-23T14:49:18,0,6,0,6
2022-05-23T14:59:36,0,6,0,6
2022-05-23T15:10:08,0,6,0,6
2022-05-23T15:20:27,0,6,0,6
2022-05-23T15:30:46,0,6,0,6
2022-05-23T15:41:07,0,6,0,6
2022-05-23T15:51:47,0,6,0,6
2022-05-23T16:02:09,0,6,0,6
2022-05-23T16:12:28,0,6,0,6
2022-05-23T16:22:58,0,6,0,6
2022-05-23T16:33:18,0,6,0,6
2022-05-23T16:43:35,0,6,0,6
2022-05-23T16:53:52,0,6,0,6
2022-05-23T17:04:21,0,6,0,6
2022-05-23T17:14:39,0,6,0,6
2022-05-23T17:24:56,0,6,0,6
2022-05-23T17:35:24,0,6,0,6
2022-05-23T17:45:40,0,6,0,6
2022-05-23T17:55:56,0,6,0,6
2022-05-23T18:06:14,0,6,0,6
2022-05-23T18:16:53,0,6,0,6
2022-05-23T18:27:09,0,6,0,6
2022-05-23T18:37:26,0,6,0,6
2022-05-23T18:47:42,0,6,0,6
2022-05-23T18:58:08,0,6,0,6
2022-05-23T19:08:23,0,6,0,6
2022-05-23T19:18:39,0,6,0,6
2022-05-23T19:28:55,0,6,0,6
2022-05-23T19:39:12,0,6,0,6
2022-05-23T19:49:28,0,6,0,6
2022-05-23T19:59:55,0,6,0,6
2022-05-23T20:10:13,0,6,0,6
2022-05-23T20:20:29,0,6,0,6
2022-05-23T20:30:45,0,6,0,6
2022-05-23T20:41:01,0,6,0,6
2022-05-23T20:51:29,0,6,0,6
2022-05-23T21:01:44,0,6,0,6
2022-05-23T21:11:59,0,6,0,6
2022-05-23T21:22:14,0,6,0,6
2022-05-23T21:32:31,0,6,0,6
2022-05-23T21:42:47,0,6,0,6
2022-05-23T21:53:23,0,6,0,6
2022-05-23T22:03:38,0,6,0,6
2022-05-23T22:13:52,0,6,0,6
2022-05-23T22:24:08,0,6,0,6
2022-05-23T22:34:23,0,6,0,6
2022-05-23T22:44:49,0,6,0,6
2022-05-23T22:55:04,0,6,0,6
2022-05-23T23:05:19,0,6,0,6
2022-05-23T23:15:34,0,6,0,6
2022-05-23T23:25:49,0,6,0,6
2022-05-23T23:36:17,0,6,0,6
2022-05-23T23:46:31,0,6,0,6
2022-05-23T23:56:45,0,6,0,6
2022-05-24T00:07:01,0,6,0,6
2022-05-24T00:17:21,0,6,0,6
2022-05-24T00:27:36,0,6,0,6
2022-05-24T00:37:52,0,6,0,6
2022-05-24T00:48:28,0,6,0,6
2022-05-24T00:58:44,0,6,0,6
2022-05-24T01:08:59,0,6,0,6
2022-05-24T01:19:14,0,6,0,6
2022-05-24T01:29:29,0,6,0,6
2022-05-24T01:39:43,0,6,0,6
2022-05-24T01:49:58,0,6,0,6
2022-05-24T02:00:12,0,6,0,6
2022-05-24T02:10:27,0,6,0,6
2022-05-24T02:20:51,0,6,0,6
2022-05-24T02:31:04,0,6,0,6
2022-05-24T02:41:18,0,6,0,6
2022-05-24T02:51:32,0,6,0,6
2022-05-24T03:01:45,0,6,0,6
2022-05-24T03:11:58,0,6,0,6
2022-05-24T03:22:12,0,6,0,6
2022-05-24T03:32:28,0,6,0,6
2022-05-24T03:42:53,0,6,0,6
2022-05-24T03:53:09,0,6,0,6
2022-05-24T04:04:05,0,6,0,6
2022-05-24T04:27:05,0,6,0,6
2022-05-24T04:37:44,0,6,0,6
2022-05-24T04:48:01,0,6,0,6
2022-05-24T04:58:19,0,6,0,6
2022-05-24T05:08:39,0,6,0,6
2022-05-24T05:18:55,0,6,0,6
2022-05-24T05:29:11,0,6,0,6
2022-05-24T05:39:28,0,6,0,6
2022-05-24T05:49:44,0,6,0,6
2022-05-24T06:00:00,0,6,0,6
2022-05-24T06:10:17,0,6,0,6
2022-05-24T06:20:32,0,6,0,6
2022-05-24T06:30:48,0,6,0,6
2022-05-24T06:41:04,0,6,0,6
2022-05-24T06:51:20,0,6,0,6
2022-05-24T07:01:36,0,6,0,6
2022-05-24T07:11:53,0,6,0,6
2022-05-24T07:22:09,0,6,0,6
2022-05-24T07:32:24,0,6,0,6
2022-05-24T07:42:42,0,6,0,6
2022-05-24T07:52:56,0,6,0,6
2022-05-24T08:03:10,0,6,0,6
2022-05-24T08:13:25,0,6,0,6
2022-05-24T08:23:40,0,6,0,6
2022-05-24T08:33:55,0,6,0,6
2022-05-24T08:44:11,0,6,0,6
2022-05-24T08:54:27,0,6,0,6
2022-05-24T09:04:53,0,6,0,6
2022-05-24T09:15:11,0,6,0,6
2022-05-24T09:25:28,0,6,0,6
2022-05-24T09:35:45,0,6,0,6
2022-05-24T09:46:02,0,6,0,6
2022-05-24T09:56:19,0,6,0,6
2022-05-24T10:06:48,0,6,0,6
2022-05-24T10:17:06,0,6,0,6
2022-05-24T10:27:24,0,6,0,6
2022-05-24T10:37:43,0,6,0,6
2022-05-24T10:48:10,0,6,0,6
2022-05-24T10:58:28,0,6,0,6
2022-05-24T11:08:50,0,6,0,6
2022-05-24T11:19:09,0,6,0,6
2022-05-24T11:29:38,0,6,0,6
2022-05-24T11:39:57,0,6,0,6
2022-05-24T11:50:16,0,6,0,6
2022-05-24T12:00:35,0,6,0,6
2022-05-24T12:11:04,0,6,0,6
2022-05-24T12:21:22,0,6,0,6
2022-05-24T12:31:40,0,6,0,6
2022-05-24T12:41:57,0,6,0,6
2022-05-24T12:52:25,0,6,0,6
2022-05-24T13:02:45,0,6,0,6
2022-05-24T13:13:05,0,6,0,6
2022-05-24T13:23:26,0,6,0,6
2022-05-24T13:33:59,0,6,0,6
2022-05-24T13:44:22,0,6,0,6
2022-05-24T13:57:33,0,6,0,6
2022-05-24T14:08:07,0,6,0,6
2022-05-24T14:18:29,0,6,0,6
2022-05-24T14:28:50,0,6,0,6
2022-05-24T14:39:22,0,6,0,6
2022-05-24T14:49:41,0,6,0,6
2022-05-24T15:00:02,0,6,0,6
2022-05-24T15:10:35,0,6,0,6
2022-05-24T15:20:54,0,6,0,6
2022-05-24T15:31:14,0,6,0,6
2022-05-24T15:41:34,0,6,0,6
2022-05-24T15:52:05,0,6,0,6
2022-05-24T16:02:26,0,6,0,6
2022-05-24T16:12:46,0,6,0,6
2022-05-24T16:23:05,0,6,0,6
2022-05-24T16:33:38,0,6,0,6
2022-05-24T16:44:04,0,6,0,6
2022-05-24T16:54:28,0,6,0,6
2022-05-24T17:04:57,0,6,0,6
2022-05-24T17:15:40,0,6,0,6
2022-05-24T17:26:03,0,6,0,6
2022-05-24T17:36:28,0,6,0,6
2022-05-24T17:46:55,0,6,0,6
2022-05-24T17:57:30,0,6,0,6
2022-05-24T18:08:03,0,6,0,6
2022-05-24T18:18:22,0,6,0,6
2022-05-24T18:28:46,0,6,0,6
2022-05-24T18:39:16,0,6,0,6
2022-05-24T18:49:33,0,6,0,6
2022-05-24T18:59:51,0,6,0,6
2022-05-24T19:10:10,0,6,0,6
2022-05-24T19:20:26,0,6,0,6
2022-05-24T19:30:43,0,6,0,6
2022-05-24T19:41:11,0,6,0,6
2022-05-24T19:51:28,0,6,0,6
2022-05-24T20:01:45,0,6,0,6
2022-05-24T20:12:01,0,6,0,6
2022-05-24T20:22:18,0,6,0,6
2022-05-24T20:32:46,0,6,0,6
2022-05-24T20:43:02,0,6,0,6
2022-05-24T20:53:18,0,6,0,6
2022-05-24T21:03:34,0,6,0,6
2022-05-24T21:13:49,0,6,0,6
2022-05-24T21:24:15,0,6,0,6
2022-05-24T21:34:33,0,6,0,6
2022-05-24T21:44:48,0,6,0,6
2022-05-24T21:55:04,0,6,0,6
2022-05-24T22:05:18,0,6,0,6
2022-05-24T22:15:32,0,6,0,6
2022-05-24T22:25:56,0,6,0,6
2022-05-24T22:36:11,0,6,0,6
2022-05-24T22:46:27,0,6,0,6
2022-05-24T22:56:41,0,6,0,6
2022-05-24T23:06:56,0,6,0,6
2022-05-24T23:17:21,0,6,0,6
2022-05-24T23:27:36,0,6,0,6
2022-05-24T23:37:51,0,6,0,6
2022-05-24T23:48:05,0,6,0,6
2022-05-24T23:58:19,0,6,0,6
2022-05-25T00:08:36,0,6,0,6
2022-05-25T00:18:56,0,6,0,6
2022-05-25T00:29:21,0,6,0,6
2022-05-25T00:39:38,0,6,0,6
2022-05-25T00:49:54,0,6,0,6
2022-05-25T01:00:09,0,6,0,6
2022-05-25T01:10:25,0,6,0,6
2022-05-25T01:20:41,0,6,0,6
2022-05-25T01:30:56,0,6,0,6
2022-05-25T01:41:10,0,6,0,6
2022-05-25T01:51:26,0,6,0,6
2022-05-25T02:01:41,0,6,0,6
2022-05-25T02:11:55,0,6,0,6
2022-05-25T02:22:09,0,6,0,6
2022-05-25T02:32:24,0,6,0,6
2022-05-25T02:42:40,0,6,0,6
2022-05-25T02:53:05,0,6,0,6
2022-05-25T03:03:21,0,6,0,6
2022-05-25T03:13:36,0,6,0,6
2022-05-25T03:23:50,0,6,0,6
2022-05-25T03:34:03,0,6,0,6
2022-05-25T03:44:17,0,6,0,6
2022-05-25T03:54:33,0,6,0,6
2022-05-25T04:04:47,0,6,0,6
2022-05-25T04:17:01,0,6,0,6
2022-05-25T11:06:41,0,6,0,6
2022-05-25T11:17:01,0,6,0,6
2022-05-25T11:27:30,0,6,0,6
2022-05-25T11:37:50,0,6,0,6
2022-05-25T11:48:09,0,6,0,6
2022-05-25T11:58:29,0,6,0,6
2022-05-25T12:09:00,0,6,0,6
2022-05-25T12:19:18,0,6,0,6
2022-05-25T12:29:36,0,6,0,6
2022-05-25T12:39:53,0,6,0,6
2022-05-25T12:50:09,0,6,0,6
2022-05-25T13:00:26,0,6,0,6
2022-05-25T13:10:53,0,6,0,6
2022-05-25T13:21:10,0,6,0,6
2022-05-25T13:31:26,0,6,0,6
2022-05-25T13:41:43,0,6,0,6
2022-05-25T13:51:59,0,6,0,6
2022-05-25T14:02:16,0,6,0,6
2022-05-25T14:12:45,0,6,0,6
2022-05-25T14:23:02,0,6,0,6
2022-05-25T14:33:19,0,6,0,6
2022-05-25T14:43:37,0,6,0,6
2022-05-25T14:53:54,0,6,0,6
2022-05-25T15:04:12,0,6,0,6
2022-05-25T15:14:39,0,6,0,6
2022-05-25T15:24:57,0,6,0,6
2022-05-25T15:35:15,0,6,0,6
2022-05-25T15:45:32,0,6,0,6
2022-05-25T15:55:50,0,6,0,6
2022-05-25T16:06:08,0,6,0,6
2022-05-25T16:16:24,0,6,0,6
2022-05-25T16:26:51,0,6,0,6
2022-05-25T16:37:07,0,6,0,6
2022-05-25T16:47:23,0,6,0,6
2022-05-25T16:57:39,0,6,0,6
2022-05-25T17:07:55,0,6,0,6
2022-05-25T17:18:11,0,6,0,6
2022-05-25T17:28:27,0,6,0,6
2022-05-25T17:38:53,0,6,0,6
2022-05-25T17:49:08,0,6,0,6
2022-05-25T17:59:23,0,6,0,6
2022-05-25T18:09:38,0,6,0,6
2022-05-25T18:19:53,0,6,0,6
2022-05-25T18:30:08,0,6,0,6
2022-05-25T18:40:23,0,6,0,6
2022-05-25T18:50:38,0,6,0,6
2022-05-25T19:00:53,0,6,0,6
2022-05-25T19:11:08,0,6,0,6
2022-05-25T19:21:35,0,6,0,6
2022-05-25T19:31:49,0,6,0,6
2022-05-25T19:42:04,0,6,0,6
2022-05-25T19:52:19,0,6,0,6
2022-05-25T20:02:33,0,6,0,6
2022-05-25T20:12:49,0,6,0,6
2022-05-25T20:23:03,0,6,0,6
2022-05-25T20:33:17,0,6,0,6
2022-05-25T20:43:32,0,6,0,6
2022-05-25T20:53:58,0,6,0,6
2022-05-25T21:04:12,0,6,0,6
2022-05-25T21:14:27,0,6,0,6
2022-05-25T21:24:42,0,6,0,6
2022-05-25T21:34:57,0,6,0,6
2022-05-25T21:45:12,0,6,0,6
2022-05-25T21:55:27,0,6,0,6
2022-05-25T22:05:54,0,6,0,6
2022-05-25T22:16:09,0,6,0,6
2022-05-25T22:26:25,0,6,0,6
2022-05-25T22:36:40,0,6,0,6
2022-05-25T22:46:54,0,6,0,6
2022-05-25T22:57:09,0,6,0,6
2022-05-25T23:07:25,0,6,0,6
2022-05-25T23:17:41,0,6,0,6
2022-05-25T23:27:56,0,6,0,6
2022-05-25T23:38:10,0,6,0,6
2022-05-25T23:48:25,0,6,0,6
2022-05-25T23:58:50,0,6,0,6
2022-05-26T00:09:05,0,6,0,6
2022-05-26T00:19:22,0,6,0,6
2022-05-26T00:29:38,0,6,0,6
2022-05-26T00:39:55,0,6,0,6
2022-05-26T00:50:11,0,6,0,6
2022-05-26T01:00:28,0,6,0,6
2022-05-26T01:10:44,0,6,0,6
2022-05-26T01:21:00,0,6,0,6
2022-05-26T01:31:16,0,6,0,6
2022-05-26T01:41:32,0,6,0,6
2022-05-26T01:51:49,0,6,0,6
2022-05-26T02:02:05,0,6,0,6
2022-05-26T02:12:20,0,6,0,6
2022-05-26T02:22:35,0,6,0,6
2022-05-26T02:32:51,0,6,0,6
2022-05-26T02:43:06,0,6,0,6
2022-05-26T02:53:20,0,6,0,6
2022-05-26T03:03:34,0,6,0,6
2022-05-26T03:14:01,0,6,0,6
2022-05-26T03:24:17,0,6,0,6
2022-05-26T03:34:33,0,6,0,6
2022-05-26T03:44:50,0,6,0,6
2022-05-26T03:55:06,0,6,0,6
2022-05-26T04:07:55,0,6,0,6
2022-05-26T04:26:22,0,6,0,6
2022-05-26T04:37:01,0,6,0,6
2022-05-26T04:47:17,0,6,0,6
2022-05-26T04:57:34,0,6,0,6
2022-05-26T05:07:52,0,6,0,6
2022-05-26T05:18:09,0,6,0,6
2022-05-26T05:28:24,0,6,0,6
2022-05-26T05:38:41,0,6,0,6
2022-05-26T05:48:59,0,6,0,6
2022-05-26T05:59:17,0,6,0,6
2022-05-26T06:09:34,0,6,0,6
2022-05-26T06:19:50,0,6,0,6
2022-05-26T06:30:07,0,6,0,6
2022-05-26T06:40:24,0,6,0,6
2022-05-26T06:50:41,0,6,0,6
2022-05-26T07:00:56,0,6,0,6
2022-05-26T07:11:15,0,6,0,6
2022-05-26T07:21:30,0,6,0,6
2022-05-26T07:31:46,0,6,0,6
2022-05-26T07:42:01,0,6,0,6
2022-05-26T07:52:16,0,6,0,6
2022-05-26T08:02:31,0,6,0,6
2022-05-26T08:12:46,0,6,0,6
2022-05-26T08:23:00,0,6,0,6
2022-05-26T08:33:26,0,6,0,6
2022-05-26T08:43:41,0,6,0,6
2022-05-26T08:53:58,0,6,0,6
2022-05-26T09:04:14,0,6,0,6
2022-05-26T09:14:30,0,6,0,6
2022-05-26T09:24:45,0,6,0,6
2022-05-26T09:35:01,0,6,0,6
2022-05-26T09:45:18,0,6,0,6
2022-05-26T09:55:34,0,6,0,6
2022-05-26T10:05:51,0,6,0,6
2022-05-26T10:16:19,0,6,0,6
2022-05-26T10:26:36,0,6,0,6
2022-05-26T10:36:53,0,6,0,6
2022-05-26T10:47:09,0,6,0,6
2022-05-26T10:57:26,0,6,0,6
2022-05-26T11:07:45,0,6,0,6
2022-05-26T11:18:03,0,6,0,6
2022-05-26T11:28:39,0,6,0,6
2022-05-26T11:39:03,0,6,0,6
2022-05-26T11:49:29,0,6,0,6
2022-05-26T11:59:58,0,6,0,6
2022-05-26T12:10:24,0,6,0,6
2022-05-26T12:20:52,0,6,0,6
2022-05-26T12:31:24,0,6,0,6
2022-05-26T12:42:07,0,6,0,6
2022-05-26T12:52:37,0,6,0,6
2022-05-26T13:03:05,0,6,0,6
2022-05-26T13:13:32,0,6,0,6
2022-05-26T13:23:59,0,6,0,6
2022-05-26T13:34:24,0,6,0,6
2022-05-26T13:44:50,0,6,0,6
2022-05-26T13:55:15,0,6,0,6
2022-05-26T14:05:49,0,6,0,6
2022-05-26T14:16:13,0,6,0,6
2022-05-26T14:26:33,0,6,0,6
2022-05-26T14:36:49,0,6,0,6
2022-05-26T14:47:06,0,6,0,6
2022-05-26T14:57:22,0,6,0,6
2022-05-26T15:07:51,0,6,0,6
2022-05-26T15:18:07,0,6,0,6
2022-05-26T15:28:23,0,6,0,6
2022-05-26T15:38:39,0,6,0,6
2022-05-26T15:48:55,0,6,0,6
2022-05-26T15:59:11,0,6,0,6
2022-05-26T16:09:27,0,6,0,6
2022-05-26T16:19:52,0,6,0,6
2022-05-26T16:30:08,0,6,0,6
2022-05-26T16:40:23,0,6,0,6
2022-05-26T16:50:38,0,6,0,6
2022-05-26T17:00:53,0,6,0,6
2022-05-26T17:11:10,0,6,0,6
2022-05-26T17:21:26,0,6,0,6
2022-05-26T17:31:42,0,6,0,6
2022-05-26T17:42:07,0,6,0,6
2022-05-26T17:52:23,0,6,0,6
2022-05-26T18:02:38,0,6,0,6
2022-05-26T18:12:53,0,6,0,6
2022-05-26T18:23:08,0,6,0,6
2022-05-26T18:33:23,0,6,0,6
2022-05-26T18:43:38,0,6,0,6
2022-05-26T18:53:53,0,6,0,6
2022-05-26T19:04:08,0,6,0,6
2022-05-26T19:14:24,0,6,0,6
2022-05-26T19:24:50,0,6,0,6
2022-05-26T19:35:04,0,6,0,6
2022-05-26T19:45:19,0,6,0,6
2022-05-26T19:55:33,0,6,0,6
2022-05-26T20:05:48,0,6,0,6
2022-05-26T20:16:03,0,6,0,6
2022-05-26T20:26:18,0,6,0,6
2022-05-26T20:36:32,0,6,0,6
2022-05-26T20:46:47,0,6,0,6
2022-05-26T20:57:01,0,6,0,6
2022-05-26T21:07:26,0,6,0,6
2022-05-26T21:17:40,0,6,0,6
2022-05-26T21:27:55,0,6,0,6
2022-05-26T21:38:10,0,6,0,6
2022-05-26T21:48:24,0,6,0,6
2022-05-26T21:58:38,0,6,0,6
2022-05-26T22:09:03,0,6,0,6
2022-05-26T22:19:17,0,6,0,6
2022-05-26T22:29:33,0,6,0,6
2022-05-26T22:39:47,0,6,0,6
2022-05-26T22:50:02,0,6,0,6
2022-05-26T23:00:16,0,6,0,6
2022-05-26T23:10:31,0,6,0,6
2022-05-26T23:20:46,0,6,0,6
2022-05-26T23:31:01,0,6,0,6
2022-05-26T23:41:27,0,6,0,6
2022-05-26T23:51:42,0,6,0,6
2022-05-27T00:01:57,0,6,0,6
2022-05-27T00:12:13,0,6,0,6
2022-05-27T00:22:30,0,6,0,6
2022-05-27T00:32:46,0,6,0,6
2022-05-27T00:43:03,0,6,0,6
2022-05-27T00:53:20,0,6,0,6
2022-05-27T01:03:37,0,6,0,6
2022-05-27T01:13:53,0,6,0,6
2022-05-27T01:24:09,0,6,0,6
2022-05-27T01:34:25,0,6,0,6
2022-05-27T01:44:41,0,6,0,6
2022-05-27T01:55:07,0,6,0,6
2022-05-27T02:05:23,0,6,0,6
2022-05-27T02:15:38,0,6,0,6
2022-05-27T02:25:54,0,6,0,6
2022-05-27T02:36:19,0,6,0,6
2022-05-27T02:46:35,0,6,0,6
2022-05-27T02:56:51,0,6,0,6
2022-05-27T03:07:06,0,6,0,6
2022-05-27T03:17:22,0,6,0,6
2022-05-27T03:27:36,0,6,0,6
2022-05-27T03:37:51,0,6,0,6
2022-05-27T03:48:07,0,6,0,6
2022-05-27T03:58:23,0,6,0,6
2022-05-27T04:08:39,0,6,0,6
2022-05-27T04:36:48,0,6,0,6
2022-05-27T04:47:06,0,6,0,6
2022-05-27T04:57:24,0,6,0,6
2022-05-27T05:07:42,0,6,0,6
2022-05-27T05:18:00,0,6,0,6
2022-05-27T05:28:18,0,6,0,6
2022-05-27T05:38:35,0,6,0,6
2022-05-27T05:48:51,0,6,0,6
2022-05-27T05:59:08,0,6,0,6
2022-05-27T06:09:24,0,6,0,6
2022-05-27T06:19:40,0,6,0,6
2022-05-27T06:29:59,0,6,0,6
2022-05-27T06:40:13,0,6,0,6
2022-05-27T06:50:27,0,6,0,6
2022-05-27T07:00:41,0,6,0,6
2022-05-27T07:10:58,0,6,0,6
2022-05-27T07:21:13,0,6,0,6
2022-05-27T07:31:28,0,6,0,6
2022-05-27T07:41:44,0,6,0,6
2022-05-27T07:51:59,0,6,0,6
2022-05-27T08:02:24,0,6,0,6
2022-05-27T08:12:40,0,6,0,6
2022-05-27T08:22:56,0,6,0,6
2022-05-27T08:33:13,0,6,0,6
2022-05-27T08:43:30,0,6,0,6
2022-05-27T08:53:45,0,6,0,6
2022-05-27T09:04:02,0,6,0,6
2022-05-27T09:14:17,0,6,0,6
2022-05-27T09:24:33,0,6,0,6
2022-05-27T09:34:48,0,6,0,6
2022-05-27T09:45:04,0,6,0,6
2022-05-27T09:55:20,0,6,0,6
2022-05-27T10:05:35,0,6,0,6
2022-05-27T10:15:51,0,6,0,6
2022-05-27T10:26:08,0,6,0,6
2022-05-27T10:36:24,0,6,0,6
2022-05-27T10:46:50,0,6,0,6
2022-05-27T10:57:06,0,6,0,6
2022-05-27T11:07:22,0,6,0,6
2022-05-27T11:17:39,0,6,0,6
2022-05-27T11:27:55,0,6,0,6
2022-05-27T11:38:11,0,6,0,6
2022-05-27T11:48:27,0,6,0,6
2022-05-27T11:58:44,0,6,0,6
2022-05-27T12:09:01,0,6,0,6
2022-05-27T12:19:27,0,6,0,6
2022-05-27T12:29:43,0,6,0,6
2022-05-27T12:39:59,0,6,0,6
2022-05-27T12:50:16,0,6,0,6
2022-05-27T13:00:31,0,6,0,6
2022-05-27T13:10:47,0,6,0,6
2022-05-27T13:21:03,0,6,0,6
2022-05-27T13:31:19,0,6,0,6
2022-05-27T13:41:44,0,6,0,6
2022-05-27T13:52:00,0,6,0,6
2022-05-27T14:02:16,0,6,0,6
2022-05-27T14:12:31,0,6,0,6
2022-05-27T14:22:47,0,6,0,6
2022-05-27T14:33:03,0,6,0,6
2022-05-27T14:43:18,0,6,0,6
2022-05-27T14:53:33,0,6,0,6
2022-05-27T15:03:49,0,6,0,6
2022-05-27T15:14:14,0,6,0,6
2022-05-27T15:24:30,0,6,0,6
2022-05-27T15:34:46,0,6,0,6
2022-05-27T15:45:02,0,6,0,6
2022-05-27T15:55:17,0,6,0,6
2022-05-27T16:05:32,0,6,0,6
2022-05-27T16:15:48,0,6,0,6
2022-05-27T16:26:03,0,6,0,6
2022-05-27T16:36:28,0,6,0,6
2022-05-27T16:46:43,0,6,0,6
2022-05-27T16:56:58,0,6,0,6
2022-05-27T17:07:12,0,6,0,6
2022-05-27T17:17:28,0,6,0,6
2022-05-27T17:27:43,0,6,0,6
2022-05-27T17:37:57,0,6,0,6
2022-05-27T17:48:12,0,6,0,6
2022-05-27T17:58:26,0,6,0,6
2022-05-27T18:08:41,0,6,0,6
2022-05-27T18:19:05,0,6,0,6
2022-05-27T18:29:19,0,6,0,6
2022-05-27T18:39:33,0,6,0,6
2022-05-27T18:49:47,0,6,0,6
2022-05-27T19:00:01,0,6,0,6
2022-05-27T19:10:15,0,6,0,6
2022-05-27T19:20:30,0,6,0,6
2022-05-27T19:30:44,0,6,0,6
2022-05-27T19:40:58,0,6,0,6
2022-05-27T19:51:22,0,6,0,6
2022-05-27T20:01:37,0,6,0,6
2022-05-27T20:11:51,0,6,0,6
2022-05-27T20:22:06,0,6,0,6
2022-05-27T20:32:20,0,6,0,6
2022-05-27T20:42:34,0,6,0,6
2022-05-27T20:52:49,0,6,0,6
2022-05-27T21:03:03,0,6,0,6
2022-05-27T21:13:18,0,6,0,6
2022-05-27T21:23:32,0,6,0,6
2022-05-27T21:33:47,0,6,0,6
2022-05-27T21:44:01,0,6,0,6
2022-05-27T21:54:15,0,6,0,6
2022-05-27T22:04:29,0,6,0,6
2022-05-27T22:14:52,0,6,0,6
2022-05-27T22:25:07,0,6,0,6
2022-05-27T22:35:22,0,6,0,6
2022-05-27T22:45:36,0,6,0,6
2022-05-27T22:55:50,0,6,0,6
2022-05-27T23:06:06,0,6,0,6
2022-05-27T23:16:21,0,6,0,6
2022-05-27T23:26:35,0,6,0,6
2022-05-27T23:36:50,0,6,0,6
2022-05-27T23:47:05,0,6,0,6
2022-05-27T23:57:20,0,6,0,6
2022-05-28T00:09:12,0,6,0,6
2022-05-28T00:19:35,0,6,0,6
2022-05-28T00:29:55,0,6,0,6
2022-05-28T00:40:17,0,6,0,6
2022-05-28T00:50:48,0,6,0,6
2022-05-28T01:01:07,0,6,0,6
2022-05-28T01:11:31,0,6,0,6
2022-05-28T01:21:53,0,6,0,6
2022-05-28T01:32:15,0,6,0,6
2022-05-28T01:42:36,0,6,0,6
2022-05-28T01:52:57,0,6,0,6
2022-05-28T02:03:35,0,6,0,6
2022-05-28T02:14:03,0,6,0,6
2022-05-28T02:24:28,0,6,0,6
2022-05-28T02:35:04,0,6,0,6
2022-05-28T02:45:29,0,6,0,6
2022-05-28T02:55:50,0,6,0,6
2022-05-28T03:06:21,0,6,0,6
2022-05-28T03:16:44,0,6,0,6
2022-05-28T03:27:01,0,6,0,6
2022-05-28T03:37:20,0,6,0,6
2022-05-28T03:47:41,0,6,0,6
2022-05-28T03:57:58,0,6,0,6
2022-05-28T04:10:32,0,6,0,6
2022-05-28T04:24:55,0,6,0,6
2022-05-28T04:35:34,0,6,0,6
2022-05-28T04:45:50,0,6,0,6
2022-05-28T04:56:06,0,6,0,6
2022-05-28T05:06:23,0,6,0,6
2022-05-28T05:16:39,0,6,0,6
2022-05-28T05:26:56,0,6,0,6
2022-05-28T05:37:12,0,6,0,6
2022-05-28T05:47:30,0,6,0,6
2022-05-28T05:57:46,0,6,0,6
2022-05-28T06:08:02,0,6,0,6
2022-05-28T06:18:18,0,6,0,6
2022-05-28T06:28:34,0,6,0,6
2022-05-28T06:38:50,0,6,0,6
2022-05-28T06:49:05,0,6,0,6
2022-05-28T06:59:21,0,6,0,6
2022-05-28T07:09:38,0,6,0,6
2022-05-28T07:19:54,0,6,0,6
2022-05-28T07:30:10,0,6,0,6
2022-05-28T07:40:27,0,6,0,6
2022-05-28T07:50:43,0,6,0,6
2022-05-28T08:00:58,0,6,0,6
2022-05-28T08:11:22,0,6,0,6
2022-05-28T08:21:37,0,6,0,6
2022-05-28T08:31:53,0,6,0,6
2022-05-28T08:42:08,0,6,0,6
2022-05-28T08:52:22,0,6,0,6
2022-05-28T09:02:37,0,6,0,6
2022-05-28T09:12:52,0,6,0,6
2022-05-28T09:23:07,0,6,0,6
2022-05-28T09:33:22,0,6,0,6
2022-05-28T09:43:36,0,6,0,6
2022-05-28T09:54:00,0,6,0,6
2022-05-28T10:04:14,0,6,0,6
2022-05-28T10:14:28,0,6,0,6
2022-05-28T10:24:42,0,6,0,6
2022-05-28T10:34:56,0,6,0,6
2022-05-28T10:45:09,0,6,0,6
2022-05-28T10:55:23,0,6,0,6
2022-05-28T11:05:37,0,6,0,6
2022-05-28T11:15:51,0,6,0,6
2022-05-28T11:26:05,0,6,0,6
2022-05-28T11:36:22,0,6,0,6
2022-05-28T11:46:37,0,6,0,6
2022-05-28T11:56:51,0,6,0,6
2022-05-28T12:07:04,0,6,0,6
2022-05-28T12:17:18,0,6,0,6
2022-05-28T12:27:32,0,6,0,6
2022-05-28T12:37:45,0,6,0,6
2022-05-28T12:47:59,0,6,0,6
2022-05-28T12:58:14,0,6,0,6
2022-05-28T13:08:37,0,6,0,6
2022-05-28T13:18:51,0,6,0,6
2022-05-28T13:29:05,0,6,0,6
2022-05-28T13:39:20,0,6,0,6
2022-05-28T13:49:33,0,6,0,6
2022-05-28T13:59:47,0,6,0,6
2022-05-28T14:10:01,0,6,0,6
2022-05-28T14:20:24,0,6,0,6
2022-05-28T14:30:38,0,6,0,6
2022-05-28T14:40:52,0,6,0,6
2022-05-28T14:51:06,0,6,0,6
2022-05-28T15:01:19,0,6,0,6
2022-05-28T15:11:34,0,6,0,6
2022-05-28T15:21:48,0,6,0,6
2022-05-28T15:32:02,0,6,0,6
2022-05-28T15:42:16,0,6,0,6
2022-05-28T15:52:29,0,6,0,6
2022-05-28T16:02:44,0,6,0,6
2022-05-28T16:12:58,0,6,0,6
2022-05-28T16:23:12,0,6,0,6
2022-05-28T16:33:26,0,6,0,6
2022-05-28T16:43:49,0,6,0,6
2022-05-28T16:54:03,0,6,0,6
2022-05-28T17:04:17,0,6,0,6
2022-05-28T17:14:32,0,6,0,6
2022-05-28T17:24:46,0,6,0,6
2022-05-28T17:35:01,0,6,0,6
2022-05-28T17:45:15,0,6,0,6
2022-05-28T17:55:29,0,6,0,6
2022-05-28T18:05:43,0,6,0,6
2022-05-28T18:15:57,0,6,0,6
2022-05-28T18:26:12,0,6,0,6
2022-05-28T18:36:26,0,6,0,6
2022-05-28T18:46:51,0,6,0,6
2022-05-28T18:57:04,0,6,0,6
2022-05-28T19:07:19,0,6,0,6
2022-05-28T19:17:33,0,6,0,6
2022-05-28T19:27:48,0,6,0,6
2022-05-28T19:38:02,0,6,0,6
2022-05-28T19:48:19,0,6,0,6
2022-05-28T19:58:33,0,6,0,6
2022-05-28T20:08:47,0,6,0,6
2022-05-28T20:19:01,0,6,0,6
2022-05-28T20:29:14,0,6,0,6
2022-05-28T20:39:28,0,6,0,6
2022-05-28T20:49:52,0,6,0,6
2022-05-28T21:00:06,0,6,0,6
2022-05-28T21:10:20,0,6,0,6
2022-05-28T21:20:34,0,6,0,6
2022-05-28T21:30:48,0,6,0,6
2022-05-28T21:41:02,0,6,0,6
2022-05-28T21:51:16,0,6,0,6
2022-05-28T22:01:30,0,6,0,6
2022-05-28T22:11:43,0,6,0,6
2022-05-28T22:21:58,0,6,0,6
2022-05-28T22:32:12,0,6,0,6
2022-05-28T22:42:37,0,6,0,6
2022-05-28T22:52:51,0,6,0,6
2022-05-28T23:03:05,0,6,0,6
2022-05-28T23:13:20,0,6,0,6
2022-05-28T23:23:35,0,6,0,6
2022-05-28T23:33:49,0,6,0,6
2022-05-28T23:44:03,0,6,0,6
2022-05-28T23:54:17,0,6,0,6
2022-05-29T00:04:32,0,6,0,6
2022-05-29T00:14:48,0,6,0,6
2022-05-29T00:25:04,0,6,0,6
2022-05-29T00:35:28,0,6,0,6
2022-05-29T00:45:43,0,6,0,6
2022-05-29T00:55:59,0,6,0,6
2022-05-29T01:06:14,0,6,0,6
2022-05-29T01:16:28,0,6,0,6
2022-05-29T01:26:43,0,6,0,6
2022-05-29T01:36:59,0,6,0,6
2022-05-29T01:47:14,0,6,0,6
2022-05-29T01:57:29,0,6,0,6
2022-05-29T02:07:46,0,6,0,6
2022-05-29T02:18:01,0,6,0,6
2022-05-29T02:28:16,0,6,0,6
2022-05-29T02:38:32,0,6,0,6
2022-05-29T02:48:47,0,6,0,6
2022-05-29T02:59:01,0,6,0,6
2022-05-29T03:09:16,0,6,0,6
2022-05-29T03:19:30,0,6,0,6
2022-05-29T03:29:45,0,6,0,6
2022-05-29T03:40:01,0,6,0,6
2022-05-29T03:50:26,0,6,0,6
2022-05-29T04:00:42,0,6,0,6
2022-05-29T04:12:45,0,6,0,6
2022-05-29T04:39:13,0,6,0,6
2022-05-29T04:49:31,0,6,0,6
2022-05-29T04:59:47,0,6,0,6
2022-05-29T05:10:08,0,6,0,6
2022-05-29T05:20:25,0,6,0,6
2022-05-29T05:30:40,0,6,0,6
2022-05-29T05:40:57,0,6,0,6
2022-05-29T05:51:12,0,6,0,6
2022-05-29T06:01:27,0,6,0,6
2022-05-29T06:11:42,0,6,0,6
2022-05-29T06:21:57,0,6,0,6
2022-05-29T06:32:11,0,6,0,6
2022-05-29T06:42:25,0,6,0,6
2022-05-29T06:52:38,0,6,0,6
2022-05-29T07:02:51,0,6,0,6
2022-05-29T07:13:13,0,6,0,6
2022-05-29T07:23:27,0,6,0,6
2022-05-29T07:33:41,0,6,0,6
2022-05-29T07:43:56,0,6,0,6
2022-05-29T07:54:10,0,6,0,6
2022-05-29T08:04:24,0,6,0,6
2022-05-29T08:14:38,0,6,0,6
2022-05-29T08:24:51,0,6,0,6
2022-05-29T08:35:05,0,6,0,6
2022-05-29T08:45:19,0,6,0,6
2022-05-29T08:55:32,0,6,0,6
2022-05-29T09:05:47,0,6,0,6
2022-05-29T09:16:00,0,6,0,6
2022-05-29T09:26:14,0,6,0,6
2022-05-29T09:36:28,0,6,0,6
2022-05-29T09:46:50,0,6,0,6
2022-05-29T09:57:04,0,6,0,6
2022-05-29T10:07:18,0,6,0,6
2022-05-29T10:17:31,0,6,0,6
2022-05-29T10:27:45,0,6,0,6
2022-05-29T10:37:59,0,6,0,6
2022-05-29T10:48:13,0,6,0,6
2022-05-29T10:58:26,0,6,0,6
2022-05-29T11:08:41,0,6,0,6
2022-05-29T11:18:55,0,6,0,6
2022-05-29T11:29:09,0,6,0,6
2022-05-29T11:39:23,0,6,0,6
2022-05-29T11:49:37,0,6,0,6
2022-05-29T11:59:51,0,6,0,6
2022-05-29T12:10:17,0,6,0,6
2022-05-29T12:20:31,0,6,0,6
2022-05-29T12:30:46,0,6,0,6
2022-05-29T12:41:00,0,6,0,6
2022-05-29T12:51:14,0,6,0,6
2022-05-29T13:01:29,0,6,0,6
2022-05-29T13:11:43,0,6,0,6
2022-05-29T13:21:57,0,6,0,6
2022-05-29T13:32:11,0,6,0,6
2022-05-29T13:42:26,0,6,0,6
2022-05-29T13:52:40,0,6,0,6
2022-05-29T14:02:54,0,6,0,6
2022-05-29T14:13:18,0,6,0,6
2022-05-29T14:23:32,0,6,0,6
2022-05-29T14:33:46,0,6,0,6
2022-05-29T14:44:00,0,6,0,6
2022-05-29T14:54:14,0,6,0,6
2022-05-29T15:04:28,0,6,0,6
2022-05-29T15:14:42,0,6,0,6
2022-05-29T15:24:56,0,6,0,6
2022-05-29T15:35:10,0,6,0,6
2022-05-29T15:45:24,0,6,0,6
2022-05-29T15:55:38,0,6,0,6
2022-05-29T16:06:02,0,6,0,6
2022-05-29T16:16:16,0,6,0,6
2022-05-29T16:26:30,0,6,0,6
2022-05-29T16:36:44,0,6,0,6
2022-05-29T16:46:58,0,6,0,6
2022-05-29T16:57:12,0,6,0,6
2022-05-29T17:07:26,0,6,0,6
2022-05-29T17:17:41,0,6,0,6
2022-05-29T17:27:54,0,6,0,6
2022-05-29T17:38:09,0,6,0,6
2022-05-29T17:48:31,0,6,0,6
2022-05-29T17:58:45,0,6,0,6
2022-05-29T18:08:59,0,6,0,6
2022-05-29T18:19:14,0,6,0,6
2022-05-29T18:29:28,0,6,0,6
2022-05-29T18:39:42,0,6,0,6
2022-05-29T18:49:56,0,6,0,6
2022-05-29T19:00:10,0,6,0,6
2022-05-29T19:10:24,0,6,0,6
2022-05-29T19:20:49,0,6,0,6
2022-05-29T19:31:02,0,6,0,6
2022-05-29T19:41:16,0,6,0,6
2022-05-29T19:51:31,0,6,0,6
2022-05-29T20:01:44,0,6,0,6
2022-05-29T20:11:58,0,6,0,6
2022-05-29T20:22:13,0,6,0,6
2022-05-29T20:32:26,0,6,0,6
2022-05-29T20:42:41,0,6,0,6
2022-05-29T20:52:55,0,6,0,6
2022-05-29T21:03:09,0,6,0,6
2022-05-29T21:13:23,0,6,0,6
2022-05-29T21:23:37,0,6,0,6
2022-05-29T21:33:52,0,6,0,6
2022-05-29T21:44:16,0,6,0,6
2022-05-29T21:54:30,0,6,0,6
2022-05-29T22:04:43,0,6,0,6
2022-05-29T22:14:57,0,6,0,6
2022-05-29T22:25:12,0,6,0,6
2022-05-29T22:35:26,0,6,0,6
2022-05-29T22:45:40,0,6,0,6
2022-05-29T22:55:54,0,6,0,6
2022-05-29T23:06:09,0,6,0,6
2022-05-29T23:16:23,0,6,0,6
2022-05-29T23:26:48,0,6,0,6
2022-05-29T23:37:02,0,6,0,6
2022-05-29T23:47:16,0,6,0,6
2022-05-29T23:57:31,0,6,0,6
2022-05-30T00:07:45,0,6,0,6
2022-05-30T00:18:02,0,6,0,6
2022-05-30T00:28:19,0,6,0,6
2022-05-30T00:38:36,0,6,0,6
2022-05-30T00:48:53,0,6,0,6
2022-05-30T00:59:08,0,6,0,6
2022-05-30T01:09:33,0,6,0,6
2022-05-30T01:19:51,0,6,0,6
2022-05-30T01:30:08,0,6,0,6
2022-05-30T01:40:25,0,6,0,6
2022-05-30T01:50:41,0,6,0,6
2022-05-30T02:00:57,0,6,0,6
2022-05-30T02:11:13,0,6,0,6
2022-05-30T02:21:28,0,6,0,6
2022-05-30T02:31:43,0,6,0,6
2022-05-30T02:41:58,0,6,0,6
2022-05-30T02:52:13,0,6,0,6
2022-05-30T03:02:27,0,6,0,6
2022-05-30T03:12:42,0,6,0,6
2022-05-30T03:22:56,0,6,0,6
2022-05-30T03:33:10,0,6,0,6
2022-05-30T03:43:27,0,6,0,6
2022-05-30T03:53:43,0,6,0,6
2022-05-30T04:04:07,0,6,0,6
2022-05-30T04:20:21,0,6,0,6
2022-05-30T04:30:55,0,6,0,6
2022-05-30T04:41:12,0,6,0,6
2022-05-30T04:51:28,0,6,0,6
2022-05-30T05:01:46,0,6,0,6
2022-05-30T05:12:04,0,6,0,6
2022-05-30T05:22:21,0,6,0,6
2022-05-30T05:32:37,0,6,0,6
2022-05-30T05:42:58,0,6,0,6
2022-05-30T05:53:14,0,6,0,6
2022-05-30T06:03:29,0,6,0,6
2022-05-30T06:13:45,0,6,0,6
2022-05-30T06:24:01,0,6,0,6
2022-05-30T06:34:17,0,6,0,6
2022-05-30T06:44:32,0,6,0,6
2022-05-30T06:54:47,0,6,0,6
2022-05-30T07:05:02,0,6,0,6
2022-05-30T07:15:16,0,6,0,6
2022-05-30T07:25:30,0,6,0,6
2022-05-30T07:35:45,0,6,0,6
2022-05-30T07:46:14,0,6,0,6
2022-05-30T07:56:28,0,6,0,6
2022-05-30T08:06:42,0,6,0,6
2022-05-30T08:16:56,0,6,0,6
2022-05-30T08:27:10,0,6,0,6
2022-05-30T08:37:25,0,6,0,6
2022-05-30T08:47:38,0,6,0,6
2022-05-30T08:57:52,0,6,0,6
2022-05-30T09:08:06,0,6,0,6
2022-05-30T09:18:20,0,6,0,6
2022-05-30T09:28:34,0,6,0,6
2022-05-30T09:38:49,0,6,0,6
2022-05-30T09:49:03,0,6,0,6
2022-05-30T09:59:19,0,6,0,6
2022-05-30T10:09:34,0,6,0,6
2022-05-30T10:19:48,0,6,0,6
2022-05-30T10:30:12,0,6,0,6
2022-05-30T10:40:35,0,6,0,6
2022-05-30T10:50:49,0,6,0,6
2022-05-30T11:01:04,0,6,0,6
2022-05-30T11:11:19,0,6,0,6
2022-05-30T11:21:33,0,6,0,6
2022-05-30T11:31:48,0,6,0,6
2022-05-30T11:42:02,0,6,0,6
2022-05-30T11:52:17,0,6,0,6
2022-05-30T12:02:32,0,6,0,6
2022-05-30T12:12:56,0,6,0,6
2022-05-30T12:23:10,0,6,0,6
2022-05-30T12:33:25,0,6,0,6
2022-05-30T12:43:40,0,6,0,6
2022-05-30T12:53:54,0,6,0,6
2022-05-30T13:04:08,0,6,0,6
2022-05-30T13:14:23,0,6,0,6
2022-05-30T13:24:53,0,6,0,6
2022-05-30T13:35:08,0,6,0,6
2022-05-30T13:45:22,0,6,0,6
2022-05-30T13:55:37,0,6,0,6
2022-05-30T14:05:51,0,6,0,6
2022-05-30T14:16:07,0,6,0,6
2022-05-30T14:26:21,0,6,0,6
2022-05-30T14:36:36,0,6,0,6
2022-05-30T14:47:00,0,6,0,6
2022-05-30T14:57:14,0,6,0,6
2022-05-30T15:07:29,0,6,0,6
2022-05-30T15:17:44,0,6,0,6
2022-05-30T15:27:59,0,6,0,6
2022-05-30T15:38:13,0,6,0,6
2022-05-30T15:48:28,0,6,0,6
2022-05-30T15:58:43,0,6,0,6
2022-05-30T16:09:08,0,6,0,6
2022-05-30T16:19:22,0,6,0,6
2022-05-30T16:29:37,0,6,0,6
2022-05-30T16:39:51,0,6,0,6
2022-05-30T16:50:06,0,6,0,6
2022-05-30T17:00:20,0,6,0,6
2022-05-30T17:10:36,0,6,0,6
2022-05-30T17:21:10,0,6,0,6
2022-05-30T17:31:24,0,6,0,6
2022-05-30T17:41:38,0,6,0,6
2022-05-30T17:51:53,0,6,0,6
2022-05-30T18:02:07,0,6,0,6
2022-05-30T18:12:22,0,6,0,6
2022-05-30T18:22:37,0,6,0,6
2022-05-30T18:32:51,0,6,0,6
2022-05-30T18:43:15,0,6,0,6
2022-05-30T18:53:30,0,6,0,6
2022-05-30T19:03:45,0,6,0,6
2022-05-30T19:14:00,0,6,0,6
2022-05-30T19:24:15,0,6,0,6
2022-05-30T19:34:29,0,6,0,6
2022-05-30T19:44:54,0,6,0,6
2022-05-30T19:55:08,0,6,0,6
2022-05-30T20:05:23,0,6,0,6
2022-05-30T20:15:37,0,6,0,6
2022-05-30T20:25:52,0,6,0,6
2022-05-30T20:36:07,0,6,0,6
2022-05-30T20:46:22,0,6,0,6
2022-05-30T20:56:53,0,6,0,6
2022-05-30T21:07:08,0,6,0,6
2022-05-30T21:17:23,0,6,0,6
2022-05-30T21:27:38,0,6,0,6
2022-05-30T21:37:53,0,6,0,6
2022-05-30T21:48:08,0,6,0,6
2022-05-30T21:58:33,0,6,0,6
2022-05-30T22:08:49,0,6,0,6
2022-05-30T22:19:04,0,6,0,6
2022-05-30T22:29:20,0,6,0,6
2022-05-30T22:39:36,0,6,0,6
2022-05-30T22:49:50,0,6,0,6
2022-05-30T23:00:23,0,6,0,6
2022-05-30T23:10:38,0,6,0,6
2022-05-30T23:20:52,0,6,0,6
2022-05-30T23:31:07,0,6,0,6
2022-05-30T23:41:22,0,6,0,6
2022-05-30T23:51:37,0,6,0,6
2022-05-31T00:02:01,0,6,0,6
2022-05-31T00:12:19,0,6,0,6
2022-05-31T00:22:35,0,6,0,6
2022-05-31T00:32:50,0,6,0,6
2022-05-31T00:43:05,0,6,0,6
2022-05-31T00:53:20,0,6,0,6
2022-05-31T01:03:35,0,6,0,6
2022-05-31T01:14:13,0,6,0,6
2022-05-31T01:24:29,0,6,0,6
2022-05-31T01:34:45,0,6,0,6
2022-05-31T01:45:00,0,6,0,6
2022-05-31T01:55:14,0,6,0,6
2022-05-31T02:05:30,0,6,0,6
2022-05-31T02:15:46,0,6,0,6
2022-05-31T02:26:01,0,6,0,6
2022-05-31T02:36:17,0,6,0,6
2022-05-31T02:46:32,0,6,0,6
2022-05-31T02:56:56,0,6,0,6
2022-05-31T03:07:12,0,6,0,6
2022-05-31T03:17:27,0,6,0,6
2022-05-31T03:27:42,0,6,0,6
2022-05-31T03:37:58,0,6,0,6
2022-05-31T03:48:14,0,6,0,6
2022-05-31T03:58:31,0,6,0,6
2022-05-31T04:08:49,0,6,0,6
2022-05-31T04:36:11,0,6,0,6
2022-05-31T04:46:30,0,6,0,6
2022-05-31T04:56:46,0,6,0,6
2022-05-31T05:07:05,0,6,0,6
2022-05-31T05:17:21,0,6,0,6
2022-05-31T05:27:38,0,6,0,6
2022-05-31T05:37:55,0,6,0,6
2022-05-31T05:48:12,0,6,0,6
2022-05-31T05:58:28,0,6,0,6
2022-05-31T06:08:44,0,6,0,6
2022-05-31T06:19:00,0,6,0,6
2022-05-31T06:29:15,0,6,0,6
2022-05-31T06:39:29,0,6,0,6
2022-05-31T06:49:44,0,6,0,6
2022-05-31T07:00:03,0,6,0,6
2022-05-31T07:10:25,0,6,0,6
2022-05-31T07:20:45,0,6,0,6
2022-05-31T07:31:03,0,6,0,6
2022-05-31T07:41:24,0,6,0,6
2022-05-31T07:51:45,0,6,0,6
2022-05-31T08:02:03,0,6,0,6
2022-05-31T08:12:25,0,6,0,6
2022-05-31T08:22:45,0,6,0,6
2022-05-31T08:33:05,0,6,0,6
2022-05-31T08:43:39,0,6,0,6
2022-05-31T08:54:07,0,6,0,6
2022-05-31T09:04:39,0,6,0,6
2022-05-31T09:15:09,0,6,0,6
2022-05-31T09:25:35,0,6,0,6
2022-05-31T09:36:02,0,6,0,6
2022-05-31T09:46:29,0,6,0,6
2022-05-31T09:56:55,0,6,0,6
2022-05-31T10:07:34,0,6,0,6
2022-05-31T10:17:59,0,6,0,6
2022-05-31T10:28:23,0,6,0,6
2022-05-31T10:38:47,0,6,0,6
2022-05-31T10:49:08,0,6,0,6
2022-05-31T10:59:48,0,6,0,6
2022-05-31T11:10:11,0,6,0,6
2022-05-31T11:20:33,0,6,0,6
2022-05-31T11:30:55,0,6,0,6
2022-05-31T11:41:17,0,6,0,6
2022-05-31T11:51:51,0,6,0,6
2022-05-31T12:02:13,0,6,0,6
2022-05-31T12:12:34,0,6,0,6
2022-05-31T12:22:55,0,6,0,6
2022-05-31T12:33:17,0,6,0,6
2022-05-31T12:43:51,0,6,0,6
2022-05-31T12:54:12,0,6,0,6
2022-05-31T13:04:33,0,6,0,6
2022-05-31T13:14:56,0,6,0,6
2022-05-31T13:25:18,0,6,0,6
2022-05-31T13:35:51,0,6,0,6
2022-05-31T13:46:13,0,6,0,6
2022-05-31T13:56:36,0,6,0,6
2022-05-31T14:07:01,0,6,0,6
2022-05-31T14:17:44,0,6,0,6
2022-05-31T14:28:06,0,6,0,6
2022-05-31T14:38:29,0,6,0,6
2022-05-31T14:48:51,0,6,0,6
2022-05-31T14:59:14,0,6,0,6
2022-05-31T15:09:47,0,6,0,6
2022-05-31T15:20:10,0,6,0,6
2022-05-31T15:30:32,0,6,0,6
2022-05-31T15:40:54,0,6,0,6
2022-05-31T15:51:16,0,6,0,6
2022-05-31T16:01:38,0,6,0,6
2022-05-31T16:12:10,0,6,0,6
2022-05-31T16:22:32,0,6,0,6
2022-05-31T16:32:54,0,6,0,6
2022-05-31T16:43:15,0,6,0,6
2022-05-31T16:53:36,0,6,0,6
2022-05-31T17:04:07,0,6,0,6
2022-05-31T17:14:30,0,6,0,6
2022-05-31T17:24:51,0,6,0,6
2022-05-31T17:35:11,0,6,0,6
2022-05-31T17:45:31,0,6,0,6
2022-05-31T17:55:51,0,6,0,6
2022-05-31T18:06:24,0,6,0,6
2022-05-31T18:16:44,0,6,0,6
2022-05-31T18:27:04,0,6,0,6
2022-05-31T18:37:25,0,6,0,6
2022-05-31T18:47:47,0,6,0,6
2022-05-31T18:58:06,0,6,0,6
2022-05-31T19:08:40,0,6,0,6
2022-05-31T19:19:00,0,6,0,6
2022-05-31T19:29:21,0,6,0,6
2022-05-31T19:39:41,0,6,0,6
2022-05-31T19:50:01,0,6,0,6
2022-05-31T20:00:33,0,6,0,6
2022-05-31T20:10:55,0,6,0,6
2022-05-31T20:21:15,0,6,0,6
2022-05-31T20:31:35,0,6,0,6
2022-05-31T20:41:55,0,6,0,6
2022-05-31T20:52:14,0,6,0,6
2022-05-31T21:02:46,0,6,0,6
2022-05-31T21:13:05,0,6,0,6
2022-05-31T21:23:24,0,6,0,6
2022-05-31T21:33:44,0,6,0,6
2022-05-31T21:44:03,0,6,0,6
2022-05-31T21:54:44,0,6,0,6
2022-05-31T22:05:03,0,6,0,6
2022-05-31T22:15:23,0,6,0,6
2022-05-31T22:25:42,0,6,0,6
2022-05-31T22:36:02,0,6,0,6
2022-05-31T22:46:21,0,6,0,6
2022-05-31T22:56:40,0,6,0,6
2022-05-31T23:07:13,0,6,0,6
2022-05-31T23:17:32,0,6,0,6
2022-05-31T23:27:51,0,6,0,6
2022-05-31T23:38:11,0,6,0,6
2022-05-31T23:48:30,0,6,0,6
2022-05-31T23:58:49,0,6,0,6
2022-06-01T00:09:14,0,6,0,6
2022-06-01T00:19:47,0,6,0,6
2022-06-01T00:30:08,0,6,0,6
2022-06-01T00:40:29,0,6,0,6
2022-06-01T00:50:52,0,6,0,6
2022-06-01T01:01:13,0,6,0,6
2022-06-01T01:11:34,0,6,0,6
2022-06-01T01:21:55,0,6,0,6
2022-06-01T01:32:15,0,6,0,6
2022-06-01T01:42:34,0,6,0,6
2022-06-01T01:52:55,0,6,0,6
2022-06-01T02:03:15,0,6,0,6
2022-06-01T02:13:34,0,6,0,6
2022-06-01T02:24:08,0,6,0,6
2022-06-01T02:34:36,0,6,0,6
2022-06-01T02:44:56,0,6,0,6
2022-06-01T02:55:16,0,6,0,6
2022-06-01T03:05:35,0,6,0,6
2022-06-01T03:15:55,0,6,0,6
2022-06-01T03:26:14,0,6,0,6
2022-06-01T03:36:33,0,6,0,6
2022-06-01T03:46:53,0,6,0,6
2022-06-01T03:57:13,0,6,0,6
2022-06-01T04:07:34,0,6,0,6
2022-06-01T04:17:54,0,6,0,6
2022-06-01T04:32:23,0,6,0,6
2022-06-01T04:42:44,0,6,0,6
2022-06-01T04:53:04,0,6,0,6
2022-06-01T05:03:27,0,6,0,6
2022-06-01T05:15:13,0,6,0,6
2022-06-01T05:25:53,0,6,0,6
2022-06-01T05:36:14,0,6,0,6
2022-06-01T05:46:36,0,6,0,6
2022-06-01T05:56:58,0,6,0,6
2022-06-01T06:07:19,0,6,0,6
2022-06-01T06:17:39,0,6,0,6
2022-06-01T06:27:59,0,6,0,6
2022-06-01T06:38:20,0,6,0,6
2022-06-01T06:48:38,0,6,0,6
2022-06-01T06:58:57,0,6,0,6
2022-06-01T07:09:17,0,6,0,6
2022-06-01T07:19:36,0,6,0,6
2022-06-01T07:29:56,0,6,0,6
2022-06-01T07:40:16,0,6,0,6
2022-06-01T07:50:40,0,6,0,6
2022-06-01T08:01:00,0,6,0,6
2022-06-01T08:11:21,0,6,0,6
2022-06-01T08:21:42,0,6,0,6
2022-06-01T08:32:15,0,6,0,6
2022-06-01T08:42:35,0,6,0,6
2022-06-01T08:52:56,0,6,0,6
2022-06-01T09:03:17,0,6,0,6
2022-06-01T09:13:40,0,6,0,6
2022-06-01T09:24:02,0,6,0,6
2022-06-01T09:34:24,0,6,0,6
2022-06-01T09:44:47,0,6,0,6
2022-06-01T09:55:09,0,6,0,6
2022-06-01T10:05:32,0,6,0,6
2022-06-01T10:16:06,0,6,0,6
2022-06-01T10:26:31,0,6,0,6
2022-06-01T10:36:53,0,6,0,6
2022-06-01T10:47:16,0,6,0,6
2022-06-01T10:57:39,0,6,0,6
2022-06-01T11:08:08,0,6,0,6
2022-06-01T11:18:36,0,6,0,6
2022-06-01T11:29:16,0,6,0,6
2022-06-01T11:39:43,0,6,0,6
2022-06-01T11:50:11,0,6,0,6
2022-06-01T12:00:39,0,6,0,6
2022-06-01T12:11:10,0,6,0,6
2022-06-01T12:21:42,0,6,0,6
2022-06-01T12:32:23,0,6,0,6
2022-06-01T12:42:57,0,6,0,6
2022-06-01T12:53:33,0,6,0,6
2022-06-01T13:04:07,0,6,0,6
2022-06-01T13:14:39,0,6,0,6
2022-06-01T13:25:10,0,6,0,6
2022-06-01T13:35:52,0,6,0,6
2022-06-01T13:46:23,0,6,0,6
2022-06-01T13:56:53,0,6,0,6
2022-06-01T14:07:24,0,6,0,6
2022-06-01T14:17:53,0,6,0,6
2022-06-01T14:28:32,0,6,0,6
2022-06-01T14:39:00,0,6,0,6
2022-06-01T14:49:25,0,6,0,6
2022-06-01T14:59:49,0,6,0,6
2022-06-01T15:10:14,0,6,0,6
2022-06-01T15:20:52,0,6,0,6
2022-06-01T15:31:16,0,6,0,6
2022-06-01T15:41:40,0,6,0,6
2022-06-01T15:52:03,0,6,0,6
2022-06-01T16:02:28,0,6,0,6
2022-06-01T16:13:05,0,6,0,6
2022-06-01T16:23:28,0,6,0,6
2022-06-01T16:33:51,0,6,0,6
2022-06-01T16:44:15,0,6,0,6
2022-06-01T16:54:39,0,6,0,6
2022-06-01T17:05:16,0,6,0,6
2022-06-01T17:15:40,0,6,0,6
2022-06-01T17:26:03,0,6,0,6
2022-06-01T17:36:25,0,6,0,6
2022-06-01T17:46:47,0,6,0,6
2022-06-01T17:57:23,0,6,0,6
2022-06-01T18:07:47,0,6,0,6
2022-06-01T18:18:11,0,6,0,6
2022-06-01T18:28:33,0,6,0,6
2022-06-01T18:38:57,0,6,0,6
2022-06-01T18:49:32,0,6,0,6
2022-06-01T18:59:54,0,6,0,6
2022-06-01T19:10:17,0,6,0,6
2022-06-01T19:20:39,0,6,0,6
2022-06-01T19:31:03,0,6,0,6
2022-06-01T19:41:36,0,6,0,6
2022-06-01T19:51:59,0,6,0,6
2022-06-01T20:02:21,0,6,0,6
2022-06-01T20:12:43,0,6,0,6
2022-06-01T20:23:06,0,6,0,6
2022-06-01T20:33:41,0,6,0,6
2022-06-01T20:44:03,0,6,0,6
2022-06-01T20:54:24,0,6,0,6
2022-06-01T21:04:46,0,6,0,6
2022-06-01T21:15:07,0,6,0,6
2022-06-01T21:25:41,0,6,0,6
2022-06-01T21:36:03,0,6,0,6
2022-06-01T21:46:25,0,6,0,6
2022-06-01T21:56:46,0,6,0,6
2022-06-01T22:07:10,0,6,0,6
2022-06-01T22:17:45,0,6,0,6
2022-06-01T22:28:05,0,6,0,6
2022-06-01T22:38:27,0,6,0,6
2022-06-01T22:48:48,0,6,0,6
2022-06-01T22:59:09,0,6,0,6
2022-06-01T23:09:30,0,6,0,6
2022-06-01T23:20:04,0,6,0,6
2022-06-01T23:30:24,0,6,0,6
2022-06-01T23:40:46,0,6,0,6
2022-06-01T23:51:07,0,6,0,6
2022-06-02T00:01:29,0,6,0,6
2022-06-02T00:11:52,0,6,0,6
2022-06-02T00:22:28,0,6,0,6
2022-06-02T00:32:50,0,6,0,6
2022-06-02T00:43:14,0,6,0,6
2022-06-02T00:53:35,0,6,0,6
2022-06-02T01:03:59,0,6,0,6
2022-06-02T01:14:20,0,6,0,6
2022-06-02T01:24:43,0,6,0,6
2022-06-02T01:35:05,0,6,0,6
2022-06-02T01:45:26,0,6,0,6
2022-06-02T01:55:49,0,6,0,6
2022-06-02T02:06:16,0,6,0,6
2022-06-02T02:16:42,0,6,0,6
2022-06-02T02:27:17,0,6,0,6
2022-06-02T02:37:41,0,6,0,6
2022-06-02T02:48:05,0,6,0,6
2022-06-02T02:58:28,0,6,0,6
2022-06-02T03:08:52,0,6,0,6
2022-06-02T03:19:15,0,6,0,6
2022-06-02T03:29:41,0,6,0,6
2022-06-02T03:40:09,0,6,0,6
2022-06-02T03:50:35,0,6,0,6
2022-06-02T04:01:04,0,6,0,6
2022-06-02T04:14:23,0,6,0,6
2022-06-02T04:35:34,0,6,0,6
2022-06-02T04:46:04,0,6,0,6
2022-06-02T04:56:35,0,6,0,6
2022-06-02T05:07:06,0,6,0,6
2022-06-02T05:17:34,0,6,0,6
2022-06-02T05:28:02,0,6,0,6
2022-06-02T05:38:27,0,6,0,6
2022-06-02T05:48:55,0,6,0,6
2022-06-02T05:59:19,0,6,0,6
2022-06-02T06:09:42,0,6,0,6
2022-06-02T06:20:04,0,6,0,6
2022-06-02T06:30:27,0,6,0,6
2022-06-02T06:40:50,0,6,0,6
2022-06-02T06:51:11,0,6,0,6
2022-06-02T07:01:34,0,6,0,6
2022-06-02T07:11:58,0,6,0,6
2022-06-02T07:22:20,0,6,0,6
2022-06-02T07:32:42,0,6,0,6
2022-06-02T07:43:04,0,6,0,6
2022-06-02T07:53:25,0,6,0,6
2022-06-02T09:40:11,0,6,0,6
2022-06-02T09:50:36,0,6,0,6
2022-06-02T10:01:01,0,6,0,6
2022-06-02T10:11:31,0,6,0,6
2022-06-02T10:21:56,0,6,0,6
2022-06-02T10:32:20,0,6,0,6
2022-06-02T10:42:57,0,6,0,6
2022-06-02T10:53:22,0,6,0,6
2022-06-02T11:03:49,0,6,0,6
2022-06-02T11:14:15,0,6,0,6
2022-06-02T11:24:40,0,6,0,6
2022-06-02T11:35:22,0,6,0,6
2022-06-02T11:45:47,0,6,0,6
2022-06-02T11:56:12,0,6,0,6
2022-06-02T12:06:36,0,6,0,6
2022-06-02T12:17:00,0,6,0,6
2022-06-02T12:27:35,0,6,0,6
2022-06-02T12:38:00,0,6,0,6
2022-06-02T12:48:24,0,6,0,6
2022-06-02T12:58:48,0,6,0,6
2022-06-02T13:09:13,0,6,0,6
2022-06-02T13:19:40,0,6,0,6
2022-06-02T13:30:23,0,6,0,6
2022-06-02T13:40:58,0,6,0,6
2022-06-02T13:51:32,0,6,0,6
2022-06-02T14:02:10,0,6,0,6
2022-06-02T14:12:53,0,6,0,6
2022-06-02T14:23:30,0,6,0,6
2022-06-02T14:34:20,0,6,0,6
2022-06-02T14:44:53,0,6,0,6
2022-06-02T14:55:29,0,6,0,6
2022-06-02T15:06:04,0,6,0,6
2022-06-02T15:16:37,0,6,0,6
2022-06-02T15:27:11,0,6,0,6
2022-06-02T15:37:55,0,6,0,6
2022-06-02T15:48:28,0,6,0,6
2022-06-02T15:59:01,0,6,0,6
2022-06-02T16:09:33,0,6,0,6
2022-06-02T16:20:06,0,6,0,6
2022-06-02T16:30:37,0,6,0,6
2022-06-02T16:41:04,0,6,0,6
2022-06-02T16:51:42,0,6,0,6
2022-06-02T17:02:06,0,6,0,6
2022-06-02T17:12:30,0,6,0,6
2022-06-02T17:22:52,0,6,0,6
2022-06-02T17:33:14,0,6,0,6
2022-06-02T17:43:36,0,6,0,6
2022-06-02T17:53:58,0,6,0,6
2022-06-02T18:04:32,0,6,0,6
2022-06-02T18:14:54,0,6,0,6
2022-06-02T18:25:16,0,6,0,6
2022-06-02T18:35:38,0,6,0,6
2022-06-02T18:46:00,0,6,0,6
2022-06-02T18:56:23,0,6,0,6
2022-06-02T19:06:45,0,6,0,6
2022-06-02T19:17:07,0,6,0,6
2022-06-02T19:27:40,0,6,0,6
2022-06-02T19:38:01,0,6,0,6
2022-06-02T19:48:23,0,6,0,6
2022-06-02T19:58:44,0,6,0,6
2022-06-02T20:09:07,0,6,0,6
2022-06-02T20:19:29,0,6,0,6
2022-06-02T20:29:52,0,6,0,6
2022-06-02T20:40:14,0,6,0,6
2022-06-02T20:50:36,0,6,0,6
2022-06-02T21:00:58,0,6,0,6
2022-06-02T21:11:32,0,6,0,6
2022-06-02T21:21:54,0,6,0,6
2022-06-02T21:32:15,0,6,0,6
2022-06-02T21:42:37,0,6,0,6
2022-06-02T21:52:59,0,6,0,6
2022-06-02T22:03:21,0,6,0,6
2022-06-02T22:13:43,0,6,0,6
2022-06-02T22:24:04,0,6,0,6
2022-06-02T22:34:31,0,6,0,6
2022-06-02T22:45:12,0,6,0,6
2022-06-02T22:55:37,0,6,0,6
2022-06-02T23:06:04,0,6,0,6
2022-06-02T23:16:32,0,6,0,6
2022-06-02T23:26:59,0,6,0,6
2022-06-02T23:37:26,0,6,0,6
2022-06-02T23:47:57,0,6,0,6
2022-06-02T23:58:28,0,6,0,6
2022-06-03T00:08:59,0,6,0,6
2022-06-03T00:19:48,0,6,0,6
2022-06-03T00:30:21,0,6,0,6
2022-06-03T00:40:54,0,6,0,6
2022-06-03T00:51:26,0,6,0,6
2022-06-03T01:01:57,0,6,0,6
2022-06-03T01:12:34,0,6,0,6
2022-06-03T01:23:01,0,6,0,6
2022-06-03T01:33:28,0,6,0,6
2022-06-03T01:43:53,0,6,0,6
2022-06-03T01:54:17,0,6,0,6
2022-06-03T02:04:40,0,6,0,6
2022-06-03T02:15:02,0,6,0,6
2022-06-03T02:25:24,0,6,0,6
2022-06-03T02:35:59,0,6,0,6
2022-06-03T02:46:23,0,6,0,6
2022-06-03T02:56:47,0,6,0,6
2022-06-03T03:07:10,0,6,0,6
2022-06-03T03:17:31,0,6,0,6
2022-06-03T03:27:53,0,6,0,6
2022-06-03T03:38:15,0,6,0,6
2022-06-03T03:48:38,0,6,0,6
2022-06-03T04:01:20,0,6,0,6
2022-06-03T04:23:32,0,6,0,6
2022-06-03T04:34:18,0,6,0,6
2022-06-03T04:44:42,0,6,0,6
2022-06-03T04:55:06,0,6,0,6
2022-06-03T05:05:31,0,6,0,6
2022-06-03T05:15:55,0,6,0,6
2022-06-03T05:26:20,0,6,0,6
2022-06-03T05:36:43,0,6,0,6
2022-06-03T05:47:08,0,6,0,6
2022-06-03T05:57:33,0,6,0,6
2022-06-03T06:07:56,0,6,0,6
2022-06-03T06:18:20,0,6,0,6
2022-06-03T06:28:44,0,6,0,6
2022-06-03T06:39:07,0,6,0,6
2022-06-03T06:49:28,0,6,0,6
2022-06-03T06:59:50,0,6,0,6
2022-06-03T07:10:13,0,6,0,6
2022-06-03T07:20:35,0,6,0,6
2022-06-03T07:30:57,0,6,0,6
2022-06-03T07:41:19,0,6,0,6
2022-06-03T07:51:41,0,6,0,6
2022-06-03T08:02:03,0,6,0,6
2022-06-03T08:12:25,0,6,0,6
2022-06-03T08:22:47,0,6,0,6
2022-06-03T08:33:10,0,6,0,6
2022-06-03T08:43:33,0,6,0,6
2022-06-03T08:53:55,0,6,0,6
2022-06-03T09:04:23,0,6,0,6
2022-06-03T09:14:46,0,6,0,6
2022-06-03T09:25:12,0,6,0,6
2022-06-03T09:35:46,0,6,0,6
2022-06-03T09:46:10,0,6,0,6
2022-06-03T09:56:33,0,6,0,6
2022-06-03T10:06:57,0,6,0,6
2022-06-03T10:17:21,0,6,0,6
2022-06-03T10:27:45,0,6,0,6
2022-06-03T10:38:09,0,6,0,6
2022-06-03T10:48:34,0,6,0,6
2022-06-03T10:59:00,0,6,0,6
2022-06-03T11:09:38,0,6,0,6
2022-06-03T11:20:03,0,6,0,6
2022-06-03T11:30:28,0,6,0,6
2022-06-03T11:40:52,0,6,0,6
2022-06-03T11:51:17,0,6,0,6
2022-06-03T12:01:42,0,6,0,6
2022-06-03T12:12:06,0,6,0,6
2022-06-03T12:22:30,0,6,0,6
2022-06-03T12:32:55,0,6,0,6
2022-06-03T12:43:20,0,6,0,6
2022-06-03T12:53:44,0,6,0,6
2022-06-03T13:04:08,0,6,0,6
2022-06-03T13:14:33,0,6,0,6
2022-06-03T13:25:09,0,6,0,6
2022-06-03T13:35:34,0,6,0,6
2022-06-03T13:46:06,0,6,0,6
2022-06-03T13:56:31,0,6,0,6
2022-06-03T14:06:56,0,6,0,6
2022-06-03T14:17:56,0,6,0,6
2022-06-03T14:28:24,0,6,0,6
2022-06-03T14:39:02,0,6,0,6
2022-06-03T14:49:30,0,6,0,6
2022-06-03T14:59:56,0,6,0,6
2022-06-03T15:10:21,0,6,0,6
2022-06-03T15:20:46,0,6,0,6
2022-06-03T15:31:10,0,6,0,6
2022-06-03T15:41:35,0,6,0,6
2022-06-03T15:52:00,0,6,0,6
2022-06-03T16:02:24,0,6,0,6
2022-06-03T16:12:49,0,6,0,6
2022-06-03T16:23:13,0,6,0,6
2022-06-03T16:33:37,0,6,0,6
2022-06-03T16:44:13,0,6,0,6
2022-06-03T16:54:38,0,6,0,6
2022-06-03T17:05:01,0,6,0,6
2022-06-03T17:15:25,0,6,0,6
2022-06-03T17:25:49,0,6,0,6
2022-06-03T17:36:17,0,6,0,6
2022-06-03T17:46:40,0,6,0,6
2022-06-03T17:57:03,0,6,0,6
2022-06-03T18:07:37,0,6,0,6
2022-06-03T18:18:00,0,6,0,6
2022-06-03T18:28:24,0,6,0,6
2022-06-03T18:38:47,0,6,0,6
2022-06-03T18:49:09,0,6,0,6
2022-06-03T18:59:32,0,6,0,6
2022-06-03T19:09:55,0,6,0,6
2022-06-03T19:20:18,0,6,0,6
2022-06-03T19:30:41,0,6,0,6
2022-06-03T19:41:03,0,6,0,6
2022-06-03T19:51:26,0,6,0,6
2022-06-03T20:02:01,0,6,0,6
2022-06-03T20:12:24,0,6,0,6
2022-06-03T20:22:47,0,6,0,6
2022-06-03T20:33:10,0,6,0,6
2022-06-03T20:43:33,0,6,0,6
2022-06-03T20:53:55,0,6,0,6
2022-06-03T21:04:18,0,6,0,6
2022-06-03T21:14:41,0,6,0,6
2022-06-03T21:25:03,0,6,0,6
2022-06-03T21:35:26,0,6,0,6
2022-06-03T21:45:59,0,6,0,6
2022-06-03T21:56:21,0,6,0,6
2022-06-03T22:06:44,0,6,0,6
2022-06-03T22:17:08,0,6,0,6
2022-06-03T22:27:35,0,6,0,6
2022-06-03T22:38:05,0,6,0,6
2022-06-03T22:48:31,0,6,0,6
2022-06-03T22:59:01,0,6,0,6
2022-06-03T23:09:43,0,6,0,6
2022-06-03T23:20:14,0,6,0,6
2022-06-03T23:30:44,0,6,0,6
2022-06-03T23:41:10,0,6,0,6
2022-06-03T23:51:40,0,6,0,6
2022-06-04T00:02:09,0,6,0,6
2022-06-04T00:12:35,0,6,0,6
2022-06-04T00:23:06,0,6,0,6
2022-06-04T00:33:35,0,6,0,6
2022-06-04T00:44:18,0,6,0,6
2022-06-04T00:54:49,0,6,0,6
2022-06-04T01:05:19,0,6,0,6
2022-06-04T01:15:49,0,6,0,6
2022-06-04T01:26:20,0,6,0,6
2022-06-04T01:36:51,0,6,0,6
2022-06-04T01:47:23,0,6,0,6
2022-06-04T01:57:51,0,6,0,6
2022-06-04T02:08:17,0,6,0,6
2022-06-04T02:18:43,0,6,0,6
2022-06-04T02:29:05,0,6,0,6
2022-06-04T02:39:27,0,6,0,6
2022-06-04T02:49:49,0,6,0,6
2022-06-04T03:00:11,0,6,0,6
2022-06-04T03:10:33,0,6,0,6
2022-06-04T03:20:55,0,6,0,6
2022-06-04T03:31:17,0,6,0,6
2022-06-04T03:41:41,0,6,0,6
2022-06-04T03:52:06,0,6,0,6
2022-06-04T04:02:41,0,6,0,6
2022-06-04T04:23:23,0,6,0,6
2022-06-04T04:34:04,0,6,0,6
2022-06-04T04:44:29,0,6,0,6
2022-06-04T04:54:53,0,6,0,6
2022-06-04T05:05:18,0,6,0,6
2022-06-04T05:15:42,0,6,0,6
2022-06-04T05:26:07,0,6,0,6
2022-06-04T05:36:31,0,6,0,6
2022-06-04T05:46:56,0,6,0,6
2022-06-04T05:57:21,0,6,0,6
2022-06-04T06:07:45,0,6,0,6
2022-06-04T06:18:09,0,6,0,6
2022-06-04T06:28:32,0,6,0,6
2022-06-04T06:38:56,0,6,0,6
2022-06-04T06:49:21,0,6,0,6
2022-06-04T06:59:44,0,6,0,6
2022-06-04T07:10:08,0,6,0,6
2022-06-04T07:20:33,0,6,0,6
2022-06-04T07:30:57,0,6,0,6
2022-06-04T07:41:24,0,6,0,6
2022-06-04T07:51:49,0,6,0,6
2022-06-04T08:02:13,0,6,0,6
2022-06-04T08:12:37,0,6,0,6
2022-06-04T08:23:01,0,6,0,6
2022-06-04T08:33:25,0,6,0,6
2022-06-04T08:43:56,0,6,0,6
2022-06-04T08:54:20,0,6,0,6
2022-06-04T09:04:43,0,6,0,6
2022-06-04T09:15:07,0,6,0,6
2022-06-04T09:25:30,0,6,0,6
2022-06-04T09:35:53,0,6,0,6
2022-06-04T09:46:16,0,6,0,6
2022-06-04T09:56:38,0,6,0,6
2022-06-04T10:07:01,0,6,0,6
2022-06-04T10:17:23,0,6,0,6
2022-06-04T10:27:46,0,6,0,6
2022-06-04T10:38:08,0,6,0,6
2022-06-04T10:48:31,0,6,0,6
2022-06-04T10:58:54,0,6,0,6
2022-06-04T11:09:16,0,6,0,6
2022-06-04T11:19:41,0,6,0,6
2022-06-04T11:30:15,0,6,0,6
2022-06-04T11:40:37,0,6,0,6
2022-06-04T11:50:59,0,6,0,6
2022-06-04T12:01:21,0,6,0,6
2022-06-04T12:11:43,0,6,0,6
2022-06-04T12:22:06,0,6,0,6
2022-06-04T12:32:31,0,6,0,6
2022-06-04T12:42:53,0,6,0,6
2022-06-04T12:53:15,0,6,0,6
2022-06-04T13:03:49,0,6,0,6
2022-06-04T13:14:12,0,6,0,6
2022-06-04T13:24:34,0,6,0,6
2022-06-04T13:34:56,0,6,0,6
2022-06-04T13:45:19,0,6,0,6
2022-06-04T13:55:42,0,6,0,6
2022-06-04T14:06:04,0,6,0,6
2022-06-04T14:16:27,0,6,0,6
2022-06-04T14:26:49,0,6,0,6
2022-06-04T14:37:24,0,6,0,6
2022-06-04T14:47:47,0,6,0,6
2022-06-04T14:58:09,0,6,0,6
2022-06-04T15:08:32,0,6,0,6
2022-06-04T15:18:54,0,6,0,6
2022-06-04T15:29:16,0,6,0,6
2022-06-04T15:39:38,0,6,0,6
2022-06-04T15:50:01,0,6,0,6
2022-06-04T16:00:23,0,6,0,6
2022-06-04T16:10:45,0,6,0,6
2022-06-04T16:21:08,0,6,0,6
2022-06-04T16:31:30,0,6,0,6
2022-06-04T16:41:53,0,6,0,6
2022-06-04T16:52:27,0,6,0,6
2022-06-04T17:02:49,0,6,0,6
2022-06-04T17:13:12,0,6,0,6
2022-06-04T17:23:35,0,6,0,6
2022-06-04T17:33:57,0,6,0,6
2022-06-04T17:44:19,0,6,0,6
2022-06-04T17:54:41,0,6,0,6
2022-06-04T18:05:03,0,6,0,6
2022-06-04T18:15:26,0,6,0,6
2022-06-04T18:25:49,0,6,0,6
2022-06-04T18:36:13,0,6,0,6
2022-06-04T18:46:35,0,6,0,6
2022-06-04T18:56:57,0,6,0,6
2022-06-04T19:07:30,0,6,0,6
2022-06-04T19:17:53,0,6,0,6
2022-06-04T19:28:15,0,6,0,6
2022-06-04T19:38:36,0,6,0,6
2022-06-04T19:48:58,0,6,0,6
2022-06-04T19:59:20,0,6,0,6
2022-06-04T20:09:42,0,6,0,6
2022-06-04T20:20:04,0,6,0,6
2022-06-04T20:30:26,0,6,0,6
2022-06-04T20:40:49,0,6,0,6
2022-06-04T20:51:11,0,6,0,6
2022-06-04T21:01:46,0,6,0,6
2022-06-04T21:12:09,0,6,0,6
2022-06-04T21:22:31,0,6,0,6
2022-06-04T21:32:53,0,6,0,6
2022-06-04T21:43:15,0,6,0,6
2022-06-04T21:53:37,0,6,0,6
2022-06-04T22:04:00,0,6,0,6
2022-06-04T22:14:22,0,6,0,6
2022-06-04T22:24:44,0,6,0,6
2022-06-04T22:35:07,0,6,0,6
2022-06-04T22:45:30,0,6,0,6
2022-06-04T22:55:52,0,6,0,6
2022-06-04T23:06:27,0,6,0,6
2022-06-04T23:16:50,0,6,0,6
2022-06-04T23:27:13,0,6,0,6
2022-06-04T23:37:35,0,6,0,6
2022-06-04T23:47:57,0,6,0,6
2022-06-04T23:58:19,0,6,0,6
2022-06-05T00:08:43,0,6,0,6
2022-06-05T00:19:08,0,6,0,6
2022-06-05T00:29:31,0,6,0,6
2022-06-05T00:39:56,0,6,0,6
2022-06-05T00:50:30,0,6,0,6
2022-06-05T01:00:53,0,6,0,6
2022-06-05T01:11:16,0,6,0,6
2022-06-05T01:21:39,0,6,0,6
2022-06-05T01:32:02,0,6,0,6
2022-06-05T01:42:27,0,6,0,6
2022-06-05T01:52:50,0,6,0,6
2022-06-05T02:03:21,0,6,0,6
2022-06-05T02:13:45,0,6,0,6
2022-06-05T02:24:08,0,6,0,6
2022-06-05T02:34:32,0,6,0,6
2022-06-05T02:44:55,0,6,0,6
2022-06-05T02:55:18,0,6,0,6
2022-06-05T03:05:40,0,6,0,6
2022-06-05T03:16:03,0,6,0,6
2022-06-05T03:26:36,0,6,0,6
2022-06-05T03:37:00,0,6,0,6
2022-06-05T03:47:24,0,6,0,6
2022-06-05T03:57:48,0,6,0,6
2022-06-05T04:08:13,0,6,0,6
2022-06-05T04:23:19,0,6,0,6
2022-06-05T04:34:55,0,6,0,6
2022-06-05T04:45:35,0,6,0,6
2022-06-05T04:55:59,0,6,0,6
2022-06-05T05:06:28,0,6,0,6
2022-06-05T05:16:53,0,6,0,6
2022-06-05T05:27:18,0,6,0,6
2022-06-05T05:37:43,0,6,0,6
2022-06-05T05:48:07,0,6,0,6
2022-06-05T05:58:31,0,6,0,6
2022-06-05T06:08:53,0,6,0,6
2022-06-05T06:19:16,0,6,0,6
2022-06-05T06:29:40,0,6,0,6
2022-06-05T06:40:01,0,6,0,6
2022-06-05T06:50:23,0,6,0,6
2022-06-05T07:00:45,0,6,0,6
2022-06-05T07:11:08,0,6,0,6
2022-06-05T07:21:33,0,6,0,6
2022-06-05T07:31:55,0,6,0,6
2022-06-05T07:42:18,0,6,0,6
2022-06-05T07:52:42,0,6,0,6
2022-06-05T08:03:05,0,6,0,6
2022-06-05T08:13:27,0,6,0,6
2022-06-05T08:23:50,0,6,0,6
2022-06-05T08:34:13,0,6,0,6
2022-06-05T08:44:35,0,6,0,6
2022-06-05T08:54:58,0,6,0,6
2022-06-05T09:05:20,0,6,0,6
2022-06-05T09:15:43,0,6,0,6
2022-06-05T09:26:05,0,6,0,6
2022-06-05T09:36:27,0,6,0,6
2022-06-05T09:46:48,0,6,0,6
2022-06-05T09:57:11,0,6,0,6
2022-06-05T10:07:35,0,6,0,6
2022-06-05T10:18:17,0,6,0,6
2022-06-05T10:28:40,0,6,0,6
2022-06-05T10:39:03,0,6,0,6
2022-06-05T10:49:26,0,6,0,6
2022-06-05T10:59:48,0,6,0,6
2022-06-05T11:10:11,0,6,0,6
2022-06-05T11:20:34,0,6,0,6
2022-06-05T11:30:57,0,6,0,6
2022-06-05T11:41:19,0,6,0,6
2022-06-05T11:51:41,0,6,0,6
2022-06-05T12:02:04,0,6,0,6
2022-06-05T12:12:26,0,6,0,6
2022-06-05T12:22:49,0,6,0,6
2022-06-05T12:33:11,0,6,0,6
2022-06-05T12:43:34,0,6,0,6
2022-06-05T12:53:58,0,6,0,6
2022-06-05T13:04:20,0,6,0,6
2022-06-05T13:14:53,0,6,0,6
2022-06-05T13:25:15,0,6,0,6
2022-06-05T13:35:38,0,6,0,6
2022-06-05T13:46:00,0,6,0,6
2022-06-05T13:56:22,0,6,0,6
2022-06-05T14:06:44,0,6,0,6
2022-06-05T14:17:07,0,6,0,6
2022-06-05T14:27:29,0,6,0,6
2022-06-05T14:37:52,0,6,0,6
2022-06-05T14:48:15,0,6,0,6
2022-06-05T14:59:04,0,6,0,6
2022-06-05T15:09:27,0,6,0,6
2022-06-05T15:19:49,0,6,0,6
2022-06-05T15:30:11,0,6,0,6
2022-06-05T15:40:36,0,6,0,6
2022-06-05T15:50:59,0,6,0,6
2022-06-05T16:01:21,0,6,0,6
2022-06-05T16:11:44,0,6,0,6
2022-06-05T16:22:07,0,6,0,6
2022-06-05T16:32:29,0,6,0,6
2022-06-05T16:42:51,0,6,0,6
2022-06-05T16:53:14,0,6,0,6
2022-06-05T17:03:46,0,6,0,6
2022-06-05T17:14:10,0,6,0,6
2022-06-05T17:24:32,0,6,0,6
2022-06-05T17:34:55,0,6,0,6
2022-06-05T17:45:17,0,6,0,6
2022-06-05T17:55:39,0,6,0,6
2022-06-05T18:06:02,0,6,0,6
2022-06-05T18:16:24,0,6,0,6
2022-06-05T18:26:49,0,6,0,6
2022-06-05T18:37:12,0,6,0,6
2022-06-05T18:47:35,0,6,0,6
2022-06-05T18:57:57,0,6,0,6
2022-06-05T19:08:21,0,6,0,6
2022-06-05T19:19:01,0,6,0,6
2022-06-05T19:29:23,0,6,0,6
2022-06-05T19:39:45,0,6,0,6
2022-06-05T19:50:08,0,6,0,6
2022-06-05T20:00:31,0,6,0,6
2022-06-05T20:10:53,0,6,0,6
2022-06-05T20:21:16,0,6,0,6
2022-06-05T20:31:39,0,6,0,6
2022-06-05T20:42:02,0,6,0,6
2022-06-05T20:52:24,0,6,0,6
2022-06-05T21:02:47,0,6,0,6
2022-06-05T21:13:10,0,6,0,6
2022-06-05T21:23:50,0,6,0,6
2022-06-05T21:34:13,0,6,0,6
2022-06-05T21:44:36,0,6,0,6
2022-06-05T21:54:58,0,6,0,6
2022-06-05T22:05:20,0,6,0,6
2022-06-05T22:15:43,0,6,0,6
2022-06-05T22:26:05,0,6,0,6
2022-06-05T22:36:28,0,6,0,6
2022-06-05T22:46:52,0,6,0,6
2022-06-05T22:57:15,0,6,0,6
2022-06-05T23:07:39,0,6,0,6
2022-06-05T23:18:01,0,6,0,6
2022-06-05T23:28:26,0,6,0,6
2022-06-05T23:38:59,0,6,0,6
2022-06-05T23:49:22,0,6,0,6
2022-06-05T23:59:45,0,6,0,6
2022-06-06T00:10:08,0,6,0,6
2022-06-06T00:20:34,0,6,0,6
2022-06-06T00:30:59,0,6,0,6
2022-06-06T00:41:25,0,6,0,6
2022-06-06T00:51:48,0,6,0,6
2022-06-06T01:02:11,0,6,0,6
2022-06-06T01:12:44,0,6,0,6
2022-06-06T01:23:09,0,6,0,6
2022-06-06T01:33:33,0,6,0,6
2022-06-06T01:43:57,0,6,0,6
2022-06-06T01:54:21,0,6,0,6
2022-06-06T02:04:55,0,6,0,6
2022-06-06T02:15:30,0,6,0,6
2022-06-06T02:25:58,0,6,0,6
2022-06-06T02:36:26,0,6,0,6
2022-06-06T02:46:55,0,6,0,6
2022-06-06T02:57:22,0,6,0,6
2022-06-06T03:07:46,0,6,0,6
2022-06-06T03:18:14,0,6,0,6
2022-06-06T03:28:44,0,6,0,6
2022-06-06T03:39:11,0,6,0,6
2022-06-06T03:49:42,0,6,0,6
2022-06-06T04:00:13,0,6,0,6
2022-06-06T04:10:45,0,6,0,6
2022-06-06T04:23:20,0,6,0,6
2022-06-06T04:34:02,0,6,0,6
2022-06-06T04:44:29,0,6,0,6
2022-06-06T04:55:02,0,6,0,6
2022-06-06T05:05:37,0,6,0,6
2022-06-06T05:16:11,0,6,0,6
2022-06-06T05:26:46,0,6,0,6
2022-06-06T05:37:20,0,6,0,6
2022-06-06T05:47:52,0,6,0,6
2022-06-06T05:58:29,0,6,0,6
2022-06-06T06:09:02,0,6,0,6
2022-06-06T06:19:30,0,6,0,6
2022-06-06T06:29:56,0,6,0,6
2022-06-06T06:40:21,0,6,0,6
2022-06-06T06:50:45,0,6,0,6
2022-06-06T07:01:08,0,6,0,6
2022-06-06T07:11:31,0,6,0,6
2022-06-06T07:21:54,0,6,0,6
2022-06-06T07:32:17,0,6,0,6
2022-06-06T07:42:41,0,6,0,6
2022-06-06T07:53:04,0,6,0,6
2022-06-06T08:03:27,0,6,0,6
2022-06-06T08:13:50,0,6,0,6
2022-06-06T08:24:14,0,6,0,6
2022-06-06T08:34:38,0,6,0,6
2022-06-06T08:45:01,0,6,0,6
2022-06-06T08:55:25,0,6,0,6
2022-06-06T09:05:49,0,6,0,6
2022-06-06T09:16:13,0,6,0,6
2022-06-06T09:26:37,0,6,0,6
2022-06-06T09:37:13,0,6,0,6
2022-06-06T09:47:38,0,6,0,6
2022-06-06T09:58:02,0,6,0,6
2022-06-06T10:08:27,0,6,0,6
2022-06-06T10:18:52,0,6,0,6
2022-06-06T10:29:17,0,6,0,6
2022-06-06T10:39:41,0,6,0,6
2022-06-06T10:50:07,0,6,0,6
2022-06-06T11:00:31,0,6,0,6
2022-06-06T11:10:56,0,6,0,6
2022-06-06T11:21:20,0,6,0,6
2022-06-06T11:31:56,0,6,0,6
2022-06-06T11:42:20,0,6,0,6
2022-06-06T11:52:45,0,6,0,6
2022-06-06T12:03:09,0,6,0,6
2022-06-06T12:13:34,0,6,0,6
2022-06-06T12:23:58,0,6,0,6
2022-06-06T12:34:22,0,6,0,6
2022-06-06T12:44:45,0,6,0,6
2022-06-06T12:55:20,0,6,0,6
2022-06-06T13:05:44,0,6,0,6
2022-06-06T13:16:08,0,6,0,6
2022-06-06T13:26:32,0,6,0,6
2022-06-06T13:36:56,0,6,0,6
2022-06-06T13:47:21,0,6,0,6
2022-06-06T13:57:46,0,6,0,6
2022-06-06T14:08:10,0,6,0,6
2022-06-06T14:18:35,0,6,0,6
2022-06-06T14:28:59,0,6,0,6
2022-06-06T14:39:24,0,6,0,6
2022-06-06T14:49:59,0,6,0,6
2022-06-06T15:00:24,0,6,0,6
2022-06-06T15:10:50,0,6,0,6
2022-06-06T15:21:15,0,6,0,6
2022-06-06T15:31:40,0,6,0,6
2022-06-06T15:42:04,0,6,0,6
2022-06-06T15:52:28,0,6,0,6
2022-06-06T16:02:52,0,6,0,6
2022-06-06T16:13:29,0,6,0,6
2022-06-06T16:23:53,0,6,0,6
2022-06-06T16:34:17,0,6,0,6
2022-06-06T16:44:40,0,6,0,6
2022-06-06T16:55:04,0,6,0,6
2022-06-06T17:05:27,0,6,0,6
2022-06-06T17:15:51,0,6,0,6
2022-06-06T17:26:14,0,6,0,6
2022-06-06T17:36:37,0,6,0,6
2022-06-06T17:47:00,0,6,0,6
2022-06-06T17:57:23,0,6,0,6
2022-06-06T18:07:47,0,6,0,6
2022-06-06T18:18:22,0,6,0,6
2022-06-06T18:28:45,0,6,0,6
2022-06-06T18:39:08,0,6,0,6
2022-06-06T18:49:31,0,6,0,6
2022-06-06T18:59:54,0,6,0,6
2022-06-06T19:10:17,0,6,0,6
2022-06-06T19:20:40,0,6,0,6
2022-06-06T19:31:07,0,6,0,6
2022-06-06T19:41:34,0,6,0,6
2022-06-06T19:52:00,0,6,0,6
2022-06-06T20:02:39,0,6,0,6
2022-06-06T20:13:07,0,6,0,6
2022-06-06T20:23:36,0,6,0,6
2022-06-06T20:34:05,0,6,0,6
2022-06-06T20:44:35,0,6,0,6
2022-06-06T20:55:06,0,6,0,6
2022-06-06T21:05:40,0,6,0,6
2022-06-06T21:16:14,0,6,0,6
2022-06-06T21:26:47,0,6,0,6
2022-06-06T21:37:21,0,6,0,6
2022-06-06T21:47:54,0,6,0,6
2022-06-06T21:58:29,0,6,0,6
2022-06-06T22:09:14,0,6,0,6
2022-06-06T22:19:40,0,6,0,6
2022-06-06T22:30:06,0,6,0,6
2022-06-06T22:40:31,0,6,0,6
2022-06-06T22:50:54,0,6,0,6
2022-06-06T23:01:16,0,6,0,6
2022-06-06T23:11:39,0,6,0,6
2022-06-06T23:22:03,0,6,0,6
2022-06-06T23:32:26,0,6,0,6
2022-06-06T23:42:48,0,6,0,6
2022-06-06T23:53:11,0,6,0,6
2022-06-07T00:03:34,0,6,0,6
2022-06-07T00:13:58,0,6,0,6
2022-06-07T00:24:23,0,6,0,6
2022-06-07T00:34:48,0,6,0,6
2022-06-07T00:45:24,0,6,0,6
2022-06-07T00:55:50,0,6,0,6
2022-06-07T01:06:14,0,6,0,6
2022-06-07T01:16:39,0,6,0,6
2022-06-07T01:27:02,0,6,0,6
2022-06-07T01:37:27,0,6,0,6
2022-06-07T01:47:51,0,6,0,6
2022-06-07T01:58:15,0,6,0,6
2022-06-07T02:08:39,0,6,0,6
2022-06-07T02:19:02,0,6,0,6
2022-06-07T02:29:26,0,6,0,6
2022-06-07T02:39:48,0,6,0,6
2022-06-07T02:50:10,0,6,0,6
2022-06-07T03:00:32,0,6,0,6
2022-06-07T03:10:54,0,6,0,6
2022-06-07T03:21:16,0,6,0,6
2022-06-07T03:31:38,0,6,0,6
2022-06-07T03:42:01,0,6,0,6
2022-06-07T03:52:25,0,6,0,6
2022-06-07T04:02:50,0,6,0,6
2022-06-07T04:26:02,0,6,0,6
2022-06-07T04:36:44,0,6,0,6
2022-06-07T04:47:10,0,6,0,6
2022-06-07T04:57:35,0,6,0,6
2022-06-07T05:08:01,0,6,0,6
2022-06-07T05:18:26,0,6,0,6
2022-06-07T05:28:51,0,6,0,6
2022-06-07T05:39:15,0,6,0,6
2022-06-07T05:49:38,0,6,0,6
2022-06-07T06:00:03,0,6,0,6
2022-06-07T06:10:28,0,6,0,6
2022-06-07T06:20:52,0,6,0,6
2022-06-07T06:31:17,0,6,0,6
2022-06-07T06:41:42,0,6,0,6
2022-06-07T06:52:06,0,6,0,6
2022-06-07T07:02:31,0,6,0,6
2022-06-07T07:12:55,0,6,0,6
2022-06-07T07:23:22,0,6,0,6
2022-06-07T07:33:47,0,6,0,6
2022-06-07T07:44:12,0,6,0,6
2022-06-07T07:54:37,0,6,0,6
2022-06-07T08:05:01,0,6,0,6
2022-06-07T08:15:25,0,6,0,6
2022-06-07T08:25:50,0,6,0,6
2022-06-07T08:36:14,0,6,0,6
2022-06-07T08:46:38,0,6,0,6
2022-06-07T08:57:02,0,6,0,6
2022-06-07T09:07:27,0,6,0,6
2022-06-07T09:17:52,0,6,0,6
2022-06-07T09:28:16,0,6,0,6
2022-06-07T09:38:40,0,6,0,6
2022-06-07T09:49:05,0,6,0,6
2022-06-07T09:59:29,0,6,0,6
2022-06-07T10:10:04,0,6,0,6
2022-06-07T10:20:38,0,6,0,6
2022-06-07T10:31:02,0,6,0,6
2022-06-07T10:41:27,0,6,0,6
2022-06-07T10:51:52,0,6,0,6
2022-06-07T11:02:17,0,6,0,6
2022-06-07T11:12:43,0,6,0,6
2022-06-07T11:23:08,0,6,0,6
2022-06-07T11:33:32,0,6,0,6
2022-06-07T11:43:57,0,6,0,6
2022-06-07T11:54:22,0,6,0,6
2022-06-07T12:04:47,0,6,0,6
2022-06-07T12:15:11,0,6,0,6
2022-06-07T12:25:46,0,6,0,6
2022-06-07T12:36:10,0,6,0,6
2022-06-07T12:46:34,0,6,0,6
2022-06-07T12:56:57,0,6,0,6
2022-06-07T13:07:22,0,6,0,6
2022-06-07T13:17:47,0,6,0,6
2022-06-07T13:28:16,0,6,0,6
2022-06-07T13:38:46,0,6,0,6
2022-06-07T13:49:26,0,6,0,6
2022-06-07T13:59:55,0,6,0,6
2022-06-07T14:10:24,0,6,0,6
2022-06-07T14:20:53,0,6,0,6
2022-06-07T14:31:20,0,6,0,6
2022-06-07T14:41:51,0,6,0,6
2022-06-07T14:52:24,0,6,0,6
2022-06-07T15:03:08,0,6,0,6
2022-06-07T15:13:37,0,6,0,6
2022-06-07T15:24:09,0,6,0,6
2022-06-07T15:34:43,0,6,0,6
2022-06-07T15:45:15,0,6,0,6
2022-06-07T15:55:44,0,6,0,6
2022-06-07T16:06:22,0,6,0,6
2022-06-07T16:16:51,0,6,0,6
2022-06-07T16:27:20,0,6,0,6
2022-06-07T16:37:49,0,6,0,6
2022-06-07T16:48:17,0,6,0,6
2022-06-07T16:58:43,0,6,0,6
2022-06-07T17:09:09,0,6,0,6
2022-06-07T17:19:34,0,6,0,6
2022-06-07T17:29:57,0,6,0,6
2022-06-07T17:40:21,0,6,0,6
2022-06-07T17:50:44,0,6,0,6
2022-06-07T18:01:07,0,6,0,6
2022-06-07T18:11:30,0,6,0,6
2022-06-07T18:22:04,0,6,0,6
2022-06-07T18:32:27,0,6,0,6
2022-06-07T18:42:50,0,6,0,6
2022-06-07T18:53:13,0,6,0,6
2022-06-07T19:03:36,0,6,0,6
2022-06-07T19:13:59,0,6,0,6
2022-06-07T19:24:22,0,6,0,6
2022-06-07T19:34:45,0,6,0,6
2022-06-07T19:45:07,0,6,0,6
2022-06-07T19:55:30,0,6,0,6
2022-06-07T20:05:53,0,6,0,6
2022-06-07T20:16:17,0,6,0,6
2022-06-07T20:26:40,0,6,0,6
2022-06-07T20:37:03,0,6,0,6
2022-06-07T20:47:26,0,6,0,6
2022-06-07T20:57:58,0,6,0,6
2022-06-07T21:08:21,0,6,0,6
2022-06-07T21:18:43,0,6,0,6
2022-06-07T21:29:06,0,6,0,6
2022-06-07T21:39:29,0,6,0,6
2022-06-07T21:49:52,0,6,0,6
2022-06-07T22:00:15,0,6,0,6
2022-06-07T22:10:38,0,6,0,6
2022-06-07T22:21:01,0,6,0,6
2022-06-07T22:31:23,0,6,0,6
2022-06-07T22:41:46,0,6,0,6
2022-06-07T22:52:11,0,6,0,6
2022-06-07T23:02:34,0,6,0,6
2022-06-07T23:13:11,0,6,0,6
2022-06-07T23:23:34,0,6,0,6
2022-06-07T23:33:56,0,6,0,6
2022-06-07T23:44:19,0,6,0,6
2022-06-07T23:54:41,0,6,0,6
2022-06-08T00:05:05,0,6,0,6
2022-06-08T00:15:32,0,6,0,6
2022-06-08T00:25:57,0,6,0,6
2022-06-08T00:36:21,0,6,0,6
2022-06-08T00:46:46,0,6,0,6
2022-06-08T00:57:12,0,6,0,6
2022-06-08T01:07:37,0,6,0,6
2022-06-08T01:18:02,0,6,0,6
2022-06-08T01:28:27,0,6,0,6
2022-06-08T01:38:51,0,6,0,6
2022-06-08T01:49:15,0,6,0,6
2022-06-08T01:59:38,0,6,0,6
2022-06-08T02:10:02,0,6,0,6
2022-06-08T02:20:26,0,6,0,6
2022-06-08T02:30:58,0,6,0,6
2022-06-08T02:41:23,0,6,0,6
2022-06-08T02:51:47,0,6,0,6
2022-06-08T03:02:11,0,6,0,6
2022-06-08T03:12:34,0,6,0,6
2022-06-08T03:22:56,0,6,0,6
2022-06-08T03:33:19,0,6,0,6
2022-06-08T03:43:42,0,6,0,6
2022-06-08T03:54:06,0,6,0,6
2022-06-08T04:06:57,0,6,0,6
2022-06-08T04:25:47,0,6,0,6
2022-06-08T04:36:34,0,6,0,6
2022-06-08T04:46:59,0,6,0,6
2022-06-08T04:57:24,0,6,0,6
2022-06-08T05:07:50,0,6,0,6
2022-06-08T05:18:14,0,6,0,6
2022-06-08T05:28:40,0,6,0,6
2022-06-08T05:39:05,0,6,0,6
2022-06-08T05:49:30,0,6,0,6
2022-06-08T05:59:54,0,6,0,6
2022-06-08T06:10:24,0,6,0,6
2022-06-08T06:20:52,0,6,0,6
2022-06-08T06:31:20,0,6,0,6
2022-06-08T06:41:49,0,6,0,6
2022-06-08T06:52:19,0,6,0,6
2022-06-08T07:02:50,0,6,0,6
2022-06-08T07:13:22,0,6,0,6
2022-06-08T07:23:50,0,6,0,6
2022-06-08T07:34:18,0,6,0,6
2022-06-08T07:44:48,0,6,0,6
2022-06-08T07:55:18,0,6,0,6
2022-06-08T08:05:43,0,6,0,6
2022-06-08T08:16:15,0,6,0,6
2022-06-08T08:26:46,0,6,0,6
2022-06-08T08:37:17,0,6,0,6
2022-06-08T08:47:48,0,6,0,6
2022-06-08T08:58:20,0,6,0,6
2022-06-08T09:08:50,0,6,0,6
2022-06-08T09:19:21,0,6,0,6
2022-06-08T09:29:52,0,6,0,6
2022-06-08T09:40:22,0,6,0,6
2022-06-08T09:50:50,0,6,0,6
2022-06-08T10:01:19,0,6,0,6
2022-06-08T10:11:55,0,6,0,6
2022-06-08T10:22:20,0,6,0,6
2022-06-08T10:32:45,0,6,0,6
2022-06-08T10:43:09,0,6,0,6
2022-06-08T10:53:34,0,6,0,6
2022-06-08T11:03:58,0,6,0,6
2022-06-08T11:14:23,0,6,0,6
2022-06-08T11:24:49,0,6,0,6
2022-06-08T11:35:14,0,6,0,6
2022-06-08T11:45:39,0,6,0,6
2022-06-08T11:56:03,0,6,0,6
2022-06-08T12:06:28,0,6,0,6
2022-06-08T12:17:05,0,6,0,6
2022-06-08T12:27:29,0,6,0,6
2022-06-08T12:37:52,0,6,0,6
2022-06-08T12:48:17,0,6,0,6
2022-06-08T12:58:42,0,6,0,6
2022-06-08T13:09:07,0,6,0,6
2022-06-08T13:19:31,0,6,0,6
2022-06-08T13:29:56,0,6,0,6
2022-06-08T13:40:21,0,6,0,6
2022-06-08T13:50:46,0,6,0,6
2022-06-08T14:01:12,0,6,0,6
2022-06-08T14:11:50,0,6,0,6
2022-06-08T14:22:14,0,6,0,6
2022-06-08T14:32:39,0,6,0,6
2022-06-08T14:43:04,0,6,0,6
2022-06-08T14:53:29,0,6,0,6
2022-06-08T15:03:53,0,6,0,6
2022-06-08T15:14:18,0,6,0,6
2022-06-08T15:24:54,0,6,0,6
2022-06-08T15:35:18,0,6,0,6
2022-06-08T15:45:43,0,6,0,6
2022-06-08T15:56:07,0,6,0,6
2022-06-08T16:06:31,0,6,0,6
2022-06-08T16:16:55,0,6,0,6
2022-06-08T16:27:19,0,6,0,6
2022-06-08T16:37:44,0,6,0,6
2022-06-08T16:48:09,0,6,0,6
2022-06-08T16:58:33,0,6,0,6
2022-06-08T17:08:58,0,6,0,6
2022-06-08T17:19:33,0,6,0,6
2022-06-08T17:29:56,0,6,0,6
2022-06-08T17:40:20,0,6,0,6
2022-06-08T17:50:44,0,6,0,6
2022-06-08T18:01:07,0,6,0,6
2022-06-08T18:11:30,0,6,0,6
2022-06-08T18:21:54,0,6,0,6
2022-06-08T18:32:17,0,6,0,6
2022-06-08T18:42:40,0,6,0,6
2022-06-08T18:53:05,0,6,0,6
2022-06-08T19:03:28,0,6,0,6
2022-06-08T19:13:51,0,6,0,6
2022-06-08T19:24:14,0,6,0,6
2022-06-08T19:34:48,0,6,0,6
2022-06-08T19:45:11,0,6,0,6
2022-06-08T19:55:34,0,6,0,6
2022-06-08T20:05:57,0,6,0,6
2022-06-08T20:16:21,0,6,0,6
2022-06-08T20:26:44,0,6,0,6
2022-06-08T20:37:07,0,6,0,6
2022-06-08T20:47:30,0,6,0,6
2022-06-08T20:57:54,0,6,0,6
2022-06-08T21:08:18,0,6,0,6
2022-06-08T21:18:41,0,6,0,6
2022-06-08T21:29:04,0,6,0,6
2022-06-08T21:39:28,0,6,0,6
2022-06-08T21:50:00,0,6,0,6
2022-06-08T22:00:24,0,6,0,6
2022-06-08T22:10:47,0,6,0,6
2022-06-08T22:21:10,0,6,0,6
2022-06-08T22:31:33,0,6,0,6
2022-06-08T22:41:57,0,6,0,6
2022-06-08T22:52:22,0,6,0,6
2022-06-08T23:02:45,0,6,0,6
2022-06-08T23:13:09,0,6,0,6
2022-06-08T23:23:32,0,6,0,6
2022-06-08T23:33:56,0,6,0,6
2022-06-08T23:44:19,0,6,0,6
2022-06-08T23:54:42,0,6,0,6
2022-06-09T00:05:06,0,6,0,6
2022-06-09T00:15:34,0,6,0,6
2022-06-09T00:25:59,0,6,0,6
2022-06-09T00:36:32,0,6,0,6
2022-06-09T00:46:57,0,6,0,6
2022-06-09T00:57:21,0,6,0,6
2022-06-09T01:07:45,0,6,0,6
2022-06-09T01:18:10,0,6,0,6
2022-06-09T01:28:34,0,6,0,6
2022-06-09T01:38:59,0,6,0,6
2022-06-09T01:49:23,0,6,0,6
2022-06-09T01:59:47,0,6,0,6
2022-06-09T02:10:11,0,6,0,6
2022-06-09T02:20:35,0,6,0,6
2022-06-09T02:30:58,0,6,0,6
2022-06-09T02:41:21,0,6,0,6
2022-06-09T02:51:44,0,6,0,6
2022-06-09T03:02:07,0,6,0,6
2022-06-09T03:12:30,0,6,0,6
2022-06-09T03:22:52,0,6,0,6
2022-06-09T03:33:14,0,6,0,6
2022-06-09T03:43:38,0,6,0,6
2022-06-09T03:54:02,0,6,0,6
2022-06-09T04:04:26,0,6,0,6
2022-06-09T04:14:50,0,6,0,6
2022-06-09T04:31:12,0,6,0,6
2022-06-09T04:41:45,0,6,0,6
2022-06-09T04:52:11,0,6,0,6
2022-06-09T05:02:38,0,6,0,6
2022-06-09T05:13:04,0,6,0,6
2022-06-09T05:23:29,0,6,0,6
2022-06-09T05:33:53,0,6,0,6
2022-06-09T05:44:17,0,6,0,6
2022-06-09T05:54:41,0,6,0,6
2022-06-09T06:05:06,0,6,0,6
2022-06-09T06:15:30,0,6,0,6
2022-06-09T06:25:55,0,6,0,6
2022-06-09T06:36:20,0,6,0,6
2022-06-09T06:46:45,0,6,0,6
2022-06-09T06:57:09,0,6,0,6
2022-06-09T07:07:34,0,6,0,6
2022-06-09T07:17:59,0,6,0,6
2022-06-09T07:28:24,0,6,0,6
2022-06-09T07:38:52,0,6,0,6
2022-06-09T07:49:18,0,6,0,6
2022-06-09T07:59:47,0,6,0,6
2022-06-09T08:10:12,0,6,0,6
2022-06-09T08:20:36,0,6,0,6
2022-06-09T08:31:01,0,6,0,6
2022-06-09T08:41:25,0,6,0,6
2022-06-09T08:51:48,0,6,0,6
2022-06-09T09:02:13,0,6,0,6
2022-06-09T09:12:37,0,6,0,6
2022-06-09T09:23:01,0,6,0,6
2022-06-09T09:33:26,0,6,0,6
2022-06-09T09:43:50,0,6,0,6
2022-06-09T09:54:15,0,6,0,6
2022-06-09T10:04:40,0,6,0,6
2022-06-09T10:15:06,0,6,0,6
2022-06-09T10:25:30,0,6,0,6
2022-06-09T10:36:05,0,6,0,6
2022-06-09T10:46:30,0,6,0,6
2022-06-09T10:56:55,0,6,0,6
2022-06-09T11:07:19,0,6,0,6
2022-06-09T11:17:44,0,6,0,6
2022-06-09T11:28:09,0,6,0,6
2022-06-09T11:38:34,0,6,0,6
2022-06-09T11:48:58,0,6,0,6
2022-06-09T11:59:22,0,6,0,6
2022-06-09T12:09:46,0,6,0,6
2022-06-09T12:20:10,0,6,0,6
2022-06-09T12:30:46,0,6,0,6
2022-06-09T12:41:16,0,6,0,6
2022-06-09T12:51:50,0,6,0,6
2022-06-09T13:02:25,0,6,0,6
2022-06-09T13:13:03,0,6,0,6
2022-06-09T13:23:41,0,6,0,6
2022-06-09T13:34:15,0,6,0,6
2022-06-09T13:45:05,0,6,0,6
2022-06-09T13:55:43,0,6,0,6
2022-06-09T14:06:20,0,6,0,6
2022-06-09T14:16:56,0,6,0,6
2022-06-09T14:27:30,0,6,0,6
2022-06-09T14:38:02,0,6,0,6
2022-06-09T14:48:34,0,6,0,6
2022-06-09T14:59:07,0,6,0,6
2022-06-09T15:09:39,0,6,0,6
2022-06-09T15:20:22,0,6,0,6
2022-06-09T15:30:52,0,6,0,6
2022-06-09T15:41:21,0,6,0,6
2022-06-09T15:51:50,0,6,0,6
2022-06-09T16:02:16,0,6,0,6
2022-06-09T16:12:50,0,6,0,6
2022-06-09T16:23:15,0,6,0,6
2022-06-09T16:33:39,0,6,0,6
2022-06-09T16:44:08,0,6,0,6
2022-06-09T16:54:34,0,6,0,6
2022-06-09T17:04:59,0,6,0,6
2022-06-09T17:15:25,0,6,0,6
2022-06-09T17:25:51,0,6,0,6
2022-06-09T17:36:20,0,6,0,6
2022-06-09T17:47:00,0,6,0,6
2022-06-09T17:57:29,0,6,0,6
2022-06-09T18:07:58,0,6,0,6
2022-06-09T18:18:27,0,6,0,6
2022-06-09T18:28:54,0,6,0,6
2022-06-09T18:39:23,0,6,0,6
2022-06-09T18:49:52,0,6,0,6
2022-06-09T19:00:22,0,6,0,6
2022-06-09T19:10:54,0,6,0,6
2022-06-09T19:21:29,0,6,0,6
2022-06-09T19:32:12,0,6,0,6
2022-06-09T19:43:01,0,6,0,6
2022-06-09T19:53:32,0,6,0,6
2022-06-09T20:04:01,0,6,0,6
2022-06-09T20:14:32,0,6,0,6
2022-06-09T20:25:01,0,6,0,6
2022-06-09T20:35:31,0,6,0,6
2022-06-09T20:46:00,0,6,0,6
2022-06-09T20:56:28,0,6,0,6
2022-06-09T21:06:55,0,6,0,6
2022-06-09T21:17:20,0,6,0,6
2022-06-09T21:27:44,0,6,0,6
2022-06-09T21:38:09,0,6,0,6
2022-06-09T21:48:32,0,6,0,6
2022-06-09T21:58:57,0,6,0,6
2022-06-09T22:09:21,0,6,0,6
2022-06-09T22:19:45,0,6,0,6
2022-06-09T22:30:20,0,6,0,6
2022-06-09T22:40:45,0,6,0,6
2022-06-09T22:51:09,0,6,0,6
2022-06-09T23:01:33,0,6,0,6
2022-06-09T23:11:58,0,6,0,6
2022-06-09T23:22:22,0,6,0,6
2022-06-09T23:32:47,0,6,0,6
2022-06-09T23:43:12,0,6,0,6
2022-06-09T23:53:36,0,6,0,6
2022-06-10T00:04:01,0,6,0,6
2022-06-10T00:14:27,0,6,0,6
2022-06-10T00:24:55,0,6,0,6
2022-06-10T00:35:21,0,6,0,6
2022-06-10T00:45:47,0,6,0,6
2022-06-10T00:56:13,0,6,0,6
2022-06-10T01:06:51,0,6,0,6
2022-06-10T01:17:17,0,6,0,6
2022-06-10T01:27:45,0,6,0,6
2022-06-10T01:38:11,0,6,0,6
2022-06-10T01:48:37,0,6,0,6
2022-06-10T01:59:02,0,6,0,6
2022-06-10T02:09:27,0,6,0,6
2022-06-10T02:19:54,0,6,0,6
2022-06-10T02:30:30,0,6,0,6
2022-06-10T02:40:56,0,6,0,6
2022-06-10T02:51:22,0,6,0,6
2022-06-10T03:01:46,0,6,0,6
2022-06-10T03:12:11,0,6,0,6
2022-06-10T03:22:35,0,6,0,6
2022-06-10T03:33:00,0,6,0,6
2022-06-10T03:43:25,0,6,0,6
2022-06-10T03:53:50,0,6,0,6
2022-06-10T04:04:16,0,6,0,6
2022-06-10T04:14:42,0,6,0,6
2022-06-10T04:30:26,0,6,0,6
2022-06-10T04:41:11,0,6,0,6
2022-06-10T04:51:38,0,6,0,6
2022-06-10T05:02:05,0,6,0,6
2022-06-10T05:12:32,0,6,0,6
2022-06-10T05:22:59,0,6,0,6
2022-06-10T05:33:24,0,6,0,6
2022-06-10T05:43:50,0,6,0,6
2022-06-10T05:54:16,0,6,0,6
2022-06-10T06:04:42,0,6,0,6
2022-06-10T06:15:07,0,6,0,6
2022-06-10T06:25:35,0,6,0,6
2022-06-10T06:36:01,0,6,0,6
2022-06-10T06:46:24,0,6,0,6
2022-06-10T06:56:48,0,6,0,6
2022-06-10T07:07:13,0,6,0,6
2022-06-10T07:17:37,0,6,0,6
2022-06-10T07:28:01,0,6,0,6
2022-06-10T07:38:26,0,6,0,6
2022-06-10T07:48:51,0,6,0,6
2022-06-10T07:59:15,0,6,0,6
2022-06-10T08:09:40,0,6,0,6
2022-06-10T08:20:04,0,6,0,6
2022-06-10T08:30:29,0,6,0,6
2022-06-10T08:40:55,0,6,0,6
2022-06-10T08:51:20,0,6,0,6
2022-06-10T09:01:45,0,6,0,6
2022-06-10T09:12:11,0,6,0,6
2022-06-10T09:22:55,0,6,0,6
2022-06-10T09:33:21,0,6,0,6
2022-06-10T09:43:48,0,6,0,6
2022-06-10T09:54:16,0,6,0,6
2022-06-10T10:04:46,0,6,0,6
2022-06-10T10:15:15,0,6,0,6
2022-06-10T10:25:47,0,6,0,6
2022-06-10T10:36:18,0,6,0,6
2022-06-10T10:46:51,0,6,0,6
2022-06-10T10:57:20,0,6,0,6
2022-06-10T11:08:06,0,6,0,6
2022-06-10T11:18:46,0,6,0,6
2022-06-10T11:29:25,0,6,0,6
2022-06-10T11:40:07,0,6,0,6
2022-06-10T11:50:50,0,6,0,6
2022-06-10T12:01:28,0,6,0,6
2022-06-10T12:12:00,0,6,0,6
2022-06-10T12:22:29,0,6,0,6
2022-06-10T12:33:02,0,6,0,6
2022-06-10T12:43:41,0,6,0,6
2022-06-10T12:54:11,0,6,0,6
2022-06-10T13:04:40,0,6,0,6
2022-06-10T13:15:06,0,6,0,6
2022-06-10T13:25:32,0,6,0,6
2022-06-10T13:35:59,0,6,0,6
2022-06-10T13:46:26,0,6,0,6
2022-06-10T13:57:02,0,6,0,6
2022-06-10T14:07:28,0,6,0,6
2022-06-10T14:17:55,0,6,0,6
2022-06-10T14:28:21,0,6,0,6
2022-06-10T14:38:47,0,6,0,6
2022-06-10T14:49:14,0,6,0,6
2022-06-10T14:59:44,0,6,0,6
2022-06-10T15:10:10,0,6,0,6
2022-06-10T15:20:35,0,6,0,6
2022-06-10T15:31:11,0,6,0,6
2022-06-10T15:41:37,0,6,0,6
2022-06-10T15:52:03,0,6,0,6
2022-06-10T16:02:29,0,6,0,6
2022-06-10T16:12:55,0,6,0,6
2022-06-10T16:23:20,0,6,0,6
2022-06-10T16:33:46,0,6,0,6
2022-06-10T16:44:30,0,6,0,6
2022-06-10T16:54:56,0,6,0,6
2022-06-10T17:05:21,0,6,0,6
2022-06-10T17:15:47,0,6,0,6
2022-06-10T17:26:13,0,6,0,6
2022-06-10T17:36:38,0,6,0,6
2022-06-10T17:47:03,0,6,0,6
2022-06-10T17:57:28,0,6,0,6
2022-06-10T18:07:53,0,6,0,6
2022-06-10T18:18:18,0,6,0,6
2022-06-10T18:28:53,0,6,0,6
2022-06-10T18:39:18,0,6,0,6
2022-06-10T18:49:43,0,6,0,6
2022-06-10T19:00:07,0,6,0,6
2022-06-10T19:10:31,0,6,0,6
2022-06-10T19:20:56,0,6,0,6
2022-06-10T19:31:21,0,6,0,6
2022-06-10T19:41:46,0,6,0,6
2022-06-10T19:52:10,0,6,0,6
2022-06-10T20:02:35,0,6,0,6
2022-06-10T20:13:00,0,6,0,6
2022-06-10T20:23:25,0,6,0,6
2022-06-10T20:34:07,0,6,0,6
2022-06-10T20:44:32,0,6,0,6
2022-06-10T20:54:56,0,6,0,6
2022-06-10T21:05:21,0,6,0,6
2022-06-10T21:15:45,0,6,0,6
2022-06-10T21:26:10,0,6,0,6
2022-06-10T21:36:35,0,6,0,6
2022-06-10T21:46:59,0,6,0,6
2022-06-10T21:57:24,0,6,0,6
2022-06-10T22:07:49,0,6,0,6
2022-06-10T22:18:14,0,6,0,6
2022-06-10T22:28:39,0,6,0,6
2022-06-10T22:39:14,0,6,0,6
2022-06-10T22:49:41,0,6,0,6
2022-06-10T23:00:06,0,6,0,6
2022-06-10T23:10:31,0,6,0,6
2022-06-10T23:20:57,0,6,0,6
2022-06-10T23:31:22,0,6,0,6
2022-06-10T23:41:47,0,6,0,6
2022-06-10T23:52:11,0,6,0,6
2022-06-11T00:02:37,0,6,0,6
2022-06-11T00:13:04,0,6,0,6
2022-06-11T00:23:32,0,6,0,6
2022-06-11T00:33:58,0,6,0,6
2022-06-11T00:44:25,0,6,0,6
2022-06-11T00:54:51,0,6,0,6
2022-06-11T01:05:31,0,6,0,6
2022-06-11T01:15:58,0,6,0,6
2022-06-11T01:26:26,0,6,0,6
2022-06-11T01:36:53,0,6,0,6
2022-06-11T01:47:19,0,6,0,6
2022-06-11T01:57:45,0,6,0,6
2022-06-11T02:08:11,0,6,0,6
2022-06-11T02:18:35,0,6,0,6
2022-06-11T02:28:59,0,6,0,6
2022-06-11T02:39:24,0,6,0,6
2022-06-11T02:49:49,0,6,0,6
2022-06-11T03:00:14,0,6,0,6
2022-06-11T03:10:40,0,6,0,6
2022-06-11T03:21:04,0,6,0,6
2022-06-11T03:31:29,0,6,0,6
2022-06-11T03:41:53,0,6,0,6
2022-06-11T03:52:19,0,6,0,6
2022-06-11T04:02:44,0,6,0,6
2022-06-11T04:26:10,0,6,0,6
2022-06-11T04:36:59,0,6,0,6
2022-06-11T04:47:27,0,6,0,6
2022-06-11T04:57:54,0,6,0,6
2022-06-11T05:08:19,0,6,0,6
2022-06-11T05:18:44,0,6,0,6
2022-06-11T05:29:09,0,6,0,6
2022-06-11T05:39:34,0,6,0,6
2022-06-11T05:50:18,0,6,0,6
2022-06-11T06:00:45,0,6,0,6
2022-06-11T06:11:12,0,6,0,6
2022-06-11T06:21:38,0,6,0,6
2022-06-11T06:32:05,0,6,0,6
2022-06-11T06:42:31,0,6,0,6
2022-06-11T06:52:57,0,6,0,6
2022-06-11T07:03:24,0,6,0,6
2022-06-11T07:13:50,0,6,0,6
2022-06-11T07:24:17,0,6,0,6
2022-06-11T07:34:43,0,6,0,6
2022-06-11T07:45:10,0,6,0,6
2022-06-11T07:55:37,0,6,0,6
2022-06-11T08:06:04,0,6,0,6
2022-06-11T08:16:30,0,6,0,6
2022-06-11T08:26:57,0,6,0,6
2022-06-11T08:37:23,0,6,0,6
2022-06-11T08:47:50,0,6,0,6
2022-06-11T08:58:16,0,6,0,6
2022-06-11T09:08:43,0,6,0,6
2022-06-11T09:19:09,0,6,0,6
2022-06-11T09:29:36,0,6,0,6
2022-06-11T09:40:02,0,6,0,6
2022-06-11T09:50:29,0,6,0,6
2022-06-11T10:00:55,0,6,0,6
2022-06-11T10:11:24,0,6,0,6
2022-06-11T10:21:50,0,6,0,6
2022-06-11T10:32:24,0,6,0,6
2022-06-11T10:42:49,0,6,0,6
2022-06-11T10:53:15,0,6,0,6
2022-06-11T11:03:42,0,6,0,6
2022-06-11T11:14:08,0,6,0,6
2022-06-11T11:24:34,0,6,0,6
2022-06-11T11:35:00,0,6,0,6
2022-06-11T11:45:24,0,6,0,6
2022-06-11T11:55:49,0,6,0,6
2022-06-11T12:06:14,0,6,0,6
2022-06-11T12:16:40,0,6,0,6
2022-06-11T12:27:04,0,6,0,6
2022-06-11T12:37:41,0,6,0,6
2022-06-11T12:48:06,0,6,0,6
2022-06-11T12:58:30,0,6,0,6
2022-06-11T13:08:55,0,6,0,6
2022-06-11T13:19:19,0,6,0,6
2022-06-11T13:29:44,0,6,0,6
2022-06-11T13:40:09,0,6,0,6
2022-06-11T13:50:33,0,6,0,6
2022-06-11T14:00:58,0,6,0,6
2022-06-11T14:11:23,0,6,0,6
2022-06-11T14:21:47,0,6,0,6
2022-06-11T14:32:12,0,6,0,6
2022-06-11T14:42:36,0,6,0,6
2022-06-11T14:53:09,0,6,0,6
2022-06-11T15:03:33,0,6,0,6
2022-06-11T15:13:57,0,6,0,6
2022-06-11T15:24:22,0,6,0,6
2022-06-11T15:34:46,0,6,0,6
2022-06-11T15:45:10,0,6,0,6
2022-06-11T15:55:35,0,6,0,6
2022-06-11T16:05:59,0,6,0,6
2022-06-11T16:16:23,0,6,0,6
2022-06-11T16:26:57,0,6,0,6
2022-06-11T16:37:22,0,6,0,6
2022-06-11T16:47:46,0,6,0,6
2022-06-11T16:58:10,0,6,0,6
2022-06-11T17:08:35,0,6,0,6
2022-06-11T17:19:00,0,6,0,6
2022-06-11T17:29:24,0,6,0,6
2022-06-11T17:39:48,0,6,0,6
2022-06-11T17:50:23,0,6,0,6
2022-06-11T18:00:47,0,6,0,6
2022-06-11T18:11:11,0,6,0,6
2022-06-11T18:21:36,0,6,0,6
2022-06-11T18:32:00,0,6,0,6
2022-06-11T18:42:24,0,6,0,6
2022-06-11T18:52:48,0,6,0,6
2022-06-11T19:03:12,0,6,0,6
2022-06-11T19:13:48,0,6,0,6
2022-06-11T19:24:12,0,6,0,6
2022-06-11T19:34:36,0,6,0,6
2022-06-11T19:45:00,0,6,0,6
2022-06-11T19:55:25,0,6,0,6
2022-06-11T20:05:49,0,6,0,6
2022-06-11T20:16:13,0,6,0,6
2022-06-11T20:26:37,0,6,0,6
2022-06-11T20:37:01,0,6,0,6
2022-06-11T20:47:25,0,6,0,6
2022-06-11T20:57:59,0,6,0,6
2022-06-11T21:08:23,0,6,0,6
2022-06-11T21:18:47,0,6,0,6
2022-06-11T21:29:11,0,6,0,6
2022-06-11T21:39:35,0,6,0,6
2022-06-11T21:50:00,0,6,0,6
2022-06-11T22:00:24,0,6,0,6
2022-06-11T22:10:55,0,6,0,6
2022-06-11T22:21:27,0,6,0,6
2022-06-11T22:31:56,0,6,0,6
2022-06-11T22:42:34,0,6,0,6
2022-06-11T22:53:03,0,6,0,6
2022-06-11T23:03:33,0,6,0,6
2022-06-11T23:14:06,0,6,0,6
2022-06-11T23:24:38,0,6,0,6
2022-06-11T23:35:09,0,6,0,6
2022-06-11T23:45:41,0,6,0,6
2022-06-11T23:56:12,0,6,0,6
2022-06-12T00:06:44,0,6,0,6
2022-06-12T00:17:20,0,6,0,6
2022-06-12T00:27:52,0,6,0,6
2022-06-12T00:38:25,0,6,0,6
2022-06-12T00:49:08,0,6,0,6
2022-06-12T00:59:40,0,6,0,6
2022-06-12T01:10:13,0,6,0,6
2022-06-12T01:20:43,0,6,0,6
2022-06-12T01:31:11,0,6,0,6
2022-06-12T01:41:40,0,6,0,6
2022-06-12T01:52:05,0,6,0,6
2022-06-12T02:02:46,0,6,0,6
2022-06-12T02:13:11,0,6,0,6
2022-06-12T02:23:36,0,6,0,6
2022-06-12T02:34:01,0,6,0,6
2022-06-12T02:44:26,0,6,0,6
2022-06-12T02:55:00,0,6,0,6
2022-06-12T03:05:25,0,6,0,6
2022-06-12T03:15:49,0,6,0,6
2022-06-12T03:26:14,0,6,0,6
2022-06-12T03:36:38,0,6,0,6
2022-06-12T03:47:04,0,6,0,6
2022-06-12T03:57:30,0,6,0,6
2022-06-12T04:17:02,0,6,0,6
2022-06-12T04:27:53,0,6,0,6
2022-06-12T04:38:21,0,6,0,6
2022-06-12T04:48:48,0,6,0,6
2022-06-12T04:59:14,0,6,0,6
2022-06-12T05:09:41,0,6,0,6
2022-06-12T05:20:08,0,6,0,6
2022-06-12T05:30:34,0,6,0,6
2022-06-12T05:41:00,0,6,0,6
2022-06-12T05:51:26,0,6,0,6
2022-06-12T06:01:54,0,6,0,6
2022-06-12T06:12:19,0,6,0,6
2022-06-12T06:22:45,0,6,0,6
2022-06-12T06:33:10,0,6,0,6
2022-06-12T06:43:35,0,6,0,6
2022-06-12T06:54:14,0,6,0,6
2022-06-12T07:04:38,0,6,0,6
2022-06-12T07:15:03,0,6,0,6
2022-06-12T07:25:27,0,6,0,6
2022-06-12T07:35:52,0,6,0,6
2022-06-12T07:46:16,0,6,0,6
2022-06-12T07:56:41,0,6,0,6
2022-06-12T08:07:05,0,6,0,6
2022-06-12T08:17:29,0,6,0,6
2022-06-12T08:27:54,0,6,0,6
2022-06-12T08:38:31,0,6,0,6
2022-06-12T08:48:55,0,6,0,6
2022-06-12T08:59:20,0,6,0,6
2022-06-12T09:09:46,0,6,0,6
2022-06-12T09:20:10,0,6,0,6
2022-06-12T09:30:35,0,6,0,6
2022-06-12T09:41:02,0,6,0,6
2022-06-12T09:51:28,0,6,0,6
2022-06-12T10:01:55,0,6,0,6
2022-06-12T10:12:30,0,6,0,6
2022-06-12T10:22:56,0,6,0,6
2022-06-12T10:33:22,0,6,0,6
2022-06-12T10:43:49,0,6,0,6
2022-06-12T10:54:15,0,6,0,6
2022-06-12T11:04:42,0,6,0,6
2022-06-12T11:15:07,0,6,0,6
2022-06-12T11:25:32,0,6,0,6
2022-06-12T11:36:08,0,6,0,6
2022-06-12T11:46:32,0,6,0,6
2022-06-12T11:56:57,0,6,0,6
2022-06-12T12:07:21,0,6,0,6
2022-06-12T12:17:46,0,6,0,6
2022-06-12T12:28:11,0,6,0,6
2022-06-12T12:38:36,0,6,0,6
2022-06-12T12:49:19,0,6,0,6
2022-06-12T12:59:43,0,6,0,6
2022-06-12T13:10:08,0,6,0,6
2022-06-12T13:20:32,0,6,0,6
2022-06-12T13:30:57,0,6,0,6
2022-06-12T13:41:22,0,6,0,6
2022-06-12T13:51:46,0,6,0,6
2022-06-12T14:02:10,0,6,0,6
2022-06-12T14:12:46,0,6,0,6
2022-06-12T14:23:10,0,6,0,6
2022-06-12T14:33:34,0,6,0,6
2022-06-12T14:43:59,0,6,0,6
2022-06-12T14:54:23,0,6,0,6
2022-06-12T15:04:47,0,6,0,6
2022-06-12T15:15:12,0,6,0,6
2022-06-12T15:25:47,0,6,0,6
2022-06-12T15:36:12,0,6,0,6
2022-06-12T15:46:37,0,6,0,6
2022-06-12T15:57:01,0,6,0,6
2022-06-12T16:07:26,0,6,0,6
2022-06-12T16:18:12,0,6,0,6
2022-06-12T16:28:36,0,6,0,6
2022-06-12T16:39:01,0,6,0,6
2022-06-12T16:49:26,0,6,0,6
2022-06-12T16:59:50,0,6,0,6
2022-06-12T17:10:33,0,6,0,6
2022-06-12T17:20:58,0,6,0,6
2022-06-12T17:31:23,0,6,0,6
2022-06-12T17:41:48,0,6,0,6
2022-06-12T17:52:12,0,6,0,6
2022-06-12T18:02:36,0,6,0,6
2022-06-12T18:13:12,0,6,0,6
2022-06-12T18:23:36,0,6,0,6
2022-06-12T18:34:01,0,6,0,6
2022-06-12T18:44:26,0,6,0,6
2022-06-12T18:54:50,0,6,0,6
2022-06-12T19:05:15,0,6,0,6
2022-06-12T19:15:39,0,6,0,6
2022-06-12T19:26:04,0,6,0,6
2022-06-12T19:36:39,0,6,0,6
2022-06-12T19:47:03,0,6,0,6
2022-06-12T19:57:28,0,6,0,6
2022-06-12T20:07:52,0,6,0,6
2022-06-12T20:18:17,0,6,0,6
2022-06-12T20:28:53,0,6,0,6
2022-06-12T20:39:18,0,6,0,6
2022-06-12T20:49:43,0,6,0,6
2022-06-12T21:00:07,0,6,0,6
2022-06-12T21:10:32,0,6,0,6
2022-06-12T21:21:08,0,6,0,6
2022-06-12T21:31:32,0,6,0,6
2022-06-12T21:41:57,0,6,0,6
2022-06-12T21:52:22,0,6,0,6
2022-06-12T22:02:46,0,6,0,6
2022-06-12T22:13:22,0,6,0,6
2022-06-12T22:23:47,0,6,0,6
2022-06-12T22:34:13,0,6,0,6
2022-06-12T22:44:38,0,6,0,6
2022-06-12T22:55:03,0,6,0,6
2022-06-12T23:05:29,0,6,0,6
2022-06-12T23:15:57,0,6,0,6
2022-06-12T23:26:34,0,6,0,6
2022-06-12T23:37:02,0,6,0,6
2022-06-12T23:47:32,0,6,0,6
2022-06-12T23:58:01,0,6,0,6
2022-06-13T00:08:30,0,6,0,6
2022-06-13T00:19:07,0,6,0,6
2022-06-13T00:29:38,0,6,0,6
2022-06-13T00:40:23,0,6,0,6
2022-06-13T00:50:53,0,6,0,6
2022-06-13T01:01:25,0,6,0,6
2022-06-13T01:12:04,0,6,0,6
2022-06-13T01:22:36,0,6,0,6
2022-06-13T01:33:13,0,6,0,6
2022-06-13T01:43:50,0,6,0,6
2022-06-13T01:54:27,0,6,0,6
2022-06-13T02:05:35,0,6,0,6
2022-06-13T02:16:11,0,6,0,6
2022-06-13T02:26:44,0,6,0,6
2022-06-13T02:37:18,0,6,0,6
2022-06-13T02:47:53,0,6,0,6
2022-06-13T02:58:23,0,6,0,6
2022-06-13T03:08:50,0,6,0,6
2022-06-13T03:19:16,0,6,0,6
2022-06-13T03:29:42,0,6,0,6
2022-06-13T03:40:07,0,6,0,6
2022-06-13T03:50:32,0,6,0,6
2022-06-13T04:03:11,0,6,0,6
2022-06-13T04:23:06,0,6,0,6
2022-06-13T04:33:56,0,6,0,6
2022-06-13T04:44:24,0,6,0,6
2022-06-13T04:54:50,0,6,0,6
2022-06-13T05:05:18,0,6,0,6
2022-06-13T05:15:45,0,6,0,6
2022-06-13T05:26:11,0,6,0,6
2022-06-13T05:36:37,0,6,0,6
2022-06-13T05:47:04,0,6,0,6
2022-06-13T05:57:30,0,6,0,6
2022-06-13T06:07:56,0,6,0,6
2022-06-13T06:18:22,0,6,0,6
2022-06-13T06:28:49,0,6,0,6
2022-06-13T06:39:15,0,6,0,6
2022-06-13T06:49:40,0,6,0,6
2022-06-13T07:00:05,0,6,0,6
2022-06-13T07:10:35,0,6,0,6
2022-06-13T07:20:59,0,6,0,6
2022-06-13T07:31:24,0,6,0,6
2022-06-13T07:41:50,0,6,0,6
2022-06-13T07:52:14,0,6,0,6
2022-06-13T08:02:50,0,6,0,6
2022-06-13T08:13:16,0,6,0,6
2022-06-13T08:23:43,0,6,0,6
2022-06-13T08:34:09,0,6,0,6
2022-06-13T08:44:35,0,6,0,6
2022-06-13T08:55:02,0,6,0,6
2022-06-13T09:05:30,0,6,0,6
2022-06-13T09:15:56,0,6,0,6
2022-06-13T09:26:35,0,6,0,6
2022-06-13T09:37:03,0,6,0,6
2022-06-13T09:47:32,0,6,0,6
2022-06-13T09:58:00,0,6,0,6
2022-06-13T10:08:30,0,6,0,6
2022-06-13T10:18:58,0,6,0,6
2022-06-13T10:29:36,0,6,0,6
2022-06-13T10:40:04,0,6,0,6
2022-06-13T10:50:31,0,6,0,6
2022-06-13T11:00:59,0,6,0,6
2022-06-13T11:11:29,0,6,0,6
2022-06-13T11:21:57,0,6,0,6
2022-06-13T11:32:35,0,6,0,6
2022-06-13T11:43:03,0,6,0,6
2022-06-13T11:53:31,0,6,0,6
2022-06-13T12:04:01,0,6,0,6
2022-06-13T12:14:28,0,6,0,6
2022-06-13T12:25:06,0,6,0,6
2022-06-13T12:35:33,0,6,0,6
2022-06-13T12:46:00,0,6,0,6
2022-06-13T12:56:30,0,6,0,6
2022-06-13T13:06:58,0,6,0,6
2022-06-13T13:17:38,0,6,0,6
2022-06-13T13:28:05,0,6,0,6
2022-06-13T13:38:33,0,6,0,6
2022-06-13T13:49:03,0,6,0,6
2022-06-13T13:59:35,0,6,0,6
2022-06-13T14:10:05,0,6,0,6
2022-06-13T14:20:47,0,6,0,6
2022-06-13T14:31:20,0,6,0,6
2022-06-13T14:41:55,0,6,0,6
2022-06-13T14:52:26,0,6,0,6
2022-06-13T15:03:00,0,6,0,6
2022-06-13T15:13:33,0,6,0,6
2022-06-13T15:24:05,0,6,0,6
2022-06-13T15:34:53,0,6,0,6
2022-06-13T15:45:28,0,6,0,6
2022-06-13T15:56:03,0,6,0,6
2022-06-13T16:06:36,0,6,0,6
2022-06-13T16:17:05,0,6,0,6
2022-06-13T16:27:53,0,6,0,6
2022-06-13T16:38:25,0,6,0,6
2022-06-13T16:48:59,0,6,0,6
2022-06-13T16:59:34,0,6,0,6
2022-06-13T17:10:06,0,6,0,6
2022-06-13T17:20:51,0,6,0,6
2022-06-13T17:31:25,0,6,0,6
2022-06-13T17:41:57,0,6,0,6
2022-06-13T17:52:30,0,6,0,6
2022-06-13T18:02:59,0,6,0,6
2022-06-13T18:13:40,0,6,0,6
2022-06-13T18:24:08,0,6,0,6
2022-06-13T18:34:33,0,6,0,6
2022-06-13T18:45:02,0,6,0,6
2022-06-13T18:55:28,0,6,0,6
2022-06-13T19:06:07,0,6,0,6
2022-06-13T19:16:33,0,6,0,6
2022-06-13T19:27:02,0,6,0,6
2022-06-13T19:37:28,0,6,0,6
2022-06-13T19:48:06,0,6,0,6
2022-06-13T19:58:32,0,6,0,6
2022-06-13T20:08:57,0,6,0,6
2022-06-13T20:19:23,0,6,0,6
2022-06-13T20:29:51,0,6,0,6
2022-06-13T20:40:17,0,6,0,6
2022-06-13T20:50:55,0,6,0,6
2022-06-13T21:01:21,0,6,0,6
2022-06-13T21:11:50,0,6,0,6
2022-06-13T21:22:16,0,6,0,6
2022-06-13T21:32:54,0,6,0,6
2022-06-13T21:43:20,0,6,0,6
2022-06-13T21:53:46,0,6,0,6
2022-06-13T22:04:15,0,6,0,6
2022-06-13T22:14:41,0,6,0,6
2022-06-13T22:25:20,0,6,0,6
2022-06-13T22:35:46,0,6,0,6
2022-06-13T22:46:13,0,6,0,6
2022-06-13T22:56:38,0,6,0,6
2022-06-13T23:07:07,0,6,0,6
2022-06-13T23:17:34,0,6,0,6
2022-06-13T23:28:11,0,6,0,6
2022-06-13T23:38:38,0,6,0,6
2022-06-13T23:49:04,0,6,0,6
2022-06-13T23:59:29,0,6,0,6
2022-06-14T00:09:59,0,6,0,6
2022-06-14T00:20:29,0,6,0,6
2022-06-14T00:31:11,0,6,0,6
2022-06-14T00:41:39,0,6,0,6
2022-06-14T00:52:06,0,6,0,6
2022-06-14T01:02:34,0,6,0,6
2022-06-14T01:13:04,0,6,0,6
2022-06-14T01:23:32,0,6,0,6
2022-06-14T01:34:14,0,6,0,6
2022-06-14T01:44:41,0,6,0,6
2022-06-14T01:55:09,0,6,0,6
2022-06-14T02:05:36,0,6,0,6
2022-06-14T02:16:02,0,6,0,6
2022-06-14T02:26:27,0,6,0,6
2022-06-14T02:36:52,0,6,0,6
2022-06-14T02:47:20,0,6,0,6
2022-06-14T02:57:44,0,6,0,6
2022-06-14T03:08:09,0,6,0,6
2022-06-14T03:18:34,0,6,0,6
2022-06-14T03:28:58,0,6,0,6
2022-06-14T03:39:35,0,6,0,6
2022-06-14T03:50:00,0,6,0,6
2022-06-14T04:00:26,0,6,0,6
2022-06-14T04:23:02,0,6,0,6
2022-06-14T04:33:55,0,6,0,6
2022-06-14T04:44:25,0,6,0,6
2022-06-14T04:54:53,0,6,0,6
2022-06-14T05:05:21,0,6,0,6
2022-06-14T05:15:49,0,6,0,6
2022-06-14T05:26:16,0,6,0,6
2022-06-14T05:36:42,0,6,0,6
2022-06-14T05:47:11,0,6,0,6
2022-06-14T05:57:37,0,6,0,6
2022-06-14T06:08:04,0,6,0,6
2022-06-14T06:18:31,0,6,0,6
2022-06-14T06:29:07,0,6,0,6
2022-06-14T06:39:34,0,6,0,6
2022-06-14T06:50:00,0,6,0,6
2022-06-14T07:00:27,0,6,0,6
2022-06-14T07:10:57,0,6,0,6
2022-06-14T07:21:23,0,6,0,6
2022-06-14T07:31:50,0,6,0,6
2022-06-14T07:42:19,0,6,0,6
2022-06-14T07:52:57,0,6,0,6
2022-06-14T08:03:24,0,6,0,6
2022-06-14T08:13:51,0,6,0,6
2022-06-14T08:24:19,0,6,0,6
2022-06-14T08:34:46,0,6,0,6
2022-06-14T08:45:14,0,6,0,6
2022-06-14T08:55:52,0,6,0,6
2022-06-14T09:06:21,0,6,0,6
2022-06-14T09:16:52,0,6,0,6
2022-06-14T09:27:22,0,6,0,6
2022-06-14T09:37:52,0,6,0,6
2022-06-14T09:48:33,0,6,0,6
2022-06-14T09:59:03,0,6,0,6
2022-06-14T10:09:33,0,6,0,6
2022-06-14T10:20:04,0,6,0,6
2022-06-14T10:30:33,0,6,0,6
2022-06-14T10:41:15,0,6,0,6
2022-06-14T10:51:44,0,6,0,6
2022-06-14T11:02:13,0,6,0,6
2022-06-14T11:12:41,0,6,0,6
2022-06-14T11:23:23,0,6,0,6
2022-06-14T11:33:52,0,6,0,6
2022-06-14T11:44:22,0,6,0,6
2022-06-14T11:54:51,0,6,0,6
2022-06-14T12:05:32,0,6,0,6
2022-06-14T12:16:01,0,6,0,6
2022-06-14T12:26:30,0,6,0,6
2022-06-14T12:36:59,0,6,0,6
2022-06-14T12:47:39,0,6,0,6
2022-06-14T12:58:07,0,6,0,6
2022-06-14T13:08:36,0,6,0,6
2022-06-14T13:19:16,0,6,0,6
2022-06-14T13:29:45,0,6,0,6
2022-06-14T13:40:13,0,6,0,6
2022-06-14T13:50:42,0,6,0,6
2022-06-14T14:01:10,0,6,0,6
2022-06-14T14:11:51,0,6,0,6
2022-06-14T14:22:19,0,6,0,6
2022-06-14T14:32:48,0,6,0,6
2022-06-14T14:43:30,0,6,0,6
2022-06-14T14:53:59,0,6,0,6
2022-06-14T15:04:27,0,6,0,6
2022-06-14T15:15:08,0,6,0,6
2022-06-14T15:25:36,0,6,0,6
2022-06-14T15:36:05,0,6,0,6
2022-06-14T15:46:33,0,6,0,6
2022-06-14T15:57:12,0,6,0,6
2022-06-14T16:07:40,0,6,0,6
2022-06-14T16:18:08,0,6,0,6
2022-06-14T16:28:35,0,6,0,6
2022-06-14T16:39:13,0,6,0,6
2022-06-14T16:49:39,0,6,0,6
2022-06-14T17:00:07,0,6,0,6
2022-06-14T17:10:34,0,6,0,6
2022-06-14T17:21:13,0,6,0,6
2022-06-14T17:31:40,0,6,0,6
2022-06-14T17:42:07,0,6,0,6
2022-06-14T17:52:33,0,6,0,6
2022-06-14T18:03:00,0,6,0,6
2022-06-14T18:13:40,0,6,0,6
2022-06-14T18:24:07,0,6,0,6
2022-06-14T18:34:35,0,6,0,6
2022-06-14T18:45:03,0,6,0,6
2022-06-14T18:55:30,0,6,0,6
2022-06-14T19:06:10,0,6,0,6
2022-06-14T19:16:38,0,6,0,6
2022-06-14T19:27:04,0,6,0,6
2022-06-14T19:37:31,0,6,0,6
2022-06-14T19:48:09,0,6,0,6
2022-06-14T19:58:35,0,6,0,6
2022-06-14T20:09:02,0,6,0,6
2022-06-14T20:19:43,0,6,0,6
2022-06-14T20:30:09,0,6,0,6
2022-06-14T20:40:36,0,6,0,6
2022-06-14T20:51:02,0,6,0,6
2022-06-14T21:01:40,0,6,0,6
2022-06-14T21:12:07,0,6,0,6
2022-06-14T21:22:34,0,6,0,6
2022-06-14T21:33:01,0,6,0,6
2022-06-14T21:43:40,0,6,0,6
2022-06-14T21:54:06,0,6,0,6
2022-06-14T22:04:32,0,6,0,6
2022-06-14T22:14:59,0,6,0,6
2022-06-14T22:25:37,0,6,0,6
2022-06-14T22:36:04,0,6,0,6
2022-06-14T22:46:31,0,6,0,6
2022-06-14T22:56:57,0,6,0,6
2022-06-14T23:07:37,0,6,0,6
2022-06-14T23:18:04,0,6,0,6
2022-06-14T23:28:31,0,6,0,6
2022-06-14T23:38:57,0,6,0,6
2022-06-14T23:49:35,0,6,0,6
2022-06-15T00:00:01,0,6,0,6
2022-06-15T00:10:33,0,6,0,6
2022-06-15T00:21:06,0,6,0,6
2022-06-15T00:31:34,0,6,0,6
2022-06-15T00:42:15,0,6,0,6
2022-06-15T00:52:44,0,6,0,6
2022-06-15T01:03:13,0,6,0,6
2022-06-15T01:13:43,0,6,0,6
2022-06-15T01:24:12,0,6,0,6
2022-06-15T01:34:40,0,6,0,6
2022-06-15T01:45:20,0,6,0,6
2022-06-15T01:55:48,0,6,0,6
2022-06-15T02:06:18,0,6,0,6
2022-06-15T02:16:45,0,6,0,6
2022-06-15T02:27:11,0,6,0,6
2022-06-15T02:37:37,0,6,0,6
2022-06-15T02:48:16,0,6,0,6
2022-06-15T02:58:42,0,6,0,6
2022-06-15T03:09:12,0,6,0,6
2022-06-15T03:19:42,0,6,0,6
2022-06-15T03:30:13,0,6,0,6
2022-06-15T03:40:43,0,6,0,6
2022-06-15T03:51:14,0,6,0,6
2022-06-15T04:01:49,0,6,0,6
2022-06-15T04:21:56,0,6,0,6
2022-06-15T04:32:58,0,6,0,6
2022-06-15T04:43:37,0,6,0,6
2022-06-15T04:54:11,0,6,0,6
2022-06-15T05:04:44,0,6,0,6
2022-06-15T05:15:14,0,6,0,6
2022-06-15T05:25:54,0,6,0,6
2022-06-15T05:36:30,0,6,0,6
2022-06-15T05:47:09,0,6,0,6
2022-06-15T05:57:44,0,6,0,6
2022-06-15T06:08:21,0,6,0,6
2022-06-15T06:18:55,0,6,0,6
2022-06-15T06:29:29,0,6,0,6
2022-06-15T06:40:16,0,6,0,6
2022-06-15T06:50:50,0,6,0,6
2022-06-15T07:01:22,0,6,0,6
2022-06-15T07:11:53,0,6,0,6
2022-06-15T07:22:23,0,6,0,6
2022-06-15T07:32:51,0,6,0,6
2022-06-15T07:43:19,0,6,0,6
2022-06-15T07:53:47,0,6,0,6
2022-06-15T08:04:27,0,6,0,6
2022-06-15T08:14:59,0,6,0,6
2022-06-15T08:25:27,0,6,0,6
2022-06-15T08:35:57,0,6,0,6
2022-06-15T08:46:28,0,6,0,6
2022-06-15T08:56:57,0,6,0,6
2022-06-15T09:07:39,0,6,0,6
2022-06-15T09:18:09,0,6,0,6
2022-06-15T09:28:38,0,6,0,6
2022-06-15T09:39:07,0,6,0,6
2022-06-15T09:49:36,0,6,0,6
2022-06-15T10:00:16,0,6,0,6
2022-06-15T10:10:46,0,6,0,6
2022-06-15T10:21:14,0,6,0,6
2022-06-15T10:31:43,0,6,0,6
2022-06-15T10:42:11,0,6,0,6
2022-06-15T10:52:52,0,6,0,6
2022-06-15T11:03:21,0,6,0,6
2022-06-15T11:13:50,0,6,0,6
2022-06-15T11:24:19,0,6,0,6
2022-06-15T11:35:01,0,6,0,6
2022-06-15T11:45:32,0,6,0,6
2022-06-15T11:56:01,0,6,0,6
2022-06-15T12:06:30,0,6,0,6
2022-06-15T12:17:10,0,6,0,6
2022-06-15T12:27:37,0,6,0,6
2022-06-15T12:38:05,0,6,0,6
2022-06-15T12:48:33,0,6,0,6
2022-06-15T12:59:01,0,6,0,6
2022-06-15T13:09:42,0,6,0,6
2022-06-15T13:20:10,0,6,0,6
2022-06-15T13:30:40,0,6,0,6
2022-06-15T13:41:11,0,6,0,6
2022-06-15T13:51:53,0,6,0,6
2022-06-15T14:02:23,0,6,0,6
2022-06-15T14:12:52,0,6,0,6
2022-06-15T14:23:24,0,6,0,6
2022-06-15T14:33:55,0,6,0,6
2022-06-15T14:44:24,0,6,0,6
2022-06-15T14:55:07,0,6,0,6
2022-06-15T15:05:35,0,6,0,6
2022-06-15T15:16:03,0,6,0,6
2022-06-15T15:26:31,0,6,0,6
2022-06-15T15:36:58,0,6,0,6
2022-06-15T15:47:38,0,6,0,6
2022-06-15T15:58:05,0,6,0,6
2022-06-15T16:08:32,0,6,0,6
2022-06-15T16:19:00,0,6,0,6
2022-06-15T16:29:27,0,6,0,6
2022-06-15T16:39:54,0,6,0,6
2022-06-15T16:50:33,0,6,0,6
2022-06-15T17:01:00,0,6,0,6
2022-06-15T17:11:27,0,6,0,6
2022-06-15T17:21:54,0,6,0,6
2022-06-15T17:32:20,0,6,0,6
2022-06-15T17:42:47,0,6,0,6
2022-06-15T17:53:25,0,6,0,6
2022-06-15T18:03:52,0,6,0,6
2022-06-15T18:14:18,0,6,0,6
2022-06-15T18:24:48,0,6,0,6
2022-06-15T18:35:14,0,6,0,6
2022-06-15T18:45:39,0,6,0,6
2022-06-15T18:56:19,0,6,0,6
2022-06-15T19:06:49,0,6,0,6
2022-06-15T19:17:19,0,6,0,6
2022-06-15T19:27:48,0,6,0,6
2022-06-15T19:38:20,0,6,0,6
2022-06-15T19:48:52,0,6,0,6
2022-06-15T19:59:37,0,6,0,6
2022-06-15T20:10:13,0,6,0,6
2022-06-15T20:20:46,0,6,0,6
2022-06-15T20:31:18,0,6,0,6
2022-06-15T20:41:53,0,6,0,6
2022-06-15T20:52:25,0,6,0,6
2022-06-15T21:03:08,0,6,0,6
2022-06-15T21:13:44,0,6,0,6
2022-06-15T21:24:18,0,6,0,6
2022-06-15T21:34:52,0,6,0,6
2022-06-15T21:45:38,0,6,0,6
2022-06-15T21:56:12,0,6,0,6
2022-06-15T22:06:46,0,6,0,6
2022-06-15T22:17:20,0,6,0,6
2022-06-15T22:28:07,0,6,0,6
2022-06-15T22:38:39,0,6,0,6
2022-06-15T22:49:09,0,6,0,6
2022-06-15T22:59:38,0,6,0,6
2022-06-15T23:10:06,0,6,0,6
2022-06-15T23:20:46,0,6,0,6
2022-06-15T23:31:13,0,6,0,6
2022-06-15T23:41:39,0,6,0,6
2022-06-15T23:52:04,0,6,0,6
2022-06-16T00:02:30,0,6,0,6
2022-06-16T00:12:58,0,6,0,6
2022-06-16T00:23:27,0,6,0,6
2022-06-16T00:34:07,0,6,0,6
2022-06-16T00:44:35,0,6,0,6
2022-06-16T00:55:03,0,6,0,6
2022-06-16T01:05:31,0,6,0,6
2022-06-16T01:15:58,0,6,0,6
2022-06-16T01:26:24,0,6,0,6
2022-06-16T01:36:50,0,6,0,6
2022-06-16T01:47:16,0,6,0,6
2022-06-16T01:57:58,0,6,0,6
2022-06-16T02:08:25,0,6,0,6
2022-06-16T02:18:52,0,6,0,6
2022-06-16T02:29:18,0,6,0,6
2022-06-16T02:39:44,0,6,0,6
2022-06-16T02:50:10,0,6,0,6
2022-06-16T03:00:35,0,6,0,6
2022-06-16T03:11:00,0,6,0,6
2022-06-16T03:21:24,0,6,0,6
2022-06-16T03:31:49,0,6,0,6
2022-06-16T03:42:13,0,6,0,6
2022-06-16T03:52:37,0,6,0,6
2022-06-16T04:03:02,0,6,0,6
2022-06-16T04:23:34,0,6,0,6
2022-06-16T04:34:23,0,6,0,6
2022-06-16T04:44:51,0,6,0,6
2022-06-16T04:55:19,0,6,0,6
2022-06-16T05:05:48,0,6,0,6
2022-06-16T05:16:19,0,6,0,6
2022-06-16T05:26:46,0,6,0,6
2022-06-16T05:37:14,0,6,0,6
2022-06-16T05:47:41,0,6,0,6
2022-06-16T05:58:12,0,6,0,6
2022-06-16T06:08:39,0,6,0,6
2022-06-16T06:19:06,0,6,0,6
2022-06-16T06:29:33,0,6,0,6
2022-06-16T06:40:00,0,6,0,6
2022-06-16T06:50:27,0,6,0,6
2022-06-16T07:00:55,0,6,0,6
2022-06-16T07:11:26,0,6,0,6
2022-06-16T07:21:54,0,6,0,6
2022-06-16T07:32:32,0,6,0,6
2022-06-16T07:43:00,0,6,0,6
2022-06-16T07:53:27,0,6,0,6
2022-06-16T08:03:54,0,6,0,6
2022-06-16T08:14:21,0,6,0,6
2022-06-16T08:24:48,0,6,0,6
2022-06-16T08:35:14,0,6,0,6
2022-06-16T08:45:41,0,6,0,6
2022-06-16T08:56:07,0,6,0,6
2022-06-16T09:06:34,0,6,0,6
2022-06-16T09:17:01,0,6,0,6
2022-06-16T09:27:41,0,6,0,6
2022-06-16T09:38:08,0,6,0,6
2022-06-16T09:48:35,0,6,0,6
2022-06-16T09:59:02,0,6,0,6
2022-06-16T10:09:29,0,6,0,6
2022-06-16T10:19:56,0,6,0,6
2022-06-16T10:30:23,0,6,0,6
2022-06-16T10:40:49,0,6,0,6
2022-06-16T10:51:29,0,6,0,6
2022-06-16T11:01:56,0,6,0,6
2022-06-16T11:12:23,0,6,0,6
2022-06-16T11:22:50,0,6,0,6
2022-06-16T11:33:17,0,6,0,6
2022-06-16T11:43:44,0,6,0,6
2022-06-16T11:54:10,0,6,0,6
2022-06-16T12:04:37,0,6,0,6
2022-06-16T12:15:16,0,6,0,6
2022-06-16T12:25:44,0,6,0,6
2022-06-16T12:36:13,0,6,0,6
2022-06-16T12:46:45,0,6,0,6
2022-06-16T12:57:16,0,6,0,6
2022-06-16T13:07:48,0,6,0,6
2022-06-16T13:18:32,0,6,0,6
2022-06-16T13:29:08,0,6,0,6
2022-06-16T13:39:47,0,6,0,6
2022-06-16T13:50:28,0,6,0,6
2022-06-16T14:01:07,0,6,0,6
2022-06-16T14:12:00,0,6,0,6
2022-06-16T14:22:42,0,6,0,6
2022-06-16T14:33:22,0,6,0,6
2022-06-16T14:43:58,0,6,0,6
2022-06-16T14:54:33,0,6,0,6
2022-06-16T15:05:05,0,6,0,6
2022-06-16T15:15:47,0,6,0,6
2022-06-16T15:26:17,0,6,0,6
2022-06-16T15:36:44,0,6,0,6
2022-06-16T15:47:11,0,6,0,6
2022-06-16T15:57:38,0,6,0,6
2022-06-16T16:08:05,0,6,0,6
2022-06-16T16:18:43,0,6,0,6
2022-06-16T16:29:09,0,6,0,6
2022-06-16T16:39:36,0,6,0,6
2022-06-16T16:50:03,0,6,0,6
2022-06-16T17:00:28,0,6,0,6
2022-06-16T17:10:55,0,6,0,6
2022-06-16T17:21:21,0,6,0,6
2022-06-16T17:31:47,0,6,0,6
2022-06-16T17:42:24,0,6,0,6
2022-06-16T17:52:49,0,6,0,6
2022-06-16T18:03:15,0,6,0,6
2022-06-16T18:13:41,0,6,0,6
2022-06-16T18:24:07,0,6,0,6
2022-06-16T18:34:32,0,6,0,6
2022-06-16T18:44:58,0,6,0,6
2022-06-16T18:55:35,0,6,0,6
2022-06-16T19:06:00,0,6,0,6
2022-06-16T19:16:25,0,6,0,6
2022-06-16T19:26:51,0,6,0,6
2022-06-16T19:37:17,0,6,0,6
2022-06-16T19:47:43,0,6,0,6
2022-06-16T19:58:09,0,6,0,6
2022-06-16T20:08:35,0,6,0,6
2022-06-16T20:19:00,0,6,0,6
2022-06-16T20:29:25,0,6,0,6
2022-06-16T20:40:02,0,6,0,6
2022-06-16T20:50:28,0,6,0,6
2022-06-16T21:00:53,0,6,0,6
2022-06-16T21:11:19,0,6,0,6
2022-06-16T21:21:44,0,6,0,6
2022-06-16T21:32:10,0,6,0,6
2022-06-16T21:42:36,0,6,0,6
2022-06-16T21:53:02,0,6,0,6
2022-06-16T22:03:39,0,6,0,6
2022-06-16T22:14:05,0,6,0,6
2022-06-16T22:24:31,0,6,0,6
2022-06-16T22:34:57,0,6,0,6
2022-06-16T22:45:34,0,6,0,6
2022-06-16T22:55:59,0,6,0,6
2022-06-16T23:06:25,0,6,0,6
2022-06-16T23:16:51,0,6,0,6
2022-06-16T23:27:17,0,6,0,6
2022-06-16T23:37:51,0,6,0,6
2022-06-16T23:48:27,0,6,0,6
2022-06-16T23:59:05,0,6,0,6
2022-06-17T00:09:46,0,6,0,6
2022-06-17T00:20:28,0,6,0,6
2022-06-17T00:31:39,0,6,0,6
2022-06-17T00:42:28,0,6,0,6
2022-06-17T00:53:14,0,6,0,6
2022-06-17T01:03:55,0,6,0,6
2022-06-17T01:14:33,0,6,0,6
2022-06-17T01:25:09,0,6,0,6
2022-06-17T01:35:44,0,6,0,6
2022-06-17T01:46:18,0,6,0,6
2022-06-17T01:56:50,0,6,0,6
2022-06-17T02:07:20,0,6,0,6
2022-06-17T02:18:02,0,6,0,6
2022-06-17T02:28:27,0,6,0,6
2022-06-17T02:38:52,0,6,0,6
2022-06-17T02:49:17,0,6,0,6
2022-06-17T02:59:41,0,6,0,6
2022-06-17T03:10:06,0,6,0,6
2022-06-17T03:20:31,0,6,0,6
2022-06-17T03:30:55,0,6,0,6
2022-06-17T03:41:21,0,6,0,6
2022-06-17T03:51:48,0,6,0,6
2022-06-17T04:02:14,0,6,0,6
2022-06-17T04:19:39,0,6,0,6
2022-06-17T04:30:29,0,6,0,6
2022-06-17T04:44:20,0,6,0,6
2022-06-17T04:57:27,0,6,0,6
2022-06-17T05:18:01,0,6,0,6
2022-06-17T05:37:46,0,6,0,6
2022-06-17T05:57:40,0,6,0,6
2022-06-17T06:08:37,0,6,0,6
2022-06-17T06:19:02,0,6,0,6
2022-06-17T06:29:31,0,6,0,6
2022-06-17T06:40:14,0,6,0,6
2022-06-17T06:50:41,0,6,0,6
2022-06-17T07:01:09,0,6,0,6
2022-06-17T07:11:39,0,6,0,6
2022-06-17T07:22:07,0,6,0,6
2022-06-17T07:32:35,0,6,0,6
2022-06-17T07:43:03,0,6,0,6
2022-06-17T07:53:30,0,6,0,6
2022-06-17T08:03:59,0,6,0,6
2022-06-17T08:14:26,0,6,0,6
2022-06-17T08:24:54,0,6,0,6
2022-06-17T08:35:22,0,6,0,6
2022-06-17T08:45:49,0,6,0,6
2022-06-17T08:56:26,0,6,0,6
2022-06-17T09:06:54,0,6,0,6
2022-06-17T09:17:23,0,6,0,6
2022-06-17T09:27:51,0,6,0,6
2022-06-17T09:38:20,0,6,0,6
2022-06-17T09:48:49,0,6,0,6
2022-06-17T09:59:19,0,6,0,6
2022-06-17T10:09:47,0,6,0,6
2022-06-17T10:20:16,0,6,0,6
2022-06-17T10:30:44,0,6,0,6
2022-06-17T10:41:12,0,6,0,6
2022-06-17T10:51:40,0,6,0,6
2022-06-17T11:02:21,0,6,0,6
2022-06-17T11:12:49,0,6,0,6
2022-06-17T11:23:17,0,6,0,6
2022-06-17T11:33:45,0,6,0,6
2022-06-17T11:44:12,0,6,0,6
2022-06-17T11:54:50,0,6,0,6
2022-06-17T12:05:18,0,6,0,6
2022-06-17T12:15:46,0,6,0,6
2022-06-17T12:26:14,0,6,0,6
2022-06-17T12:36:41,0,6,0,6
2022-06-17T12:47:09,0,6,0,6
2022-06-17T12:57:36,0,6,0,6
2022-06-17T13:08:04,0,6,0,6
2022-06-17T13:18:41,0,6,0,6
2022-06-17T13:29:10,0,6,0,6
2022-06-17T13:39:38,0,6,0,6
2022-06-17T13:50:06,0,6,0,6
2022-06-17T14:00:34,0,6,0,6
2022-06-17T14:11:01,0,6,0,6
2022-06-17T14:21:29,0,6,0,6
2022-06-17T14:31:57,0,6,0,6
2022-06-17T14:42:24,0,6,0,6
2022-06-17T14:52:57,0,6,0,6
2022-06-17T15:03:36,0,6,0,6
2022-06-17T15:14:05,0,6,0,6
2022-06-17T15:24:32,0,6,0,6
2022-06-17T15:35:00,0,6,0,6
2022-06-17T15:45:28,0,6,0,6
2022-06-17T15:55:56,0,6,0,6
2022-06-17T16:06:23,0,6,0,6
2022-06-17T16:16:50,0,6,0,6
2022-06-17T16:27:17,0,6,0,6
2022-06-17T16:37:56,0,6,0,6
2022-06-17T16:48:23,0,6,0,6
2022-06-17T16:58:50,0,6,0,6
2022-06-17T17:09:19,0,6,0,6
2022-06-17T17:19:46,0,6,0,6
2022-06-17T17:30:12,0,6,0,6
2022-06-17T17:40:39,0,6,0,6
2022-06-17T17:51:17,0,6,0,6
2022-06-17T18:01:44,0,6,0,6
2022-06-17T18:12:11,0,6,0,6
2022-06-17T18:22:37,0,6,0,6
2022-06-17T18:33:04,0,6,0,6
2022-06-17T18:43:31,0,6,0,6
2022-06-17T18:53:57,0,6,0,6
2022-06-17T19:04:23,0,6,0,6
2022-06-17T19:14:50,0,6,0,6
2022-06-17T19:25:17,0,6,0,6
2022-06-17T19:35:54,0,6,0,6
2022-06-17T19:46:21,0,6,0,6
2022-06-17T19:56:48,0,6,0,6
2022-06-17T20:07:14,0,6,0,6
2022-06-17T20:17:41,0,6,0,6
2022-06-17T20:28:08,0,6,0,6
2022-06-17T20:38:34,0,6,0,6
2022-06-17T20:49:00,0,6,0,6
2022-06-17T20:59:27,0,6,0,6
2022-06-17T21:09:53,0,6,0,6
2022-06-17T21:20:31,0,6,0,6
2022-06-17T21:30:57,0,6,0,6
2022-06-17T21:41:24,0,6,0,6
2022-06-17T21:51:51,0,6,0,6
2022-06-17T22:02:17,0,6,0,6
2022-06-17T22:12:43,0,6,0,6
2022-06-17T22:23:09,0,6,0,6
2022-06-17T22:33:36,0,6,0,6
2022-06-17T22:44:03,0,6,0,6
2022-06-17T22:54:41,0,6,0,6
2022-06-17T23:05:07,0,6,0,6
2022-06-17T23:15:34,0,6,0,6
2022-06-17T23:26:02,0,6,0,6
2022-06-17T23:36:30,0,6,0,6
2022-06-17T23:46:57,0,6,0,6
2022-06-17T23:57:23,0,6,0,6
2022-06-18T00:07:51,0,6,0,6
2022-06-18T00:18:20,0,6,0,6
2022-06-18T00:28:49,0,6,0,6
2022-06-18T00:39:17,0,6,0,6
2022-06-18T00:49:46,0,6,0,6
2022-06-18T01:00:15,0,6,0,6
2022-06-18T01:10:45,0,6,0,6
2022-06-18T01:21:20,0,6,0,6
2022-06-18T01:31:54,0,6,0,6
2022-06-18T01:42:29,0,6,0,6
2022-06-18T01:53:14,0,6,0,6
2022-06-18T02:03:44,0,6,0,6
2022-06-18T02:14:23,0,6,0,6
2022-06-18T02:25:01,0,6,0,6
2022-06-18T02:35:39,0,6,0,6
2022-06-18T02:46:16,0,6,0,6
2022-06-18T02:56:52,0,6,0,6
2022-06-18T03:07:28,0,6,0,6
2022-06-18T03:18:06,0,6,0,6
2022-06-18T03:28:42,0,6,0,6
2022-06-18T03:39:17,0,6,0,6
2022-06-18T03:49:56,0,6,0,6
2022-06-18T04:02:50,0,6,0,6
2022-06-18T04:21:07,0,6,0,6
2022-06-18T04:31:59,0,6,0,6
2022-06-18T04:42:32,0,6,0,6
2022-06-18T04:53:00,0,6,0,6
2022-06-18T05:03:28,0,6,0,6
2022-06-18T05:13:57,0,6,0,6
2022-06-18T05:24:26,0,6,0,6
2022-06-18T05:34:54,0,6,0,6
2022-06-18T05:45:23,0,6,0,6
2022-06-18T05:55:54,0,6,0,6
2022-06-18T06:06:21,0,6,0,6
2022-06-18T06:16:49,0,6,0,6
2022-06-18T06:27:18,0,6,0,6
2022-06-18T06:37:45,0,6,0,6
2022-06-18T06:48:13,0,6,0,6
2022-06-18T06:58:49,0,6,0,6
2022-06-18T07:09:18,0,6,0,6
2022-06-18T07:19:46,0,6,0,6
2022-06-18T07:30:14,0,6,0,6
2022-06-18T07:40:42,0,6,0,6
2022-06-18T07:51:10,0,6,0,6
2022-06-18T08:01:38,0,6,0,6
2022-06-18T08:12:06,0,6,0,6
2022-06-18T08:22:35,0,6,0,6
2022-06-18T08:33:02,0,6,0,6
2022-06-18T08:43:29,0,6,0,6
2022-06-18T08:54:09,0,6,0,6
2022-06-18T09:04:37,0,6,0,6
2022-06-18T09:15:04,0,6,0,6
2022-06-18T09:25:31,0,6,0,6
2022-06-18T09:35:58,0,6,0,6
2022-06-18T09:46:26,0,6,0,6
2022-06-18T09:56:54,0,6,0,6
2022-06-18T10:07:20,0,6,0,6
2022-06-18T10:17:46,0,6,0,6
2022-06-18T10:28:12,0,6,0,6
2022-06-18T10:38:48,0,6,0,6
2022-06-18T10:49:28,0,6,0,6
2022-06-18T10:59:55,0,6,0,6
2022-06-18T11:10:21,0,6,0,6
2022-06-18T11:20:48,0,6,0,6
2022-06-18T11:31:14,0,6,0,6
2022-06-18T11:41:40,0,6,0,6
2022-06-18T11:52:05,0,6,0,6
2022-06-18T12:02:31,0,6,0,6
2022-06-18T12:12:58,0,6,0,6
2022-06-18T12:23:35,0,6,0,6
2022-06-18T12:34:01,0,6,0,6
2022-06-18T12:44:27,0,6,0,6
2022-06-18T12:54:53,0,6,0,6
2022-06-18T13:05:19,0,6,0,6
2022-06-18T13:15:45,0,6,0,6
2022-06-18T13:26:11,0,6,0,6
2022-06-18T13:36:37,0,6,0,6
2022-06-18T13:47:03,0,6,0,6
2022-06-18T13:57:29,0,6,0,6
2022-06-18T14:08:01,0,6,0,6
2022-06-18T14:18:39,0,6,0,6
2022-06-18T14:29:04,0,6,0,6
2022-06-18T14:39:30,0,6,0,6
2022-06-18T14:49:55,0,6,0,6
2022-06-18T15:00:21,0,6,0,6
2022-06-18T15:10:46,0,6,0,6
2022-06-18T15:21:12,0,6,0,6
2022-06-18T15:31:38,0,6,0,6
2022-06-18T15:42:03,0,6,0,6
2022-06-18T15:52:29,0,6,0,6
2022-06-18T16:02:56,0,6,0,6
2022-06-18T16:13:32,0,6,0,6
2022-06-18T16:23:57,0,6,0,6
2022-06-18T16:34:23,0,6,0,6
2022-06-18T16:44:49,0,6,0,6
2022-06-18T16:55:14,0,6,0,6
2022-06-18T17:05:40,0,6,0,6
2022-06-18T17:16:06,0,6,0,6
2022-06-18T17:26:32,0,6,0,6
2022-06-18T17:36:57,0,6,0,6
2022-06-18T17:47:23,0,6,0,6
2022-06-18T17:57:49,0,6,0,6
2022-06-18T18:08:15,0,6,0,6
2022-06-18T18:18:51,0,6,0,6
2022-06-18T18:29:17,0,6,0,6
2022-06-18T18:39:44,0,6,0,6
2022-06-18T18:50:09,0,6,0,6
2022-06-18T19:00:35,0,6,0,6
2022-06-18T19:11:01,0,6,0,6
2022-06-18T19:21:29,0,6,0,6
2022-06-18T19:32:00,0,6,0,6
2022-06-18T19:42:33,0,6,0,6
2022-06-18T19:53:04,0,6,0,6
2022-06-18T20:03:37,0,6,0,6
2022-06-18T20:14:12,0,6,0,6
2022-06-18T20:24:47,0,6,0,6
2022-06-18T20:35:19,0,6,0,6
2022-06-18T20:46:01,0,6,0,6
2022-06-18T20:56:35,0,6,0,6
2022-06-18T21:07:04,0,6,0,6
2022-06-18T21:17:34,0,6,0,6
2022-06-18T21:28:07,0,6,0,6
2022-06-18T21:38:38,0,6,0,6
2022-06-18T21:49:13,0,6,0,6
2022-06-18T21:59:45,0,6,0,6
2022-06-18T22:10:17,0,6,0,6
2022-06-18T22:20:50,0,6,0,6
2022-06-18T22:31:23,0,6,0,6
2022-06-18T22:42:08,0,6,0,6
2022-06-18T22:52:38,0,6,0,6
2022-06-18T23:03:08,0,6,0,6
2022-06-18T23:13:38,0,6,0,6
2022-06-18T23:24:04,0,6,0,6
2022-06-18T23:34:30,0,6,0,6
2022-06-18T23:44:56,0,6,0,6
2022-06-18T23:55:22,0,6,0,6
2022-06-19T00:05:48,0,6,0,6
2022-06-19T02:23:28,0,6,0,6
2022-06-19T02:33:59,0,6,0,6
2022-06-19T02:44:28,0,6,0,6
2022-06-19T06:51:16,0,6,0,6
2022-06-19T07:01:49,0,6,0,6
2022-06-19T07:12:17,0,6,0,6
2022-06-19T07:22:44,0,6,0,6
2022-06-19T07:33:22,0,6,0,6
2022-06-19T07:43:50,0,6,0,6
2022-06-19T07:54:18,0,6,0,6
2022-06-19T08:04:45,0,6,0,6
2022-06-19T08:15:12,0,6,0,6
2022-06-19T08:25:38,0,6,0,6
2022-06-19T08:36:05,0,6,0,6
2022-06-19T08:46:30,0,6,0,6
2022-06-19T08:56:56,0,6,0,6
2022-06-19T09:07:22,0,6,0,6
2022-06-19T09:17:48,0,6,0,6
2022-06-19T09:28:14,0,6,0,6
2022-06-19T09:38:41,0,6,0,6
2022-06-19T09:49:07,0,6,0,6
2022-06-19T09:59:34,0,6,0,6
2022-06-19T10:10:01,0,6,0,6
2022-06-19T10:20:27,0,6,0,6
2022-06-19T10:31:03,0,6,0,6
2022-06-19T10:41:30,0,6,0,6
2022-06-19T10:51:59,0,6,0,6
2022-06-19T11:02:27,0,6,0,6
2022-06-19T11:12:54,0,6,0,6
2022-06-19T11:23:21,0,6,0,6
2022-06-19T11:33:47,0,6,0,6
2022-06-19T11:44:14,0,6,0,6
2022-06-19T11:54:40,0,6,0,6
2022-06-19T12:05:06,0,6,0,6
2022-06-19T12:15:32,0,6,0,6
2022-06-19T12:26:10,0,6,0,6
2022-06-19T12:36:35,0,6,0,6
2022-06-19T12:47:01,0,6,0,6
2022-06-19T12:57:27,0,6,0,6
2022-06-19T13:07:56,0,6,0,6
2022-06-19T13:18:26,0,6,0,6
2022-06-19T13:28:57,0,6,0,6
2022-06-19T13:39:27,0,6,0,6
2022-06-19T13:50:01,0,6,0,6
2022-06-19T14:00:31,0,6,0,6
2022-06-19T14:11:03,0,6,0,6
2022-06-19T14:21:39,0,6,0,6
2022-06-19T14:32:16,0,6,0,6
2022-06-19T14:43:08,0,6,0,6
2022-06-19T14:53:48,0,6,0,6
2022-06-19T15:04:28,0,6,0,6
2022-06-19T15:15:10,0,6,0,6
2022-06-19T15:25:45,0,6,0,6
2022-06-19T15:36:19,0,6,0,6
2022-06-19T15:46:52,0,6,0,6
2022-06-19T15:57:21,0,6,0,6
2022-06-19T16:07:49,0,6,0,6
2022-06-19T16:18:17,0,6,0,6
2022-06-19T16:28:54,0,6,0,6
2022-06-19T16:39:21,0,6,0,6
2022-06-19T16:49:48,0,6,0,6
2022-06-19T17:00:13,0,6,0,6
2022-06-19T17:10:40,0,6,0,6
2022-06-19T17:21:06,0,6,0,6
2022-06-19T17:31:31,0,6,0,6
2022-06-19T17:41:57,0,6,0,6
2022-06-19T17:52:23,0,6,0,6
2022-06-19T18:02:49,0,6,0,6
2022-06-19T18:13:15,0,6,0,6
2022-06-19T18:23:41,0,6,0,6
2022-06-19T18:34:09,0,6,0,6
2022-06-19T18:44:45,0,6,0,6
2022-06-19T18:55:11,0,6,0,6
2022-06-19T19:05:38,0,6,0,6
2022-06-19T19:16:04,0,6,0,6
2022-06-19T19:26:30,0,6,0,6
2022-06-19T19:36:56,0,6,0,6
2022-06-19T19:47:23,0,6,0,6
2022-06-19T19:57:49,0,6,0,6
2022-06-19T20:08:16,0,6,0,6
2022-06-19T20:18:42,0,6,0,6
2022-06-19T20:29:08,0,6,0,6
2022-06-19T20:39:34,0,6,0,6
2022-06-19T20:50:12,0,6,0,6
2022-06-19T21:00:38,0,6,0,6
2022-06-19T21:11:04,0,6,0,6
2022-06-19T21:21:31,0,6,0,6
2022-06-19T21:31:58,0,6,0,6
2022-06-19T21:42:25,0,6,0,6
2022-06-19T21:52:52,0,6,0,6
2022-06-19T22:03:18,0,6,0,6
2022-06-19T22:13:45,0,6,0,6
2022-06-19T22:24:11,0,6,0,6
2022-06-19T22:34:38,0,6,0,6
2022-06-19T22:45:04,0,6,0,6
2022-06-19T22:55:42,0,6,0,6
2022-06-19T23:06:09,0,6,0,6
2022-06-19T23:16:36,0,6,0,6
2022-06-19T23:27:02,0,6,0,6
2022-06-19T23:37:29,0,6,0,6
2022-06-19T23:47:55,0,6,0,6
2022-06-19T23:58:21,0,6,0,6
2022-06-20T00:08:49,0,6,0,6
2022-06-20T00:19:25,0,6,0,6
2022-06-20T00:29:54,0,6,0,6
2022-06-20T00:40:40,0,6,0,6
2022-06-20T00:51:08,0,6,0,6
2022-06-20T01:01:35,0,6,0,6
2022-06-20T01:12:04,0,6,0,6
2022-06-20T01:22:35,0,6,0,6
2022-06-20T01:33:04,0,6,0,6
2022-06-20T01:43:32,0,6,0,6
2022-06-20T01:53:59,0,6,0,6
2022-06-20T02:04:36,0,6,0,6
2022-06-20T02:15:04,0,6,0,6
2022-06-20T02:25:31,0,6,0,6
2022-06-20T02:35:58,0,6,0,6
2022-06-20T02:46:25,0,6,0,6
2022-06-20T02:56:51,0,6,0,6
2022-06-20T03:07:18,0,6,0,6
2022-06-20T03:17:44,0,6,0,6
2022-06-20T03:28:11,0,6,0,6
2022-06-20T03:38:38,0,6,0,6
2022-06-20T03:49:06,0,6,0,6
2022-06-20T03:59:48,0,6,0,6
2022-06-20T04:10:16,0,6,0,6
2022-06-20T04:24:14,0,6,0,6
2022-06-20T04:35:10,0,6,0,6
2022-06-20T04:45:40,0,6,0,6
2022-06-20T04:56:10,0,6,0,6
2022-06-20T05:06:41,0,6,0,6
2022-06-20T05:17:11,0,6,0,6
2022-06-20T05:27:40,0,6,0,6
2022-06-20T05:38:10,0,6,0,6
2022-06-20T05:48:38,0,6,0,6
2022-06-20T05:59:06,0,6,0,6
2022-06-20T06:09:36,0,6,0,6
2022-06-20T06:20:05,0,6,0,6
2022-06-20T06:30:32,0,6,0,6
2022-06-20T06:40:59,0,6,0,6
2022-06-20T06:51:25,0,6,0,6
2022-06-20T07:01:54,0,6,0,6
2022-06-20T07:12:20,0,6,0,6
2022-06-20T07:22:46,0,6,0,6
2022-06-20T07:33:12,0,6,0,6
2022-06-20T07:43:37,0,6,0,6
2022-06-20T07:54:03,0,6,0,6
2022-06-20T08:04:29,0,6,0,6
2022-06-20T08:14:55,0,6,0,6
2022-06-20T08:25:21,0,6,0,6
2022-06-20T08:35:58,0,6,0,6
2022-06-20T08:46:24,0,6,0,6
2022-06-20T08:56:50,0,6,0,6
2022-06-20T09:07:18,0,6,0,6
2022-06-20T09:17:47,0,6,0,6
2022-06-20T09:28:19,0,6,0,6
2022-06-20T09:38:52,0,6,0,6
2022-06-20T09:49:29,0,6,0,6
2022-06-20T10:00:00,0,6,0,6
2022-06-20T10:10:32,0,6,0,6
2022-06-20T10:21:11,0,6,0,6
2022-06-20T10:32:01,0,6,0,6
2022-06-20T10:42:40,0,6,0,6
2022-06-20T10:53:20,0,6,0,6
2022-06-20T11:03:58,0,6,0,6
2022-06-20T11:14:34,0,6,0,6
2022-06-20T11:25:10,0,6,0,6
2022-06-20T11:35:44,0,6,0,6
2022-06-20T11:46:16,0,6,0,6
2022-06-20T11:56:44,0,6,0,6
2022-06-20T12:07:12,0,6,0,6
2022-06-20T12:17:50,0,6,0,6
2022-06-20T12:28:16,0,6,0,6
2022-06-20T12:38:42,0,6,0,6
2022-06-20T12:49:09,0,6,0,6
2022-06-20T12:59:35,0,6,0,6
2022-06-20T13:10:01,0,6,0,6
2022-06-20T13:20:28,0,6,0,6
2022-06-20T13:30:54,0,6,0,6
2022-06-20T13:41:20,0,6,0,6
2022-06-20T13:51:55,0,6,0,6
2022-06-20T14:02:21,0,6,0,6
2022-06-20T14:12:48,0,6,0,6
2022-06-20T14:23:14,0,6,0,6
2022-06-20T14:33:40,0,6,0,6
2022-06-20T14:44:05,0,6,0,6
2022-06-20T14:54:31,0,6,0,6
2022-06-20T15:04:57,0,6,0,6
2022-06-20T15:15:23,0,6,0,6
2022-06-20T15:25:49,0,6,0,6
2022-06-20T15:36:16,0,6,0,6
2022-06-20T15:46:54,0,6,0,6
2022-06-20T15:57:20,0,6,0,6
2022-06-20T16:07:47,0,6,0,6
2022-06-20T16:18:13,0,6,0,6
2022-06-20T16:28:39,0,6,0,6
2022-06-20T16:39:06,0,6,0,6
2022-06-20T16:49:38,0,6,0,6
2022-06-20T17:00:04,0,6,0,6
2022-06-20T17:10:31,0,6,0,6
2022-06-20T17:21:00,0,6,0,6
2022-06-20T17:31:26,0,6,0,6
2022-06-20T17:41:52,0,6,0,6
2022-06-20T17:52:18,0,6,0,6
2022-06-20T18:02:54,0,6,0,6
2022-06-20T18:13:21,0,6,0,6
2022-06-20T18:23:47,0,6,0,6
2022-06-20T18:34:13,0,6,0,6
2022-06-20T18:44:39,0,6,0,6
2022-06-20T18:55:05,0,6,0,6
2022-06-20T19:05:31,0,6,0,6
2022-06-20T19:15:57,0,6,0,6
2022-06-20T19:26:23,0,6,0,6
2022-06-20T19:36:49,0,6,0,6
2022-06-20T19:47:25,0,6,0,6
2022-06-20T19:57:50,0,6,0,6
2022-06-20T20:08:17,0,6,0,6
2022-06-20T20:18:42,0,6,0,6
2022-06-20T20:29:09,0,6,0,6
2022-06-20T20:39:35,0,6,0,6
2022-06-20T20:50:01,0,6,0,6
2022-06-20T21:00:27,0,6,0,6
2022-06-20T21:10:53,0,6,0,6
2022-06-20T21:21:19,0,6,0,6
2022-06-20T21:31:56,0,6,0,6
2022-06-20T21:42:24,0,6,0,6
2022-06-20T21:52:50,0,6,0,6
2022-06-20T22:03:16,0,6,0,6
2022-06-20T22:13:42,0,6,0,6
2022-06-20T22:24:08,0,6,0,6
2022-06-20T22:34:35,0,6,0,6
2022-06-20T22:45:02,0,6,0,6
2022-06-20T22:55:29,0,6,0,6
2022-06-20T23:06:16,0,6,0,6
2022-06-20T23:16:43,0,6,0,6
2022-06-20T23:27:09,0,6,0,6
2022-06-20T23:37:35,0,6,0,6
2022-06-20T23:48:01,0,6,0,6
2022-06-20T23:58:27,0,6,0,6
2022-06-21T00:08:54,0,6,0,6
2022-06-21T00:19:22,0,6,0,6
2022-06-21T00:30:01,0,6,0,6
2022-06-21T00:40:28,0,6,0,6
2022-06-21T00:50:55,0,6,0,6
2022-06-21T01:01:23,0,6,0,6
2022-06-21T01:11:51,0,6,0,6
2022-06-21T01:22:18,0,6,0,6
2022-06-21T01:32:45,0,6,0,6
2022-06-21T01:43:11,0,6,0,6
2022-06-21T01:53:40,0,6,0,6
2022-06-21T02:04:24,0,6,0,6
2022-06-21T02:14:51,0,6,0,6
2022-06-21T02:25:22,0,6,0,6
2022-06-21T02:35:56,0,6,0,6
2022-06-21T02:46:31,0,6,0,6
2022-06-21T02:57:01,0,6,0,6
2022-06-21T03:07:33,0,6,0,6
2022-06-21T03:18:06,0,6,0,6
2022-06-21T03:28:48,0,6,0,6
2022-06-21T03:39:23,0,6,0,6
2022-06-21T03:50:00,0,6,0,6
2022-06-21T04:00:40,0,6,0,6
2022-06-21T04:11:19,0,6,0,6
2022-06-21T04:32:13,0,6,0,6
2022-06-21T04:43:05,0,6,0,6
2022-06-21T04:53:41,0,6,0,6
2022-06-21T05:04:16,0,6,0,6
2022-06-21T05:14:50,0,6,0,6
2022-06-21T05:25:21,0,6,0,6
2022-06-21T05:35:52,0,6,0,6
2022-06-21T05:46:19,0,6,0,6
2022-06-21T05:56:46,0,6,0,6
2022-06-21T06:07:18,0,6,0,6
2022-06-21T06:17:47,0,6,0,6
2022-06-21T06:28:15,0,6,0,6
2022-06-21T06:38:41,0,6,0,6
2022-06-21T06:49:07,0,6,0,6
2022-06-21T06:59:36,0,6,0,6
2022-06-21T07:10:02,0,6,0,6
2022-06-21T07:20:28,0,6,0,6
2022-06-21T07:30:55,0,6,0,6
2022-06-21T07:41:22,0,6,0,6
2022-06-21T07:51:49,0,6,0,6
2022-06-21T08:02:16,0,6,0,6
2022-06-21T08:12:43,0,6,0,6
2022-06-21T08:23:20,0,6,0,6
2022-06-21T08:33:48,0,6,0,6
2022-06-21T08:44:15,0,6,0,6
2022-06-21T08:54:44,0,6,0,6
2022-06-21T09:05:11,0,6,0,6
2022-06-21T09:15:39,0,6,0,6
2022-06-21T09:26:08,0,6,0,6
2022-06-21T09:36:36,0,6,0,6
2022-06-21T09:47:06,0,6,0,6
2022-06-21T09:57:34,0,6,0,6
2022-06-21T10:08:14,0,6,0,6
2022-06-21T10:18:42,0,6,0,6
2022-06-21T10:29:10,0,6,0,6
2022-06-21T10:39:39,0,6,0,6
2022-06-21T10:50:08,0,6,0,6
2022-06-21T11:00:37,0,6,0,6
2022-06-21T11:11:05,0,6,0,6
2022-06-21T11:21:33,0,6,0,6
2022-06-21T11:32:02,0,6,0,6
2022-06-21T11:42:41,0,6,0,6
2022-06-21T11:53:09,0,6,0,6
2022-06-21T12:03:37,0,6,0,6
2022-06-21T12:14:05,0,6,0,6
2022-06-21T12:24:36,0,6,0,6
2022-06-21T12:35:04,0,6,0,6
2022-06-21T12:45:32,0,6,0,6
2022-06-21T12:56:00,0,6,0,6
2022-06-21T13:06:41,0,6,0,6
2022-06-21T13:17:10,0,6,0,6
2022-06-21T13:27:41,0,6,0,6
2022-06-21T13:38:12,0,6,0,6
2022-06-21T13:48:41,0,6,0,6
2022-06-21T13:59:11,0,6,0,6
2022-06-21T14:09:40,0,6,0,6
2022-06-21T14:20:10,0,6,0,6
2022-06-21T14:30:40,0,6,0,6
2022-06-21T14:41:20,0,6,0,6
2022-06-21T14:51:49,0,6,0,6
2022-06-21T15:02:19,0,6,0,6
2022-06-21T15:12:47,0,6,0,6
2022-06-21T15:23:16,0,6,0,6
2022-06-21T15:33:45,0,6,0,6
2022-06-21T15:44:15,0,6,0,6
2022-06-21T15:54:43,0,6,0,6
2022-06-21T16:05:22,0,6,0,6
2022-06-21T16:15:51,0,6,0,6
2022-06-21T16:26:19,0,6,0,6
2022-06-21T16:36:47,0,6,0,6
2022-06-21T16:47:15,0,6,0,6
2022-06-21T16:57:42,0,6,0,6
2022-06-21T17:08:11,0,6,0,6
2022-06-21T17:18:39,0,6,0,6
2022-06-21T17:29:18,0,6,0,6
2022-06-21T17:39:46,0,6,0,6
2022-06-21T17:50:13,0,6,0,6
2022-06-21T18:00:41,0,6,0,6
2022-06-21T18:11:09,0,6,0,6
2022-06-21T18:21:36,0,6,0,6
2022-06-21T18:32:03,0,6,0,6
2022-06-21T18:42:30,0,6,0,6
2022-06-21T18:53:10,0,6,0,6
2022-06-21T19:03:37,0,6,0,6
2022-06-21T19:14:05,0,6,0,6
2022-06-21T19:24:33,0,6,0,6
2022-06-21T19:35:00,0,6,0,6
2022-06-21T19:45:28,0,6,0,6
2022-06-21T19:55:55,0,6,0,6
2022-06-21T20:06:25,0,6,0,6
2022-06-21T20:17:04,0,6,0,6
2022-06-21T20:27:32,0,6,0,6
2022-06-21T20:37:59,0,6,0,6
2022-06-21T20:48:26,0,6,0,6
2022-06-21T20:58:54,0,6,0,6
2022-06-21T21:09:22,0,6,0,6
2022-06-21T21:19:50,0,6,0,6
2022-06-21T21:30:17,0,6,0,6
2022-06-21T21:40:58,0,6,0,6
2022-06-21T21:51:26,0,6,0,6
2022-06-21T22:01:54,0,6,0,6
2022-06-21T22:12:22,0,6,0,6
2022-06-21T22:22:50,0,6,0,6
2022-06-21T22:33:19,0,6,0,6
2022-06-21T22:43:47,0,6,0,6
2022-06-21T22:54:15,0,6,0,6
2022-06-21T23:04:56,0,6,0,6
2022-06-21T23:15:23,0,6,0,6
2022-06-21T23:25:51,0,6,0,6
2022-06-21T23:36:19,0,6,0,6
2022-06-21T23:46:47,0,6,0,6
2022-06-21T23:57:13,0,6,0,6
2022-06-22T00:07:41,0,6,0,6
2022-06-22T00:18:11,0,6,0,6
2022-06-22T00:28:40,0,6,0,6
2022-06-22T00:39:21,0,6,0,6
2022-06-22T00:49:50,0,6,0,6
2022-06-22T01:00:20,0,6,0,6
2022-06-22T01:10:51,0,6,0,6
2022-06-22T01:21:20,0,6,0,6
2022-06-22T01:31:50,0,6,0,6
2022-06-22T01:42:18,0,6,0,6
2022-06-22T01:52:47,0,6,0,6
2022-06-22T02:03:16,0,6,0,6
2022-06-22T02:13:45,0,6,0,6
2022-06-22T02:24:12,0,6,0,6
2022-06-22T02:34:41,0,6,0,6
2022-06-22T02:45:19,0,6,0,6
2022-06-22T02:55:48,0,6,0,6
2022-06-22T03:06:17,0,6,0,6
2022-06-22T03:16:45,0,6,0,6
2022-06-22T03:27:12,0,6,0,6
2022-06-22T03:37:39,0,6,0,6
2022-06-22T03:48:08,0,6,0,6
2022-06-22T03:58:37,0,6,0,6
2022-06-22T04:09:06,0,6,0,6
2022-06-22T04:28:51,0,6,0,6
2022-06-22T04:39:44,0,6,0,6
2022-06-22T04:50:14,0,6,0,6
2022-06-22T05:00:42,0,6,0,6
2022-06-22T05:11:12,0,6,0,6
2022-06-22T05:21:41,0,6,0,6
2022-06-22T05:32:59,0,6,0,6
2022-06-22T05:44:33,0,6,0,6
2022-06-22T05:55:02,0,6,0,6
2022-06-22T06:05:32,0,6,0,6
2022-06-22T06:16:01,0,6,0,6
2022-06-22T06:26:30,0,6,0,6
2022-06-22T06:36:59,0,6,0,6
2022-06-22T06:47:26,0,6,0,6
2022-06-22T06:57:56,0,6,0,6
2022-06-22T07:08:24,0,6,0,6
2022-06-22T07:18:51,0,6,0,6
2022-06-22T07:29:18,0,6,0,6
2022-06-22T07:39:46,0,6,0,6
2022-06-22T07:50:12,0,6,0,6
2022-06-22T08:00:49,0,6,0,6
2022-06-22T08:11:17,0,6,0,6
2022-06-22T08:21:45,0,6,0,6
2022-06-22T08:32:13,0,6,0,6
2022-06-22T08:42:41,0,6,0,6
2022-06-22T08:53:08,0,6,0,6
2022-06-22T09:03:36,0,6,0,6
2022-06-22T09:14:04,0,6,0,6
2022-06-22T09:24:32,0,6,0,6
2022-06-22T09:35:03,0,6,0,6
2022-06-22T09:45:32,0,6,0,6
2022-06-22T09:56:11,0,6,0,6
2022-06-22T10:06:40,0,6,0,6
2022-06-22T10:17:09,0,6,0,6
2022-06-22T10:27:39,0,6,0,6
2022-06-22T10:38:09,0,6,0,6
2022-06-22T10:48:39,0,6,0,6
2022-06-22T10:59:09,0,6,0,6
2022-06-22T11:09:37,0,6,0,6
2022-06-22T11:20:07,0,6,0,6
2022-06-22T11:30:47,0,6,0,6
2022-06-22T11:41:16,0,6,0,6
2022-06-22T11:51:44,0,6,0,6
2022-06-22T12:02:13,0,6,0,6
2022-06-22T12:12:45,0,6,0,6
2022-06-22T12:23:13,0,6,0,6
2022-06-22T12:33:42,0,6,0,6
2022-06-22T12:44:14,0,6,0,6
2022-06-22T12:54:54,0,6,0,6
2022-06-22T13:05:22,0,6,0,6
2022-06-22T13:15:51,0,6,0,6
2022-06-22T13:26:26,0,6,0,6
2022-06-22T13:36:55,0,6,0,6
2022-06-22T13:47:26,0,6,0,6
2022-06-22T13:57:57,0,6,0,6
2022-06-22T14:08:30,0,6,0,6
2022-06-22T14:19:00,0,6,0,6
2022-06-22T14:29:41,0,6,0,6
2022-06-22T14:40:12,0,6,0,6
2022-06-22T14:50:44,0,6,0,6
2022-06-22T15:01:20,0,6,0,6
2022-06-22T15:11:52,0,6,0,6
2022-06-22T15:22:27,0,6,0,6
2022-06-22T15:33:01,0,6,0,6
2022-06-22T15:43:35,0,6,0,6
2022-06-22T15:54:24,0,6,0,6
2022-06-22T16:04:59,0,6,0,6
2022-06-22T16:15:32,0,6,0,6
2022-06-22T16:26:09,0,6,0,6
2022-06-22T16:36:53,0,6,0,6
2022-06-22T16:47:35,0,6,0,6
2022-06-22T16:58:15,0,6,0,6
2022-06-22T17:09:01,0,6,0,6
2022-06-22T17:19:38,0,6,0,6
2022-06-22T17:30:23,0,6,0,6
2022-06-22T17:40:57,0,6,0,6
2022-06-22T17:51:31,0,6,0,6
2022-06-22T18:02:03,0,6,0,6
2022-06-22T18:12:34,0,6,0,6
2022-06-22T18:23:03,0,6,0,6
2022-06-22T18:33:31,0,6,0,6
2022-06-22T18:44:01,0,6,0,6
2022-06-22T18:54:29,0,6,0,6
2022-06-22T19:04:57,0,6,0,6
2022-06-22T19:15:36,0,6,0,6
2022-06-22T19:26:04,0,6,0,6
2022-06-22T19:36:32,0,6,0,6
2022-06-22T19:47:00,0,6,0,6
2022-06-22T19:57:28,0,6,0,6
2022-06-22T20:07:56,0,6,0,6
2022-06-22T20:18:23,0,6,0,6
2022-06-22T20:28:51,0,6,0,6
2022-06-22T20:39:18,0,6,0,6
2022-06-22T20:49:48,0,6,0,6
2022-06-22T21:00:27,0,6,0,6
2022-06-22T21:10:55,0,6,0,6
2022-06-22T21:21:22,0,6,0,6
2022-06-22T21:31:49,0,6,0,6
2022-06-22T21:42:17,0,6,0,6
2022-06-22T21:52:46,0,6,0,6
2022-06-22T22:03:15,0,6,0,6
2022-06-22T22:13:43,0,6,0,6
2022-06-22T22:24:14,0,6,0,6
2022-06-22T22:34:41,0,6,0,6
2022-06-22T22:45:21,0,6,0,6
2022-06-22T22:55:48,0,6,0,6
2022-06-22T23:06:16,0,6,0,6
2022-06-22T23:16:45,0,6,0,6
2022-06-22T23:27:14,0,6,0,6
2022-06-22T23:37:42,0,6,0,6
2022-06-22T23:48:09,0,6,0,6
2022-06-22T23:58:36,0,6,0,6
2022-06-23T00:09:05,0,6,0,6
2022-06-23T00:19:37,0,6,0,6
2022-06-23T00:30:17,0,6,0,6
2022-06-23T00:40:46,0,6,0,6
2022-06-23T00:51:15,0,6,0,6
2022-06-23T01:01:45,0,6,0,6
2022-06-23T01:12:14,0,6,0,6
2022-06-23T01:22:44,0,6,0,6
2022-06-23T01:33:14,0,6,0,6
2022-06-23T01:43:42,0,6,0,6
2022-06-23T01:54:11,0,6,0,6
2022-06-23T02:04:41,0,6,0,6
2022-06-23T02:15:09,0,6,0,6
2022-06-23T02:25:36,0,6,0,6
2022-06-23T02:36:02,0,6,0,6
2022-06-23T02:46:29,0,6,0,6
2022-06-23T02:56:55,0,6,0,6
2022-06-23T03:07:24,0,6,0,6
2022-06-23T03:18:01,0,6,0,6
2022-06-23T03:28:27,0,6,0,6
2022-06-23T03:38:53,0,6,0,6
2022-06-23T03:49:19,0,6,0,6
2022-06-23T04:02:27,0,6,0,6
2022-06-23T04:12:54,0,6,0,6
2022-06-23T04:27:30,0,6,0,6
2022-06-23T04:38:22,0,6,0,6
2022-06-23T04:48:50,0,6,0,6
2022-06-23T04:59:19,0,6,0,6
2022-06-23T05:09:52,0,6,0,6
2022-06-23T05:20:25,0,6,0,6
2022-06-23T05:30:57,0,6,0,6
2022-06-23T05:41:29,0,6,0,6
2022-06-23T05:52:21,0,6,0,6
2022-06-23T06:02:52,0,6,0,6
2022-06-23T06:13:23,0,6,0,6
2022-06-23T06:23:53,0,6,0,6
2022-06-23T06:34:26,0,6,0,6
2022-06-23T06:44:56,0,6,0,6
2022-06-23T06:55:25,0,6,0,6
2022-06-23T07:06:01,0,6,0,6
2022-06-23T07:16:30,0,6,0,6
2022-06-23T07:26:59,0,6,0,6
2022-06-23T07:37:28,0,6,0,6
2022-06-23T07:48:03,0,6,0,6
2022-06-23T07:58:36,0,6,0,6
2022-06-23T08:09:09,0,6,0,6
2022-06-23T08:19:44,0,6,0,6
2022-06-23T08:30:19,0,6,0,6
2022-06-23T08:40:54,0,6,0,6
2022-06-23T08:51:40,0,6,0,6
2022-06-23T09:02:22,0,6,0,6
2022-06-23T09:12:58,0,6,0,6
2022-06-23T09:23:32,0,6,0,6
2022-06-23T09:34:11,0,6,0,6
2022-06-23T09:44:48,0,6,0,6
2022-06-23T09:55:27,0,6,0,6
2022-06-23T10:06:14,0,6,0,6
2022-06-23T10:16:49,0,6,0,6
2022-06-23T10:27:25,0,6,0,6
2022-06-23T10:37:59,0,6,0,6
2022-06-23T10:48:32,0,6,0,6
2022-06-23T10:59:19,0,6,0,6
2022-06-23T11:09:52,0,6,0,6
2022-06-23T11:20:25,0,6,0,6
2022-06-23T11:30:56,0,6,0,6
2022-06-23T11:41:25,0,6,0,6
2022-06-23T11:51:54,0,6,0,6
2022-06-23T12:02:23,0,6,0,6
2022-06-23T12:12:52,0,6,0,6
2022-06-23T12:23:22,0,6,0,6
2022-06-23T12:33:53,0,6,0,6
2022-06-23T12:44:22,0,6,0,6
2022-06-23T12:55:04,0,6,0,6
2022-06-23T13:05:34,0,6,0,6
2022-06-23T13:16:06,0,6,0,6
2022-06-23T13:26:35,0,6,0,6
2022-06-23T13:37:05,0,6,0,6
2022-06-23T13:47:34,0,6,0,6
2022-06-23T13:58:05,0,6,0,6
2022-06-23T14:08:35,0,6,0,6
2022-06-23T14:19:18,0,6,0,6
2022-06-23T14:29:47,0,6,0,6
2022-06-23T14:40:17,0,6,0,6
2022-06-23T14:50:46,0,6,0,6
2022-06-23T15:01:15,0,6,0,6
2022-06-23T15:11:44,0,6,0,6
2022-06-23T15:22:13,0,6,0,6
2022-06-23T15:32:43,0,6,0,6
2022-06-23T15:43:24,0,6,0,6
2022-06-23T15:53:53,0,6,0,6
2022-06-23T16:04:22,0,6,0,6
2022-06-23T16:14:51,0,6,0,6
2022-06-23T16:25:20,0,6,0,6
2022-06-23T16:35:50,0,6,0,6
2022-06-23T16:46:18,0,6,0,6
2022-06-23T16:56:47,0,6,0,6
2022-06-23T17:07:17,0,6,0,6
2022-06-23T17:17:56,0,6,0,6
2022-06-23T17:28:25,0,6,0,6
2022-06-23T17:38:52,0,6,0,6
2022-06-23T17:49:21,0,6,0,6
2022-06-23T17:59:49,0,6,0,6
2022-06-23T18:10:18,0,6,0,6
2022-06-23T18:20:46,0,6,0,6
2022-06-23T18:31:14,0,6,0,6
2022-06-23T18:41:42,0,6,0,6
2022-06-23T18:52:10,0,6,0,6
2022-06-23T19:02:38,0,6,0,6
2022-06-23T19:13:06,0,6,0,6
2022-06-23T19:23:45,0,6,0,6
2022-06-23T19:34:13,0,6,0,6
2022-06-23T19:44:41,0,6,0,6
2022-06-23T19:55:08,0,6,0,6
2022-06-23T20:05:36,0,6,0,6
2022-06-23T20:16:04,0,6,0,6
2022-06-23T20:26:31,0,6,0,6
2022-06-23T20:36:59,0,6,0,6
2022-06-23T20:47:26,0,6,0,6
2022-06-23T20:57:54,0,6,0,6
2022-06-23T21:08:24,0,6,0,6
2022-06-23T21:18:51,0,6,0,6
2022-06-23T21:29:29,0,6,0,6
2022-06-23T21:39:57,0,6,0,6
2022-06-23T21:50:27,0,6,0,6
2022-06-23T22:00:54,0,6,0,6
2022-06-23T22:11:23,0,6,0,6
2022-06-23T22:21:50,0,6,0,6
2022-06-23T22:32:19,0,6,0,6
2022-06-23T22:42:47,0,6,0,6
2022-06-23T22:53:14,0,6,0,6
2022-06-23T23:03:54,0,6,0,6
2022-06-23T23:14:23,0,6,0,6
2022-06-23T23:24:51,0,6,0,6
2022-06-23T23:35:19,0,6,0,6
2022-06-23T23:45:47,0,6,0,6
2022-06-23T23:56:15,0,6,0,6
2022-06-24T00:06:43,0,6,0,6
2022-06-24T00:17:15,0,6,0,6
2022-06-24T00:27:44,0,6,0,6
2022-06-24T00:38:14,0,6,0,6
2022-06-24T00:48:45,0,6,0,6
2022-06-24T00:59:16,0,6,0,6
2022-06-24T01:09:47,0,6,0,6
2022-06-24T01:20:17,0,6,0,6
2022-06-24T01:30:58,0,6,0,6
2022-06-24T01:41:27,0,6,0,6
2022-06-24T01:52:01,0,6,0,6
2022-06-24T02:02:34,0,6,0,6
2022-06-24T02:13:07,0,6,0,6
2022-06-24T02:23:42,0,6,0,6
2022-06-24T02:34:17,0,6,0,6
2022-06-24T02:44:53,0,6,0,6
2022-06-24T02:55:27,0,6,0,6
2022-06-24T03:06:07,0,6,0,6
2022-06-24T03:16:49,0,6,0,6
2022-06-24T03:27:28,0,6,0,6
2022-06-24T03:38:07,0,6,0,6
2022-06-24T03:48:46,0,6,0,6
2022-06-24T03:59:25,0,6,0,6
2022-06-24T04:10:01,0,6,0,6
2022-06-24T04:36:27,0,6,0,6
2022-06-24T04:47:02,0,6,0,6
2022-06-24T04:57:36,0,6,0,6
2022-06-24T05:08:10,0,6,0,6
2022-06-24T05:18:41,0,6,0,6
2022-06-24T05:29:11,0,6,0,6
2022-06-24T05:39:42,0,6,0,6
2022-06-24T05:50:15,0,6,0,6
2022-06-24T06:00:44,0,6,0,6
2022-06-24T06:11:16,0,6,0,6
2022-06-24T06:21:45,0,6,0,6
2022-06-24T06:32:15,0,6,0,6
2022-06-24T06:42:46,0,6,0,6
2022-06-24T06:53:14,0,6,0,6
2022-06-24T07:03:47,0,6,0,6
2022-06-24T07:14:16,0,6,0,6
2022-06-24T07:24:44,0,6,0,6
2022-06-24T07:35:12,0,6,0,6
2022-06-24T07:45:40,0,6,0,6
2022-06-24T07:56:08,0,6,0,6
2022-06-24T08:06:37,0,6,0,6
2022-06-24T08:17:05,0,6,0,6
2022-06-24T08:27:33,0,6,0,6
2022-06-24T08:38:02,0,6,0,6
2022-06-24T08:48:41,0,6,0,6
2022-06-24T08:59:11,0,6,0,6
2022-06-24T09:09:39,0,6,0,6
2022-06-24T09:20:07,0,6,0,6
2022-06-24T09:30:36,0,6,0,6
2022-06-24T09:41:09,0,6,0,6
2022-06-24T09:51:38,0,6,0,6
2022-06-24T10:02:07,0,6,0,6
2022-06-24T10:12:41,0,6,0,6
2022-06-24T10:23:20,0,6,0,6
2022-06-24T10:33:50,0,6,0,6
2022-06-24T10:44:19,0,6,0,6
2022-06-24T10:54:48,0,6,0,6
2022-06-24T11:05:19,0,6,0,6
2022-06-24T11:15:48,0,6,0,6
2022-06-24T11:26:17,0,6,0,6
2022-06-24T11:36:46,0,6,0,6
2022-06-24T11:47:15,0,6,0,6
2022-06-24T11:57:57,0,6,0,6
2022-06-24T12:08:26,0,6,0,6
2022-06-24T12:18:54,0,6,0,6
2022-06-24T12:29:23,0,6,0,6
2022-06-24T12:39:52,0,6,0,6
2022-06-24T12:50:21,0,6,0,6
2022-06-24T13:00:50,0,6,0,6
2022-06-24T13:11:19,0,6,0,6
2022-06-24T13:21:48,0,6,0,6
2022-06-24T13:32:30,0,6,0,6
2022-06-24T13:42:59,0,6,0,6
2022-06-24T13:53:28,0,6,0,6
2022-06-24T14:04:00,0,6,0,6
2022-06-24T14:14:29,0,6,0,6
2022-06-24T14:24:57,0,6,0,6
2022-06-24T14:35:30,0,6,0,6
2022-06-24T14:46:00,0,6,0,6
2022-06-24T14:56:41,0,6,0,6
2022-06-24T15:07:10,0,6,0,6
2022-06-24T15:17:39,0,6,0,6
2022-06-24T15:28:08,0,6,0,6
2022-06-24T15:38:37,0,6,0,6
2022-06-24T15:49:06,0,6,0,6
2022-06-24T15:59:35,0,6,0,6
2022-06-24T16:10:04,0,6,0,6
2022-06-24T16:20:33,0,6,0,6
2022-06-24T16:31:02,0,6,0,6
2022-06-24T16:41:30,0,6,0,6
2022-06-24T16:51:58,0,6,0,6
2022-06-24T17:02:26,0,6,0,6
2022-06-24T17:13:07,0,6,0,6
2022-06-24T17:23:35,0,6,0,6
2022-06-24T17:34:03,0,6,0,6
2022-06-24T17:44:30,0,6,0,6
2022-06-24T17:54:58,0,6,0,6
2022-06-24T18:05:26,0,6,0,6
2022-06-24T18:15:53,0,6,0,6
2022-06-24T18:26:21,0,6,0,6
2022-06-24T18:36:49,0,6,0,6
2022-06-24T18:47:16,0,6,0,6
2022-06-24T18:57:44,0,6,0,6
2022-06-24T19:08:12,0,6,0,6
2022-06-24T19:18:39,0,6,0,6
2022-06-24T19:29:07,0,6,0,6
2022-06-24T19:39:46,0,6,0,6
2022-06-24T19:50:13,0,6,0,6
2022-06-24T20:00:40,0,6,0,6
2022-06-24T20:11:08,0,6,0,6
2022-06-24T20:21:36,0,6,0,6
2022-06-24T20:32:03,0,6,0,6
2022-06-24T20:42:31,0,6,0,6
2022-06-24T20:52:58,0,6,0,6
2022-06-24T21:03:25,0,6,0,6
2022-06-24T21:13:53,0,6,0,6
2022-06-24T21:24:20,0,6,0,6
2022-06-24T21:34:58,0,6,0,6
2022-06-24T21:45:28,0,6,0,6
2022-06-24T21:55:55,0,6,0,6
2022-06-24T22:06:23,0,6,0,6
2022-06-24T22:16:51,0,6,0,6
2022-06-24T22:27:18,0,6,0,6
2022-06-24T22:37:48,0,6,0,6
2022-06-24T22:48:18,0,6,0,6
2022-06-24T22:58:45,0,6,0,6
2022-06-24T23:09:14,0,6,0,6
2022-06-24T23:19:42,0,6,0,6
2022-06-24T23:30:10,0,6,0,6
2022-06-24T23:40:49,0,6,0,6
2022-06-24T23:51:16,0,6,0,6
2022-06-25T00:01:44,0,6,0,6
2022-06-25T00:12:20,0,6,0,6
2022-06-25T00:22:52,0,6,0,6
2022-06-25T00:33:21,0,6,0,6
2022-06-25T00:43:51,0,6,0,6
2022-06-25T00:54:21,0,6,0,6
2022-06-25T01:04:53,0,6,0,6
2022-06-25T01:15:22,0,6,0,6
2022-06-25T01:25:52,0,6,0,6
2022-06-25T01:36:21,0,6,0,6
2022-06-25T01:46:51,0,6,0,6
2022-06-25T01:57:31,0,6,0,6
2022-06-25T02:08:00,0,6,0,6
2022-06-25T02:18:28,0,6,0,6
2022-06-25T02:28:56,0,6,0,6
2022-06-25T02:39:26,0,6,0,6
2022-06-25T02:49:53,0,6,0,6
2022-06-25T03:00:20,0,6,0,6
2022-06-25T03:10:47,0,6,0,6
2022-06-25T03:21:14,0,6,0,6
2022-06-25T03:31:41,0,6,0,6
2022-06-25T03:42:09,0,6,0,6
2022-06-25T03:52:38,0,6,0,6
2022-06-25T04:03:07,0,6,0,6
2022-06-25T04:20:51,0,6,0,6
2022-06-25T04:31:46,0,6,0,6
2022-06-25T04:42:17,0,6,0,6
2022-06-25T04:52:48,0,6,0,6
2022-06-25T05:03:18,0,6,0,6
2022-06-25T05:13:49,0,6,0,6
2022-06-25T05:24:21,0,6,0,6
2022-06-25T05:34:52,0,6,0,6
2022-06-25T05:45:22,0,6,0,6
2022-06-25T05:55:51,0,6,0,6
2022-06-25T06:06:21,0,6,0,6
2022-06-25T06:16:51,0,6,0,6
2022-06-25T06:27:20,0,6,0,6
2022-06-25T06:37:51,0,6,0,6
2022-06-25T06:48:21,0,6,0,6
2022-06-25T06:59:01,0,6,0,6
2022-06-25T07:09:33,0,6,0,6
2022-06-25T07:20:03,0,6,0,6
2022-06-25T07:30:33,0,6,0,6
2022-06-25T07:41:02,0,6,0,6
2022-06-25T07:51:32,0,6,0,6
2022-06-25T08:02:03,0,6,0,6
2022-06-25T08:12:42,0,6,0,6
2022-06-25T08:23:12,0,6,0,6
2022-06-25T08:33:41,0,6,0,6
2022-06-25T08:44:10,0,6,0,6
2022-06-25T08:54:39,0,6,0,6
2022-06-25T09:05:08,0,6,0,6
2022-06-25T09:15:36,0,6,0,6
2022-06-25T09:26:05,0,6,0,6
2022-06-25T09:36:45,0,6,0,6
2022-06-25T09:47:14,0,6,0,6
2022-06-25T09:57:41,0,6,0,6
2022-06-25T10:08:09,0,6,0,6
2022-06-25T10:18:36,0,6,0,6
2022-06-25T10:29:04,0,6,0,6
2022-06-25T10:39:31,0,6,0,6
2022-06-25T10:49:59,0,6,0,6
2022-06-25T11:00:35,0,6,0,6
2022-06-25T11:11:03,0,6,0,6
2022-06-25T11:21:29,0,6,0,6
2022-06-25T11:31:57,0,6,0,6
2022-06-25T11:42:24,0,6,0,6
2022-06-25T11:52:52,0,6,0,6
2022-06-25T12:03:29,0,6,0,6
2022-06-25T12:13:56,0,6,0,6
2022-06-25T12:24:23,0,6,0,6
2022-06-25T12:34:51,0,6,0,6
2022-06-25T12:45:18,0,6,0,6
2022-06-25T12:55:45,0,6,0,6
2022-06-25T13:06:12,0,6,0,6
2022-06-25T13:16:40,0,6,0,6
2022-06-25T13:27:07,0,6,0,6
2022-06-25T13:37:34,0,6,0,6
2022-06-25T13:48:01,0,6,0,6
2022-06-25T13:58:29,0,6,0,6
2022-06-25T14:08:56,0,6,0,6
2022-06-25T14:19:33,0,6,0,6
2022-06-25T14:30:00,0,6,0,6
2022-06-25T14:40:27,0,6,0,6
2022-06-25T14:50:54,0,6,0,6
2022-06-25T15:01:22,0,6,0,6
2022-06-25T15:11:49,0,6,0,6
2022-06-25T15:22:18,0,6,0,6
2022-06-25T15:32:45,0,6,0,6
2022-06-25T15:43:12,0,6,0,6
2022-06-25T15:53:39,0,6,0,6
2022-06-25T16:04:06,0,6,0,6
2022-06-25T16:14:33,0,6,0,6
2022-06-25T16:25:00,0,6,0,6
2022-06-25T16:35:28,0,6,0,6
2022-06-25T16:45:55,0,6,0,6
2022-06-25T16:56:32,0,6,0,6
2022-06-25T17:07:00,0,6,0,6
2022-06-25T17:17:28,0,6,0,6
2022-06-25T17:27:55,0,6,0,6
2022-06-25T17:38:22,0,6,0,6
2022-06-25T17:48:50,0,6,0,6
2022-06-25T17:59:17,0,6,0,6
2022-06-25T18:09:46,0,6,0,6
2022-06-25T18:20:13,0,6,0,6
2022-06-25T18:30:41,0,6,0,6
2022-06-25T18:41:09,0,6,0,6
2022-06-25T18:51:36,0,6,0,6
2022-06-25T19:02:03,0,6,0,6
2022-06-25T19:12:30,0,6,0,6
2022-06-25T19:22:58,0,6,0,6
2022-06-25T19:33:25,0,6,0,6
2022-06-25T19:43:52,0,6,0,6
2022-06-25T19:54:30,0,6,0,6
2022-06-25T20:04:57,0,6,0,6
2022-06-25T20:15:25,0,6,0,6
2022-06-25T20:25:52,0,6,0,6
2022-06-25T20:36:19,0,6,0,6
2022-06-25T20:46:46,0,6,0,6
2022-06-25T20:57:13,0,6,0,6
2022-06-25T21:07:41,0,6,0,6
2022-06-25T21:18:08,0,6,0,6
2022-06-25T21:28:35,0,6,0,6
2022-06-25T21:39:02,0,6,0,6
2022-06-25T21:49:30,0,6,0,6
2022-06-25T21:59:57,0,6,0,6
2022-06-25T22:10:25,0,6,0,6
2022-06-25T22:20:52,0,6,0,6
2022-06-25T22:31:20,0,6,0,6
2022-06-25T22:41:47,0,6,0,6
2022-06-25T22:52:15,0,6,0,6
2022-06-25T23:02:42,0,6,0,6
2022-06-25T23:13:11,0,6,0,6
2022-06-25T23:23:49,0,6,0,6
2022-06-25T23:34:16,0,6,0,6
2022-06-25T23:44:43,0,6,0,6
2022-06-25T23:55:11,0,6,0,6
2022-06-26T00:05:39,0,6,0,6
2022-06-26T00:16:08,0,6,0,6
2022-06-26T00:26:36,0,6,0,6
2022-06-26T00:37:04,0,6,0,6
2022-06-26T00:47:32,0,6,0,6
2022-06-26T00:57:59,0,6,0,6
2022-06-26T01:08:37,0,6,0,6
2022-06-26T01:19:04,0,6,0,6
2022-06-26T01:29:31,0,6,0,6
2022-06-26T01:39:58,0,6,0,6
2022-06-26T01:50:25,0,6,0,6
2022-06-26T02:00:52,0,6,0,6
2022-06-26T02:11:19,0,6,0,6
2022-06-26T02:21:46,0,6,0,6
2022-06-26T02:32:18,0,6,0,6
2022-06-26T02:42:49,0,6,0,6
2022-06-26T02:53:19,0,6,0,6
2022-06-26T03:03:59,0,6,0,6
2022-06-26T03:14:39,0,6,0,6
2022-06-26T03:25:10,0,6,0,6
2022-06-26T03:35:40,0,6,0,6
2022-06-26T03:46:10,0,6,0,6
2022-06-26T03:56:40,0,6,0,6
2022-06-26T04:07:11,0,6,0,6
2022-06-26T04:33:49,0,6,0,6
2022-06-26T04:44:20,0,6,0,6
2022-06-26T04:54:51,0,6,0,6
2022-06-26T05:05:23,0,6,0,6
2022-06-26T05:15:55,0,6,0,6
2022-06-26T05:26:24,0,6,0,6
2022-06-26T05:36:53,0,6,0,6
2022-06-26T05:47:23,0,6,0,6
2022-06-26T05:57:52,0,6,0,6
2022-06-26T06:08:22,0,6,0,6
2022-06-26T06:18:55,0,6,0,6
2022-06-26T06:29:25,0,6,0,6
2022-06-26T06:39:55,0,6,0,6
2022-06-26T06:50:24,0,6,0,6
2022-06-26T07:00:53,0,6,0,6
2022-06-26T07:11:22,0,6,0,6
2022-06-26T07:21:55,0,6,0,6
2022-06-26T07:32:26,0,6,0,6
2022-06-26T07:42:59,0,6,0,6
2022-06-26T07:53:36,0,6,0,6
2022-06-26T08:04:12,0,6,0,6
2022-06-26T08:14:48,0,6,0,6
2022-06-26T08:25:37,0,6,0,6
2022-06-26T08:36:14,0,6,0,6
2022-06-26T08:46:47,0,6,0,6
2022-06-26T08:57:24,0,6,0,6
2022-06-26T09:07:55,0,6,0,6
2022-06-26T09:18:27,0,6,0,6
2022-06-26T09:29:04,0,6,0,6
2022-06-26T09:39:39,0,6,0,6
2022-06-26T09:50:15,0,6,0,6
2022-06-26T10:00:51,0,6,0,6
2022-06-26T10:11:28,0,6,0,6
2022-06-26T10:22:04,0,6,0,6
2022-06-26T10:32:41,0,6,0,6
2022-06-26T10:43:16,0,6,0,6
2022-06-26T10:53:48,0,6,0,6
2022-06-26T11:04:21,0,6,0,6
2022-06-26T11:15:02,0,6,0,6
2022-06-26T11:25:30,0,6,0,6
2022-06-26T11:35:57,0,6,0,6
2022-06-26T11:46:24,0,6,0,6
2022-06-26T11:56:51,0,6,0,6
2022-06-26T12:07:18,0,6,0,6
2022-06-26T12:17:46,0,6,0,6
2022-06-26T12:28:13,0,6,0,6
2022-06-26T12:38:40,0,6,0,6
2022-06-26T12:49:07,0,6,0,6
2022-06-26T12:59:35,0,6,0,6
2022-06-26T13:10:12,0,6,0,6
2022-06-26T13:20:39,0,6,0,6
2022-06-26T13:31:06,0,6,0,6
2022-06-26T13:41:33,0,6,0,6
2022-06-26T13:52:00,0,6,0,6
2022-06-26T14:02:28,0,6,0,6
2022-06-26T14:12:55,0,6,0,6
2022-06-26T14:23:22,0,6,0,6
2022-06-26T14:33:49,0,6,0,6
2022-06-26T14:44:16,0,6,0,6
2022-06-26T14:54:43,0,6,0,6
2022-06-26T15:05:12,0,6,0,6
2022-06-26T15:15:49,0,6,0,6
2022-06-26T15:26:17,0,6,0,6
2022-06-26T15:36:44,0,6,0,6
2022-06-26T15:47:11,0,6,0,6
2022-06-26T15:57:38,0,6,0,6
2022-06-26T16:08:05,0,6,0,6
2022-06-26T16:18:33,0,6,0,6
2022-06-26T16:29:01,0,6,0,6
2022-06-26T16:39:28,0,6,0,6
2022-06-26T16:49:56,0,6,0,6
2022-06-26T17:00:23,0,6,0,6
2022-06-26T17:10:51,0,6,0,6
2022-06-26T17:21:28,0,6,0,6
2022-06-26T17:31:55,0,6,0,6
2022-06-26T17:42:23,0,6,0,6
2022-06-26T17:52:51,0,6,0,6
2022-06-26T18:03:19,0,6,0,6
2022-06-26T18:13:46,0,6,0,6
2022-06-26T18:24:14,0,6,0,6
2022-06-26T18:34:41,0,6,0,6
2022-06-26T18:45:08,0,6,0,6
2022-06-26T18:55:36,0,6,0,6
2022-06-26T19:06:03,0,6,0,6
2022-06-26T19:16:41,0,6,0,6
2022-06-26T19:27:08,0,6,0,6
2022-06-26T19:37:35,0,6,0,6
2022-06-26T19:48:03,0,6,0,6
2022-06-26T19:58:30,0,6,0,6
2022-06-26T20:08:57,0,6,0,6
2022-06-26T20:19:24,0,6,0,6
2022-06-26T20:29:52,0,6,0,6
2022-06-26T20:40:19,0,6,0,6
2022-06-26T20:50:46,0,6,0,6
2022-06-26T21:01:25,0,6,0,6
2022-06-26T21:11:52,0,6,0,6
2022-06-26T21:22:20,0,6,0,6
2022-06-26T21:32:47,0,6,0,6
2022-06-26T21:43:15,0,6,0,6
2022-06-26T21:53:43,0,6,0,6
2022-06-26T22:04:10,0,6,0,6
2022-06-26T22:14:38,0,6,0,6
2022-06-26T22:25:06,0,6,0,6
2022-06-26T22:35:45,0,6,0,6
2022-06-26T22:46:13,0,6,0,6
2022-06-26T22:56:40,0,6,0,6
2022-06-26T23:07:09,0,6,0,6
2022-06-26T23:17:37,0,6,0,6
2022-06-26T23:28:06,0,6,0,6
2022-06-26T23:38:34,0,6,0,6
2022-06-26T23:49:02,0,6,0,6
2022-06-26T23:59:30,0,6,0,6
2022-06-27T00:09:59,0,6,0,6
2022-06-27T00:20:31,0,6,0,6
2022-06-27T00:31:11,0,6,0,6
2022-06-27T00:41:40,0,6,0,6
2022-06-27T00:52:09,0,6,0,6
2022-06-27T01:02:37,0,6,0,6
2022-06-27T01:13:05,0,6,0,6
2022-06-27T01:23:40,0,6,0,6
2022-06-27T01:34:12,0,6,0,6
2022-06-27T01:44:42,0,6,0,6
2022-06-27T01:55:12,0,6,0,6
2022-06-27T02:05:56,0,6,0,6
2022-06-27T02:16:27,0,6,0,6
2022-06-27T02:27:08,0,6,0,6
2022-06-27T02:37:37,0,6,0,6
2022-06-27T02:48:05,0,6,0,6
2022-06-27T02:58:33,0,6,0,6
2022-06-27T03:09:01,0,6,0,6
2022-06-27T03:19:28,0,6,0,6
2022-06-27T03:29:56,0,6,0,6
2022-06-27T03:40:25,0,6,0,6
2022-06-27T03:50:56,0,6,0,6
2022-06-27T04:01:25,0,6,0,6
2022-06-27T04:20:56,0,6,0,6
2022-06-27T04:32:15,0,6,0,6
2022-06-27T04:43:44,0,6,0,6
2022-06-27T04:54:15,0,6,0,6
2022-06-27T05:04:46,0,6,0,6
2022-06-27T05:15:18,0,6,0,6
2022-06-27T05:25:48,0,6,0,6
2022-06-27T05:36:18,0,6,0,6
2022-06-27T05:46:48,0,6,0,6
2022-06-27T05:57:18,0,6,0,6
2022-06-27T06:07:47,0,6,0,6
2022-06-27T06:18:17,0,6,0,6
2022-06-27T06:28:47,0,6,0,6
2022-06-27T06:39:15,0,6,0,6
2022-06-27T06:49:43,0,6,0,6
2022-06-27T07:00:10,0,6,0,6
2022-06-27T07:10:40,0,6,0,6
2022-06-27T07:21:08,0,6,0,6
2022-06-27T07:31:37,0,6,0,6
2022-06-27T07:42:06,0,6,0,6
2022-06-27T07:52:35,0,6,0,6
2022-06-27T08:03:21,0,6,0,6
2022-06-27T08:13:50,0,6,0,6
2022-06-27T08:24:19,0,6,0,6
2022-06-27T08:34:49,0,6,0,6
2022-06-27T08:45:18,0,6,0,6
2022-06-27T08:55:47,0,6,0,6
2022-06-27T09:06:16,0,6,0,6
2022-06-27T09:16:46,0,6,0,6
2022-06-27T09:27:29,0,6,0,6
2022-06-27T09:38:00,0,6,0,6
2022-06-27T09:48:32,0,6,0,6
2022-06-27T09:59:03,0,6,0,6
2022-06-27T10:09:35,0,6,0,6
2022-06-27T10:20:07,0,6,0,6
2022-06-27T10:30:40,0,6,0,6
2022-06-27T10:41:26,0,6,0,6
2022-06-27T10:51:58,0,6,0,6
2022-06-27T11:02:29,0,6,0,6
2022-06-27T11:13:01,0,6,0,6
2022-06-27T11:23:32,0,6,0,6
2022-06-27T11:34:14,0,6,0,6
2022-06-27T11:44:44,0,6,0,6
2022-06-27T11:55:15,0,6,0,6
2022-06-27T12:05:45,0,6,0,6
2022-06-27T12:16:16,0,6,0,6
2022-06-27T12:26:57,0,6,0,6
2022-06-27T12:37:28,0,6,0,6
2022-06-27T12:47:57,0,6,0,6
2022-06-27T12:58:27,0,6,0,6
2022-06-27T13:08:57,0,6,0,6
2022-06-27T13:19:27,0,6,0,6
2022-06-27T13:29:57,0,6,0,6
2022-06-27T13:40:46,0,6,0,6
2022-06-27T13:51:17,0,6,0,6
2022-06-27T14:01:47,0,6,0,6
2022-06-27T14:12:17,0,6,0,6
2022-06-27T14:22:47,0,6,0,6
2022-06-27T14:33:17,0,6,0,6
2022-06-27T14:43:47,0,6,0,6
2022-06-27T14:54:29,0,6,0,6
2022-06-27T15:04:58,0,6,0,6
2022-06-27T15:15:28,0,6,0,6
2022-06-27T15:25:58,0,6,0,6
2022-06-27T15:36:27,0,6,0,6
2022-06-27T15:46:58,0,6,0,6
2022-06-27T15:57:27,0,6,0,6
2022-06-27T16:07:56,0,6,0,6
2022-06-27T16:18:35,0,6,0,6
2022-06-27T16:29:04,0,6,0,6
2022-06-27T16:39:33,0,6,0,6
2022-06-27T16:50:02,0,6,0,6
2022-06-27T17:00:30,0,6,0,6
2022-06-27T17:11:01,0,6,0,6
2022-06-27T17:21:29,0,6,0,6
2022-06-27T17:31:57,0,6,0,6
2022-06-27T17:42:35,0,6,0,6
2022-06-27T17:53:03,0,6,0,6
2022-06-27T18:03:31,0,6,0,6
2022-06-27T18:14:00,0,6,0,6
2022-06-27T18:24:31,0,6,0,6
2022-06-27T18:35:04,0,6,0,6
2022-06-27T18:45:37,0,6,0,6
2022-06-27T18:56:11,0,6,0,6
2022-06-27T19:06:44,0,6,0,6
2022-06-27T19:17:39,0,6,0,6
2022-06-27T19:28:11,0,6,0,6
2022-06-27T19:38:46,0,6,0,6
2022-06-27T19:49:21,0,6,0,6
2022-06-27T19:59:58,0,6,0,6
2022-06-27T20:10:35,0,6,0,6
2022-06-27T20:21:11,0,6,0,6
2022-06-27T20:31:49,0,6,0,6
2022-06-27T20:42:26,0,6,0,6
2022-06-27T20:52:59,0,6,0,6
2022-06-27T21:03:30,0,6,0,6
2022-06-27T21:14:09,0,6,0,6
2022-06-27T21:24:39,0,6,0,6
2022-06-27T21:35:08,0,6,0,6
2022-06-27T21:45:36,0,6,0,6
2022-06-27T21:56:03,0,6,0,6
2022-06-27T22:06:31,0,6,0,6
2022-06-27T22:16:59,0,6,0,6
2022-06-27T22:27:27,0,6,0,6
2022-06-27T22:37:55,0,6,0,6
2022-06-27T22:48:35,0,6,0,6
2022-06-27T22:59:02,0,6,0,6
2022-06-27T23:09:31,0,6,0,6
2022-06-27T23:19:59,0,6,0,6
2022-06-27T23:30:27,0,6,0,6
2022-06-27T23:40:55,0,6,0,6
2022-06-27T23:51:22,0,6,0,6
2022-06-28T00:01:49,0,6,0,6
2022-06-28T00:12:20,0,6,0,6
2022-06-28T00:23:12,0,6,0,6
2022-06-28T00:33:42,0,6,0,6
2022-06-28T00:44:12,0,6,0,6
2022-06-28T00:54:42,0,6,0,6
2022-06-28T01:05:11,0,6,0,6
2022-06-28T01:15:41,0,6,0,6
2022-06-28T01:26:11,0,6,0,6
2022-06-28T01:36:40,0,6,0,6
2022-06-28T01:47:20,0,6,0,6
2022-06-28T01:57:50,0,6,0,6
2022-06-28T02:08:19,0,6,0,6
2022-06-28T02:18:47,0,6,0,6
2022-06-28T02:29:15,0,6,0,6
2022-06-28T02:39:43,0,6,0,6
2022-06-28T02:50:10,0,6,0,6
2022-06-28T03:00:37,0,6,0,6
2022-06-28T03:11:05,0,6,0,6
2022-06-28T03:21:32,0,6,0,6
2022-06-28T03:31:59,0,6,0,6
2022-06-28T03:42:28,0,6,0,6
2022-06-28T03:53:09,0,6,0,6
2022-06-28T04:03:39,0,6,0,6
2022-06-28T04:14:09,0,6,0,6
2022-06-28T04:28:59,0,6,0,6
2022-06-28T04:40:54,0,6,0,6
2022-06-28T04:51:26,0,6,0,6
2022-06-28T05:01:57,0,6,0,6
2022-06-28T05:12:28,0,6,0,6
2022-06-28T05:23:01,0,6,0,6
2022-06-28T05:33:30,0,6,0,6
2022-06-28T05:43:59,0,6,0,6
2022-06-28T05:54:28,0,6,0,6
2022-06-28T06:04:58,0,6,0,6
2022-06-28T06:15:27,0,6,0,6
2022-06-28T06:25:56,0,6,0,6
2022-06-28T06:36:26,0,6,0,6
2022-06-28T06:46:55,0,6,0,6
2022-06-28T06:57:24,0,6,0,6
2022-06-28T07:07:54,0,6,0,6
2022-06-28T07:18:23,0,6,0,6
2022-06-28T07:28:54,0,6,0,6
2022-06-28T07:39:32,0,6,0,6
2022-06-28T07:50:02,0,6,0,6
2022-06-28T08:00:31,0,6,0,6
2022-06-28T08:11:01,0,6,0,6
2022-06-28T08:21:31,0,6,0,6
2022-06-28T08:32:00,0,6,0,6
2022-06-28T08:42:29,0,6,0,6
2022-06-28T08:52:59,0,6,0,6
2022-06-28T09:03:29,0,6,0,6
2022-06-28T09:13:59,0,6,0,6
2022-06-28T09:24:29,0,6,0,6
2022-06-28T09:35:00,0,6,0,6
2022-06-28T09:45:40,0,6,0,6
2022-06-28T09:56:11,0,6,0,6
2022-06-28T10:06:41,0,6,0,6
2022-06-28T10:17:12,0,6,0,6
2022-06-28T10:27:47,0,6,0,6
2022-06-28T10:38:23,0,6,0,6
2022-06-28T10:48:56,0,6,0,6
2022-06-28T10:59:41,0,6,0,6
2022-06-28T11:10:15,0,6,0,6
2022-06-28T11:20:50,0,6,0,6
2022-06-28T11:31:27,0,6,0,6
2022-06-28T11:42:02,0,6,0,6
2022-06-28T11:52:38,0,6,0,6
2022-06-28T12:03:18,0,6,0,6
2022-06-28T12:14:23,0,6,0,6
2022-06-28T12:25:03,0,6,0,6
2022-06-28T12:35:45,0,6,0,6
2022-06-28T12:46:30,0,6,0,6
2022-06-28T12:57:11,0,6,0,6
2022-06-28T13:07:45,0,6,0,6
2022-06-28T13:18:21,0,6,0,6
2022-06-28T13:29:09,0,6,0,6
2022-06-28T13:39:43,0,6,0,6
2022-06-28T13:50:17,0,6,0,6
2022-06-28T14:00:48,0,6,0,6
2022-06-28T14:11:18,0,6,0,6
2022-06-28T14:21:49,0,6,0,6
2022-06-28T14:32:21,0,6,0,6
2022-06-28T14:43:01,0,6,0,6
2022-06-28T14:53:31,0,6,0,6
2022-06-28T15:04:01,0,6,0,6
2022-06-28T15:14:31,0,6,0,6
2022-06-28T15:25:00,0,6,0,6
2022-06-28T15:35:30,0,6,0,6
2022-06-28T15:46:00,0,6,0,6
2022-06-28T15:56:41,0,6,0,6
2022-06-28T16:07:11,0,6,0,6
2022-06-28T16:17:40,0,6,0,6
2022-06-28T16:28:09,0,6,0,6
2022-06-28T16:38:39,0,6,0,6
2022-06-28T16:49:30,0,6,0,6
2022-06-28T16:59:59,0,6,0,6
2022-06-28T17:10:28,0,6,0,6
2022-06-28T17:20:57,0,6,0,6
2022-06-28T17:31:26,0,6,0,6
2022-06-28T17:41:54,0,6,0,6
2022-06-28T17:52:22,0,6,0,6
2022-06-28T18:02:51,0,6,0,6
2022-06-28T18:13:30,0,6,0,6
2022-06-28T18:23:59,0,6,0,6
2022-06-28T18:34:27,0,6,0,6
2022-06-28T18:44:55,0,6,0,6
2022-06-28T18:55:25,0,6,0,6
2022-06-28T19:05:53,0,6,0,6
2022-06-28T19:16:32,0,6,0,6
2022-06-28T19:27:01,0,6,0,6
2022-06-28T19:37:29,0,6,0,6
2022-06-28T19:47:56,0,6,0,6
2022-06-28T19:58:26,0,6,0,6
2022-06-28T20:08:54,0,6,0,6
2022-06-28T20:19:23,0,6,0,6
2022-06-28T20:29:51,0,6,0,6
2022-06-28T20:40:19,0,6,0,6
2022-06-28T20:50:58,0,6,0,6
2022-06-28T21:01:27,0,6,0,6
2022-06-28T21:11:54,0,6,0,6
2022-06-28T21:22:22,0,6,0,6
2022-06-28T21:32:50,0,6,0,6
2022-06-28T21:43:19,0,6,0,6
2022-06-28T21:53:47,0,6,0,6
2022-06-28T22:04:15,0,6,0,6
2022-06-28T22:14:43,0,6,0,6
2022-06-28T22:25:11,0,6,0,6
2022-06-28T22:35:40,0,6,0,6
2022-06-28T22:46:19,0,6,0,6
2022-06-28T22:56:47,0,6,0,6
2022-06-28T23:07:16,0,6,0,6
2022-06-28T23:17:45,0,6,0,6
2022-06-28T23:28:13,0,6,0,6
2022-06-28T23:38:41,0,6,0,6
2022-06-28T23:49:09,0,6,0,6
2022-06-28T23:59:37,0,6,0,6
2022-06-29T00:10:07,0,6,0,6
2022-06-29T00:20:48,0,6,0,6
2022-06-29T00:31:18,0,6,0,6
2022-06-29T00:41:49,0,6,0,6
2022-06-29T00:52:20,0,6,0,6
2022-06-29T01:02:51,0,6,0,6
2022-06-29T01:13:22,0,6,0,6
2022-06-29T01:23:53,0,6,0,6
2022-06-29T01:34:23,0,6,0,6
2022-06-29T01:44:53,0,6,0,6
2022-06-29T01:55:22,0,6,0,6
2022-06-29T02:06:03,0,6,0,6
2022-06-29T02:16:32,0,6,0,6
2022-06-29T02:27:00,0,6,0,6
2022-06-29T02:37:29,0,6,0,6
2022-06-29T02:47:56,0,6,0,6
2022-06-29T02:58:24,0,6,0,6
2022-06-29T03:08:52,0,6,0,6
2022-06-29T03:19:31,0,6,0,6
2022-06-29T03:29:58,0,6,0,6
2022-06-29T03:40:26,0,6,0,6
2022-06-29T03:50:56,0,6,0,6
2022-06-29T04:01:26,0,6,0,6
2022-06-29T04:11:57,0,6,0,6
2022-06-29T04:24:16,0,6,0,6
2022-06-29T04:35:10,0,6,0,6
2022-06-29T04:45:41,0,6,0,6
2022-06-29T04:56:13,0,6,0,6
2022-06-29T05:06:51,0,6,0,6
2022-06-29T05:17:22,0,6,0,6
2022-06-29T05:27:52,0,6,0,6
2022-06-29T05:40:09,0,6,0,6
2022-06-29T05:50:39,0,6,0,6
2022-06-29T06:01:09,0,6,0,6
2022-06-29T06:11:39,0,6,0,6
2022-06-29T06:22:10,0,6,0,6
2022-06-29T06:32:40,0,6,0,6
2022-06-29T06:43:10,0,6,0,6
2022-06-29T06:53:41,0,6,0,6
2022-06-29T07:04:21,0,6,0,6
2022-06-29T07:14:51,0,6,0,6
2022-06-29T07:25:21,0,6,0,6
2022-06-29T07:35:51,0,6,0,6
2022-06-29T07:46:21,0,6,0,6
2022-06-29T07:56:52,0,6,0,6
2022-06-29T08:07:23,0,6,0,6
2022-06-29T08:17:54,0,6,0,6
2022-06-29T08:28:25,0,6,0,6
2022-06-29T08:38:55,0,6,0,6
2022-06-29T08:49:25,0,6,0,6
2022-06-29T08:59:55,0,6,0,6
2022-06-29T09:10:24,0,6,0,6
2022-06-29T09:20:54,0,6,0,6
2022-06-29T09:31:25,0,6,0,6
2022-06-29T09:42:05,0,6,0,6
2022-06-29T09:52:35,0,6,0,6
2022-06-29T10:03:05,0,6,0,6
2022-06-29T10:13:37,0,6,0,6
2022-06-29T10:24:07,0,6,0,6
2022-06-29T10:34:38,0,6,0,6
2022-06-29T10:45:07,0,6,0,6
2022-06-29T10:55:38,0,6,0,6
2022-06-29T11:06:21,0,6,0,6
2022-06-29T11:16:51,0,6,0,6
2022-06-29T11:27:21,0,6,0,6
2022-06-29T11:37:51,0,6,0,6
2022-06-29T11:48:22,0,6,0,6
2022-06-29T11:58:53,0,6,0,6
2022-06-29T12:09:25,0,6,0,6
2022-06-29T12:19:54,0,6,0,6
2022-06-29T12:30:36,0,6,0,6
2022-06-29T12:41:05,0,6,0,6
2022-06-29T12:51:34,0,6,0,6
2022-06-29T13:02:04,0,6,0,6
2022-06-29T13:12:34,0,6,0,6
2022-06-29T13:23:03,0,6,0,6
2022-06-29T13:33:33,0,6,0,6
2022-06-29T13:44:03,0,6,0,6
2022-06-29T13:54:34,0,6,0,6
2022-06-29T14:05:04,0,6,0,6
2022-06-29T14:15:45,0,6,0,6
2022-06-29T14:26:16,0,6,0,6
2022-06-29T14:36:46,0,6,0,6
2022-06-29T14:47:16,0,6,0,6
2022-06-29T14:57:46,0,6,0,6
2022-06-29T15:08:18,0,6,0,6
2022-06-29T15:18:48,0,6,0,6
2022-06-29T15:29:29,0,6,0,6
2022-06-29T15:40:00,0,6,0,6
2022-06-29T15:50:30,0,6,0,6
2022-06-29T16:00:59,0,6,0,6
2022-06-29T16:11:31,0,6,0,6
2022-06-29T16:22:01,0,6,0,6
2022-06-29T16:32:30,0,6,0,6
2022-06-29T16:42:59,0,6,0,6
2022-06-29T16:53:28,0,6,0,6
2022-06-29T17:04:08,0,6,0,6
2022-06-29T17:14:38,0,6,0,6
2022-06-29T17:25:07,0,6,0,6
2022-06-29T17:35:36,0,6,0,6
2022-06-29T17:46:05,0,6,0,6
2022-06-29T17:56:34,0,6,0,6
2022-06-29T18:07:04,0,6,0,6
2022-06-29T18:17:33,0,6,0,6
2022-06-29T18:28:13,0,6,0,6
2022-06-29T18:38:42,0,6,0,6
2022-06-29T18:49:11,0,6,0,6
2022-06-29T18:59:40,0,6,0,6
2022-06-29T19:10:08,0,6,0,6
2022-06-29T19:20:37,0,6,0,6
2022-06-29T19:31:06,0,6,0,6
2022-06-29T19:41:35,0,6,0,6
2022-06-29T19:52:04,0,6,0,6
2022-06-29T20:02:43,0,6,0,6
2022-06-29T20:13:12,0,6,0,6
2022-06-29T20:23:41,0,6,0,6
2022-06-29T20:34:10,0,6,0,6
2022-06-29T20:44:39,0,6,0,6
2022-06-29T20:55:07,0,6,0,6
2022-06-29T21:05:36,0,6,0,6
2022-06-29T21:16:05,0,6,0,6
2022-06-29T21:26:43,0,6,0,6
2022-06-29T21:37:13,0,6,0,6
2022-06-29T21:47:42,0,6,0,6
2022-06-29T21:58:10,0,6,0,6
2022-06-29T22:08:39,0,6,0,6
2022-06-29T22:19:08,0,6,0,6
2022-06-29T22:29:36,0,6,0,6
2022-06-29T22:40:06,0,6,0,6
2022-06-29T22:50:34,0,6,0,6
2022-06-29T23:01:14,0,6,0,6
2022-06-29T23:11:44,0,6,0,6
2022-06-29T23:22:13,0,6,0,6
2022-06-29T23:32:42,0,6,0,6
2022-06-29T23:43:11,0,6,0,6
2022-06-29T23:53:39,0,6,0,6
2022-06-30T00:04:09,0,6,0,6
2022-06-30T00:14:39,0,6,0,6
2022-06-30T00:25:10,0,6,0,6
2022-06-30T00:35:40,0,6,0,6
2022-06-30T00:46:12,0,6,0,6
2022-06-30T00:56:43,0,6,0,6
2022-06-30T01:07:14,0,6,0,6
2022-06-30T01:17:55,0,6,0,6
2022-06-30T01:28:25,0,6,0,6
2022-06-30T01:38:55,0,6,0,6
2022-06-30T01:49:26,0,6,0,6
2022-06-30T01:59:56,0,6,0,6
2022-06-30T02:10:25,0,6,0,6
2022-06-30T02:21:04,0,6,0,6
2022-06-30T02:31:33,0,6,0,6
2022-06-30T02:42:01,0,6,0,6
2022-06-30T02:52:29,0,6,0,6
2022-06-30T03:02:57,0,6,0,6
2022-06-30T03:13:26,0,6,0,6
2022-06-30T03:23:54,0,6,0,6
2022-06-30T03:34:22,0,6,0,6
2022-06-30T03:44:52,0,6,0,6
2022-06-30T03:55:23,0,6,0,6
2022-06-30T04:08:13,0,6,0,6
2022-06-30T04:29:08,0,6,0,6
2022-06-30T04:39:40,0,6,0,6
2022-06-30T04:50:12,0,6,0,6
2022-06-30T05:00:43,0,6,0,6
2022-06-30T05:11:16,0,6,0,6
2022-06-30T05:21:47,0,6,0,6
2022-06-30T05:32:17,0,6,0,6
2022-06-30T05:42:48,0,6,0,6
2022-06-30T05:53:24,0,6,0,6
2022-06-30T06:03:54,0,6,0,6
2022-06-30T06:14:25,0,6,0,6
2022-06-30T06:24:56,0,6,0,6
2022-06-30T06:35:27,0,6,0,6
2022-06-30T06:46:06,0,6,0,6
2022-06-30T06:56:43,0,6,0,6
2022-06-30T07:07:28,0,6,0,6
2022-06-30T07:18:07,0,6,0,6
2022-06-30T07:28:52,0,6,0,6
2022-06-30T07:39:37,0,6,0,6
2022-06-30T07:50:18,0,6,0,6
2022-06-30T08:01:02,0,6,0,6
2022-06-30T08:11:46,0,6,0,6
2022-06-30T08:22:25,0,6,0,6
2022-06-30T08:32:57,0,6,0,6
2022-06-30T08:43:29,0,6,0,6
2022-06-30T08:54:07,0,6,0,6
2022-06-30T09:04:45,0,6,0,6
2022-06-30T09:15:24,0,6,0,6
2022-06-30T09:26:04,0,6,0,6
2022-06-30T09:36:55,0,6,0,6
2022-06-30T09:47:33,0,6,0,6
2022-06-30T09:58:11,0,6,0,6
2022-06-30T10:08:50,0,6,0,6
2022-06-30T10:19:27,0,6,0,6
2022-06-30T10:30:02,0,6,0,6
2022-06-30T10:40:36,0,6,0,6
2022-06-30T10:51:08,0,6,0,6
2022-06-30T11:01:39,0,6,0,6
2022-06-30T11:12:22,0,6,0,6
2022-06-30T11:22:52,0,6,0,6
2022-06-30T11:33:22,0,6,0,6
2022-06-30T11:43:52,0,6,0,6
2022-06-30T11:54:22,0,6,0,6
2022-06-30T12:04:53,0,6,0,6
2022-06-30T12:15:25,0,6,0,6
2022-06-30T12:26:06,0,6,0,6
2022-06-30T12:36:37,0,6,0,6
2022-06-30T12:47:07,0,6,0,6
2022-06-30T12:57:38,0,6,0,6
2022-06-30T13:08:09,0,6,0,6
2022-06-30T13:18:40,0,6,0,6
2022-06-30T13:29:11,0,6,0,6
2022-06-30T13:39:42,0,6,0,6
2022-06-30T13:50:12,0,6,0,6
2022-06-30T14:00:56,0,6,0,6
2022-06-30T14:11:28,0,6,0,6
2022-06-30T14:21:58,0,6,0,6
2022-06-30T14:32:30,0,6,0,6
2022-06-30T14:43:01,0,6,0,6
2022-06-30T14:53:32,0,6,0,6
2022-06-30T15:04:03,0,6,0,6
2022-06-30T15:14:34,0,6,0,6
2022-06-30T15:25:15,0,6,0,6
2022-06-30T15:35:46,0,6,0,6
2022-06-30T15:46:17,0,6,0,6
2022-06-30T15:56:47,0,6,0,6
2022-06-30T16:07:18,0,6,0,6
2022-06-30T16:17:49,0,6,0,6
2022-06-30T16:28:19,0,6,0,6
2022-06-30T16:38:49,0,6,0,6
2022-06-30T16:49:31,0,6,0,6
2022-06-30T17:00:00,0,6,0,6
2022-06-30T17:10:31,0,6,0,6
2022-06-30T17:21:01,0,6,0,6
2022-06-30T17:31:31,0,6,0,6
2022-06-30T17:42:00,0,6,0,6
2022-06-30T17:52:30,0,6,0,6
2022-06-30T18:03:00,0,6,0,6
2022-06-30T18:13:30,0,6,0,6
2022-06-30T18:24:00,0,6,0,6
2022-06-30T18:34:29,0,6,0,6
2022-06-30T18:45:10,0,6,0,6
2022-06-30T18:55:40,0,6,0,6
2022-06-30T19:06:09,0,6,0,6
2022-06-30T19:16:38,0,6,0,6
2022-06-30T19:27:08,0,6,0,6
2022-06-30T19:37:37,0,6,0,6
2022-06-30T19:48:06,0,6,0,6
2022-06-30T19:58:35,0,6,0,6
2022-06-30T20:09:05,0,6,0,6
2022-06-30T20:19:34,0,6,0,6
2022-06-30T20:30:03,0,6,0,6
2022-06-30T20:40:32,0,6,0,6
2022-06-30T20:51:03,0,6,0,6
2022-06-30T21:01:45,0,6,0,6
2022-06-30T21:12:15,0,6,0,6
2022-06-30T21:22:44,0,6,0,6
2022-06-30T21:33:13,0,6,0,6
2022-06-30T21:43:43,0,6,0,6
2022-06-30T21:54:12,0,6,0,6
2022-06-30T22:04:41,0,6,0,6
2022-06-30T22:15:10,0,6,0,6
2022-06-30T22:25:40,0,6,0,6
2022-06-30T22:36:09,0,6,0,6
2022-06-30T22:46:39,0,6,0,6
2022-06-30T22:57:19,0,6,0,6
2022-06-30T23:07:49,0,6,0,6
2022-06-30T23:18:18,0,6,0,6
2022-06-30T23:28:48,0,6,0,6
2022-06-30T23:39:17,0,6,0,6
2022-06-30T23:49:47,0,6,0,6
2022-07-01T00:00:16,0,6,0,6
2022-07-01T00:10:47,0,6,0,6
2022-07-01T00:21:26,0,6,0,6
2022-07-01T00:31:57,0,6,0,6
2022-07-01T00:42:40,0,6,0,6
2022-07-01T00:53:12,0,6,0,6
2022-07-01T01:03:44,0,6,0,6
2022-07-01T01:14:16,0,6,0,6
2022-07-01T01:24:48,0,6,0,6
2022-07-01T01:35:21,0,6,0,6
2022-07-01T01:45:52,0,6,0,6
2022-07-01T01:56:25,0,6,0,6
2022-07-01T02:06:58,0,6,0,6
2022-07-01T02:17:29,0,6,0,6
2022-07-01T02:28:12,0,6,0,6
2022-07-01T02:38:42,0,6,0,6
2022-07-01T02:49:12,0,6,0,6
2022-07-01T02:59:41,0,6,0,6
2022-07-01T03:10:11,0,6,0,6
2022-07-01T03:20:41,0,6,0,6
2022-07-01T03:31:10,0,6,0,6
2022-07-01T03:41:41,0,6,0,6
2022-07-01T03:52:13,0,6,0,6
2022-07-01T04:02:44,0,6,0,6
2022-07-01T04:18:21,0,6,0,6
2022-07-01T04:30:03,0,6,0,6
2022-07-01T04:40:52,0,6,0,6
2022-07-01T04:51:27,0,6,0,6
2022-07-01T05:02:00,0,6,0,6
2022-07-01T05:12:32,0,6,0,6
2022-07-01T05:23:04,0,6,0,6
2022-07-01T05:33:36,0,6,0,6
2022-07-01T05:44:08,0,6,0,6
2022-07-01T05:54:39,0,6,0,6
2022-07-01T06:05:11,0,6,0,6
2022-07-01T06:15:40,0,6,0,6
2022-07-01T06:26:09,0,6,0,6
2022-07-01T06:36:38,0,6,0,6
2022-07-01T06:47:07,0,6,0,6
2022-07-01T06:57:37,0,6,0,6
2022-07-01T07:08:07,0,6,0,6
2022-07-01T07:18:38,0,6,0,6
2022-07-01T07:29:07,0,6,0,6
2022-07-01T07:39:37,0,6,0,6
2022-07-01T07:50:07,0,6,0,6
2022-07-01T08:00:47,0,6,0,6
2022-07-01T08:11:17,0,6,0,6
2022-07-01T08:21:47,0,6,0,6
2022-07-01T08:32:18,0,6,0,6
2022-07-01T08:42:49,0,6,0,6
2022-07-01T08:53:19,0,6,0,6
2022-07-01T09:03:50,0,6,0,6
2022-07-01T09:14:21,0,6,0,6
2022-07-01T09:24:52,0,6,0,6
2022-07-01T09:35:24,0,6,0,6
2022-07-01T09:45:55,0,6,0,6
2022-07-01T09:56:26,0,6,0,6
2022-07-01T10:06:57,0,6,0,6
2022-07-01T10:17:39,0,6,0,6
2022-07-01T10:28:10,0,6,0,6
2022-07-01T10:38:40,0,6,0,6
2022-07-01T10:49:11,0,6,0,6
2022-07-01T10:59:42,0,6,0,6
2022-07-01T11:10:13,0,6,0,6
2022-07-01T11:20:45,0,6,0,6
2022-07-01T11:31:15,0,6,0,6
2022-07-01T11:41:46,0,6,0,6
2022-07-01T11:52:17,0,6,0,6
2022-07-01T12:02:48,0,6,0,6
2022-07-01T12:13:19,0,6,0,6
2022-07-01T12:24:00,0,6,0,6
2022-07-01T12:34:31,0,6,0,6
2022-07-01T12:45:01,0,6,0,6
2022-07-01T12:55:31,0,6,0,6
2022-07-01T13:06:02,0,6,0,6
2022-07-01T13:16:32,0,6,0,6
2022-07-01T13:27:03,0,6,0,6
2022-07-01T13:37:35,0,6,0,6
2022-07-01T13:48:16,0,6,0,6
2022-07-01T13:58:47,0,6,0,6
2022-07-01T14:09:18,0,6,0,6
2022-07-01T14:19:49,0,6,0,6
2022-07-01T14:30:19,0,6,0,6
2022-07-01T14:40:51,0,6,0,6
2022-07-01T14:51:22,0,6,0,6
2022-07-01T15:01:53,0,6,0,6
2022-07-01T15:12:24,0,6,0,6
2022-07-01T15:22:54,0,6,0,6
2022-07-01T15:33:24,0,6,0,6
2022-07-01T15:44:06,0,6,0,6
2022-07-01T15:54:37,0,6,0,6
2022-07-01T16:05:08,0,6,0,6
2022-07-01T16:15:38,0,6,0,6
2022-07-01T16:26:08,0,6,0,6
2022-07-01T16:36:38,0,6,0,6
2022-07-01T16:47:07,0,6,0,6
2022-07-01T16:57:37,0,6,0,6
2022-07-01T17:08:07,0,6,0,6
2022-07-01T17:18:38,0,6,0,6
2022-07-01T17:29:07,0,6,0,6
2022-07-01T17:39:36,0,6,0,6
2022-07-01T17:50:17,0,6,0,6
2022-07-01T18:00:46,0,6,0,6
2022-07-01T18:11:15,0,6,0,6
2022-07-01T18:21:44,0,6,0,6
2022-07-01T18:32:14,0,6,0,6
2022-07-01T18:42:43,0,6,0,6
2022-07-01T18:53:13,0,6,0,6
2022-07-01T19:03:42,0,6,0,6
2022-07-01T19:14:11,0,6,0,6
2022-07-01T19:24:40,0,6,0,6
2022-07-01T19:35:10,0,6,0,6
2022-07-01T19:45:41,0,6,0,6
2022-07-01T19:56:11,0,6,0,6
2022-07-01T20:06:50,0,6,0,6
2022-07-01T20:17:19,0,6,0,6
2022-07-01T20:27:49,0,6,0,6
2022-07-01T20:38:18,0,6,0,6
2022-07-01T20:48:46,0,6,0,6
2022-07-01T20:59:15,0,6,0,6
2022-07-01T21:09:45,0,6,0,6
2022-07-01T21:20:13,0,6,0,6
2022-07-01T21:30:42,0,6,0,6
2022-07-01T21:41:12,0,6,0,6
2022-07-01T21:51:41,0,6,0,6
2022-07-01T22:02:21,0,6,0,6
2022-07-01T22:12:49,0,6,0,6
2022-07-01T22:23:19,0,6,0,6
2022-07-01T22:33:48,0,6,0,6
2022-07-01T22:44:18,0,6,0,6
2022-07-01T22:54:46,0,6,0,6
2022-07-01T23:05:16,0,6,0,6
2022-07-01T23:15:48,0,6,0,6
2022-07-01T23:26:17,0,6,0,6
2022-07-01T23:36:46,0,6,0,6
2022-07-01T23:47:16,0,6,0,6
2022-07-01T23:57:45,0,6,0,6
2022-07-02T00:08:15,0,6,0,6
2022-07-02T00:18:58,0,6,0,6
2022-07-02T00:29:29,0,6,0,6
2022-07-02T00:40:00,0,6,0,6
2022-07-02T00:50:33,0,6,0,6
2022-07-02T01:01:06,0,6,0,6
2022-07-02T01:11:38,0,6,0,6
2022-07-02T01:22:10,0,6,0,6
2022-07-02T01:32:43,0,6,0,6
2022-07-02T01:48:28,0,6,0,6
2022-07-02T02:09:13,0,6,0,6
2022-07-02T02:23:49,0,6,0,6
2022-07-02T02:34:19,0,6,0,6
2022-07-02T02:44:49,0,6,0,6
2022-07-02T02:55:19,0,6,0,6
2022-07-02T03:05:49,0,6,0,6
2022-07-02T03:16:18,0,6,0,6
2022-07-02T03:26:47,0,6,0,6
2022-07-02T03:37:27,0,6,0,6
2022-07-02T03:47:57,0,6,0,6
2022-07-02T03:58:28,0,6,0,6
2022-07-02T04:08:59,0,6,0,6
2022-07-02T04:24:46,0,6,0,6
2022-07-02T04:36:13,0,6,0,6
2022-07-02T04:46:45,0,6,0,6
2022-07-02T04:57:17,0,6,0,6
2022-07-02T05:07:48,0,6,0,6
2022-07-02T05:18:19,0,6,0,6
2022-07-02T05:28:52,0,6,0,6
2022-07-02T05:39:23,0,6,0,6
2022-07-02T05:49:53,0,6,0,6
2022-07-02T06:00:24,0,6,0,6
2022-07-02T06:10:54,0,6,0,6
2022-07-02T06:21:25,0,6,0,6
2022-07-02T06:31:55,0,6,0,6
2022-07-02T06:42:26,0,6,0,6
2022-07-02T06:52:56,0,6,0,6
2022-07-02T07:03:27,0,6,0,6
2022-07-02T07:13:59,0,6,0,6
2022-07-02T07:24:31,0,6,0,6
2022-07-02T07:35:02,0,6,0,6
2022-07-02T07:45:43,0,6,0,6
2022-07-02T07:56:14,0,6,0,6
2022-07-02T08:06:44,0,6,0,6
2022-07-02T08:17:15,0,6,0,6
2022-07-02T08:27:45,0,6,0,6
2022-07-02T08:38:16,0,6,0,6
2022-07-02T08:48:46,0,6,0,6
2022-07-02T08:59:17,0,6,0,6
2022-07-02T09:09:47,0,6,0,6
2022-07-02T09:20:15,0,6,0,6
2022-07-02T09:30:50,0,6,0,6
2022-07-02T09:41:20,0,6,0,6
2022-07-02T09:52:04,0,6,0,6
2022-07-02T10:02:35,0,6,0,6
2022-07-02T10:13:05,0,6,0,6
2022-07-02T10:23:35,0,6,0,6
2022-07-02T10:34:05,0,6,0,6
2022-07-02T10:44:35,0,6,0,6
2022-07-02T10:55:05,0,6,0,6
2022-07-02T11:05:35,0,6,0,6
2022-07-02T11:16:05,0,6,0,6
2022-07-02T11:26:46,0,6,0,6
2022-07-02T11:37:19,0,6,0,6
2022-07-02T11:47:50,0,6,0,6
2022-07-02T11:58:20,0,6,0,6
2022-07-02T12:08:51,0,6,0,6
2022-07-02T12:19:22,0,6,0,6
2022-07-02T12:29:53,0,6,0,6
2022-07-02T12:40:23,0,6,0,6
2022-07-02T12:50:54,0,6,0,6
2022-07-02T13:01:25,0,6,0,6
2022-07-02T13:11:55,0,6,0,6
2022-07-02T13:22:26,0,6,0,6
2022-07-02T13:32:56,0,6,0,6
2022-07-02T13:43:26,0,6,0,6
2022-07-02T13:53:56,0,6,0,6
2022-07-02T14:04:27,0,6,0,6
2022-07-02T14:14:58,0,6,0,6
2022-07-02T14:25:39,0,6,0,6
2022-07-02T14:36:08,0,6,0,6
2022-07-02T14:46:37,0,6,0,6
2022-07-02T14:57:06,0,6,0,6
2022-07-02T15:07:34,0,6,0,6
2022-07-02T15:18:03,0,6,0,6
2022-07-02T15:28:32,0,6,0,6
2022-07-02T15:39:01,0,6,0,6
2022-07-02T15:49:30,0,6,0,6
2022-07-02T15:59:59,0,6,0,6
2022-07-02T16:10:38,0,6,0,6
2022-07-02T16:21:07,0,6,0,6
2022-07-02T16:31:36,0,6,0,6
2022-07-02T16:42:05,0,6,0,6
2022-07-02T16:52:33,0,6,0,6
2022-07-02T17:03:02,0,6,0,6
2022-07-02T17:13:32,0,6,0,6
2022-07-02T17:24:01,0,6,0,6
2022-07-02T17:34:30,0,6,0,6
2022-07-02T17:44:59,0,6,0,6
2022-07-02T17:55:29,0,6,0,6
2022-07-02T18:05:58,0,6,0,6
2022-07-02T18:16:27,0,6,0,6
2022-07-02T18:26:56,0,6,0,6
2022-07-02T18:37:25,0,6,0,6
2022-07-02T18:47:53,0,6,0,6
2022-07-02T18:58:22,0,6,0,6
2022-07-02T19:09:02,0,6,0,6
2022-07-02T19:19:31,0,6,0,6
2022-07-02T19:30:00,0,6,0,6
2022-07-02T19:40:31,0,6,0,6
2022-07-02T19:51:01,0,6,0,6
2022-07-02T20:01:32,0,6,0,6
2022-07-02T20:12:02,0,6,0,6
2022-07-02T20:22:33,0,6,0,6
2022-07-02T20:33:04,0,6,0,6
2022-07-02T20:43:34,0,6,0,6
2022-07-02T20:54:05,0,6,0,6
2022-07-02T21:04:35,0,6,0,6
2022-07-02T21:15:06,0,6,0,6
2022-07-02T21:25:36,0,6,0,6
2022-07-02T21:36:06,0,6,0,6
2022-07-02T21:46:45,0,6,0,6
2022-07-02T21:57:14,0,6,0,6
2022-07-02T22:07:43,0,6,0,6
2022-07-02T22:18:13,0,6,0,6
2022-07-02T22:28:42,0,6,0,6
2022-07-02T22:39:12,0,6,0,6
2022-07-02T22:49:42,0,6,0,6
2022-07-02T23:00:11,0,6,0,6
2022-07-02T23:10:41,0,6,0,6
2022-07-02T23:21:11,0,6,0,6
2022-07-02T23:31:41,0,6,0,6
2022-07-02T23:42:11,0,6,0,6
2022-07-02T23:52:40,0,6,0,6
2022-07-03T00:03:10,0,6,0,6
2022-07-03T00:13:40,0,6,0,6
2022-07-03T00:24:12,0,6,0,6
2022-07-03T00:34:42,0,6,0,6
2022-07-03T00:45:13,0,6,0,6
2022-07-03T00:55:45,0,6,0,6
2022-07-03T01:06:25,0,6,0,6
2022-07-03T01:16:55,0,6,0,6
2022-07-03T01:27:25,0,6,0,6
2022-07-03T01:37:56,0,6,0,6
2022-07-03T01:48:26,0,6,0,6
2022-07-03T01:58:58,0,6,0,6
2022-07-03T02:09:29,0,6,0,6
2022-07-03T02:19:59,0,6,0,6
2022-07-03T02:30:30,0,6,0,6
2022-07-03T02:41:01,0,6,0,6
2022-07-03T02:51:33,0,6,0,6
2022-07-03T03:02:05,0,6,0,6
2022-07-03T03:12:45,0,6,0,6
2022-07-03T03:23:15,0,6,0,6
2022-07-03T03:33:46,0,6,0,6
2022-07-03T03:44:17,0,6,0,6
2022-07-03T03:54:47,0,6,0,6
2022-07-03T04:05:19,0,6,0,6
2022-07-03T04:26:07,0,6,0,6
2022-07-03T04:37:00,0,6,0,6
2022-07-03T04:47:34,0,6,0,6
2022-07-03T04:58:06,0,6,0,6
2022-07-03T05:08:38,0,6,0,6
2022-07-03T05:19:10,0,6,0,6
2022-07-03T05:29:40,0,6,0,6
2022-07-03T05:40:10,0,6,0,6
2022-07-03T05:50:39,0,6,0,6
2022-07-03T06:01:09,0,6,0,6
2022-07-03T06:11:39,0,6,0,6
2022-07-03T06:22:10,0,6,0,6
2022-07-03T06:32:40,0,6,0,6
2022-07-03T06:43:09,0,6,0,6
2022-07-03T06:53:38,0,6,0,6
2022-07-03T07:04:07,0,6,0,6
2022-07-03T07:14:37,0,6,0,6
2022-07-03T07:25:07,0,6,0,6
2022-07-03T07:35:38,0,6,0,6
2022-07-03T07:46:08,0,6,0,6
2022-07-03T07:56:37,0,6,0,6
2022-07-03T08:07:06,0,6,0,6
2022-07-03T08:17:36,0,6,0,6
2022-07-03T08:28:07,0,6,0,6
2022-07-03T08:38:37,0,6,0,6
2022-07-03T08:49:06,0,6,0,6
2022-07-03T08:59:35,0,6,0,6
2022-07-03T09:10:04,0,6,0,6
2022-07-03T09:20:42,0,6,0,6
2022-07-03T09:31:11,0,6,0,6
2022-07-03T09:41:40,0,6,0,6
2022-07-03T09:52:09,0,6,0,6
2022-07-03T10:02:38,0,6,0,6
2022-07-03T10:13:08,0,6,0,6
2022-07-03T10:23:37,0,6,0,6
2022-07-03T10:34:06,0,6,0,6
2022-07-03T10:44:35,0,6,0,6
2022-07-03T10:55:05,0,6,0,6
2022-07-03T11:05:33,0,6,0,6
2022-07-03T11:16:02,0,6,0,6
2022-07-03T11:26:31,0,6,0,6
2022-07-03T11:37:01,0,6,0,6
2022-07-03T11:47:31,0,6,0,6
2022-07-03T11:58:01,0,6,0,6
2022-07-03T12:08:42,0,6,0,6
2022-07-03T12:19:12,0,6,0,6
2022-07-03T12:29:42,0,6,0,6
2022-07-03T12:40:11,0,6,0,6
2022-07-03T12:50:41,0,6,0,6
2022-07-03T13:01:11,0,6,0,6
2022-07-03T13:11:45,0,6,0,6
2022-07-03T13:22:15,0,6,0,6
2022-07-03T13:32:46,0,6,0,6
2022-07-03T13:43:15,0,6,0,6
2022-07-03T13:53:45,0,6,0,6
2022-07-03T14:04:14,0,6,0,6
2022-07-03T14:14:53,0,6,0,6
2022-07-03T14:25:22,0,6,0,6
2022-07-03T14:35:52,0,6,0,6
2022-07-03T14:46:21,0,6,0,6
2022-07-03T14:56:50,0,6,0,6
2022-07-03T15:07:19,0,6,0,6
2022-07-03T15:17:49,0,6,0,6
2022-07-03T15:28:18,0,6,0,6
2022-07-03T15:38:47,0,6,0,6
2022-07-03T15:49:16,0,6,0,6
2022-07-03T15:59:45,0,6,0,6
2022-07-03T16:10:14,0,6,0,6
2022-07-03T16:20:44,0,6,0,6
2022-07-03T16:31:22,0,6,0,6
2022-07-03T16:41:51,0,6,0,6
2022-07-03T16:52:20,0,6,0,6
2022-07-03T17:02:48,0,6,0,6
2022-07-03T17:13:20,0,6,0,6
2022-07-03T17:26:00,0,6,0,6
2022-07-03T17:36:29,0,6,0,6
2022-07-03T17:46:58,0,6,0,6
2022-07-03T17:57:26,0,6,0,6
2022-07-03T18:07:55,0,6,0,6
2022-07-03T18:18:24,0,6,0,6
2022-07-03T18:28:53,0,6,0,6
2022-07-03T18:39:22,0,6,0,6
2022-07-03T18:49:52,0,6,0,6
2022-07-03T19:00:30,0,6,0,6
2022-07-03T19:11:00,0,6,0,6
2022-07-03T19:21:30,0,6,0,6
2022-07-03T19:32:00,0,6,0,6
2022-07-03T19:42:32,0,6,0,6
2022-07-03T19:53:10,0,6,0,6
2022-07-03T20:03:40,0,6,0,6
2022-07-03T20:14:09,0,6,0,6
2022-07-03T20:24:37,0,6,0,6
2022-07-03T20:35:06,0,6,0,6
2022-07-03T20:45:35,0,6,0,6
2022-07-03T20:56:03,0,6,0,6
2022-07-03T21:06:32,0,6,0,6
2022-07-03T21:17:01,0,6,0,6
2022-07-03T21:27:30,0,6,0,6
2022-07-03T21:37:59,0,6,0,6
2022-07-03T21:48:28,0,6,0,6
2022-07-03T21:59:09,0,6,0,6
2022-07-03T22:09:38,0,6,0,6
2022-07-03T22:20:07,0,6,0,6
2022-07-03T22:30:36,0,6,0,6
2022-07-03T22:41:05,0,6,0,6
2022-07-03T22:51:35,0,6,0,6
2022-07-03T23:02:04,0,6,0,6
2022-07-03T23:12:34,0,6,0,6
2022-07-03T23:23:04,0,6,0,6
2022-07-03T23:33:34,0,6,0,6
2022-07-03T23:44:04,0,6,0,6
2022-07-03T23:54:33,0,6,0,6
2022-07-04T00:05:03,0,6,0,6
2022-07-04T00:15:37,0,6,0,6
2022-07-04T00:26:11,0,6,0,6
2022-07-04T00:36:53,0,6,0,6
2022-07-04T00:47:23,0,6,0,6
2022-07-04T00:57:53,0,6,0,6
2022-07-04T01:08:25,0,6,0,6
2022-07-04T01:18:58,0,6,0,6
2022-07-04T01:29:31,0,6,0,6
2022-07-04T01:40:02,0,6,0,6
2022-07-04T01:50:32,0,6,0,6
2022-07-04T02:01:03,0,6,0,6
2022-07-04T02:11:35,0,6,0,6
2022-07-04T02:22:05,0,6,0,6
2022-07-04T02:32:36,0,6,0,6
2022-07-04T02:43:07,0,6,0,6
2022-07-04T02:53:45,0,6,0,6
2022-07-04T03:04:14,0,6,0,6
2022-07-04T03:14:44,0,6,0,6
2022-07-04T03:25:15,0,6,0,6
2022-07-04T03:35:47,0,6,0,6
2022-07-04T03:46:20,0,6,0,6
2022-07-04T03:56:51,0,6,0,6
2022-07-04T04:07:21,0,6,0,6
2022-07-04T04:34:35,0,6,0,6
2022-07-04T04:45:07,0,6,0,6
2022-07-04T04:55:38,0,6,0,6
2022-07-04T05:06:13,0,6,0,6
2022-07-04T05:16:45,0,6,0,6
2022-07-04T05:27:18,0,6,0,6
2022-07-04T05:37:49,0,6,0,6
2022-07-04T05:48:20,0,6,0,6
2022-07-04T05:58:50,0,6,0,6
2022-07-04T06:09:22,0,6,0,6
2022-07-04T06:19:53,0,6,0,6
2022-07-04T06:30:23,0,6,0,6
2022-07-04T06:40:54,0,6,0,6
2022-07-04T06:51:25,0,6,0,6
2022-07-04T07:01:54,0,6,0,6
2022-07-04T07:12:32,0,6,0,6
2022-07-04T07:23:01,0,6,0,6
2022-07-04T07:33:30,0,6,0,6
2022-07-04T07:43:59,0,6,0,6
2022-07-04T07:54:28,0,6,0,6
2022-07-04T08:04:57,0,6,0,6
2022-07-04T08:15:26,0,6,0,6
2022-07-04T08:25:55,0,6,0,6
2022-07-04T08:36:24,0,6,0,6
2022-07-04T08:46:53,0,6,0,6
2022-07-04T08:57:23,0,6,0,6
2022-07-04T09:08:11,0,6,0,6
2022-07-04T09:18:40,0,6,0,6
2022-07-04T09:29:09,0,6,0,6
2022-07-04T09:39:38,0,6,0,6
2022-07-04T09:50:07,0,6,0,6
2022-07-04T10:00:36,0,6,0,6
2022-07-04T10:11:04,0,6,0,6
2022-07-04T10:21:34,0,6,0,6
2022-07-04T10:32:03,0,6,0,6
2022-07-04T10:42:44,0,6,0,6
2022-07-04T10:53:12,0,6,0,6
2022-07-04T11:03:41,0,6,0,6
2022-07-04T11:14:10,0,6,0,6
2022-07-04T11:24:39,0,6,0,6
2022-07-04T11:35:08,0,6,0,6
2022-07-04T11:45:36,0,6,0,6
2022-07-04T11:56:05,0,6,0,6
2022-07-04T12:06:34,0,6,0,6
2022-07-04T12:17:03,0,6,0,6
2022-07-04T12:27:32,0,6,0,6
2022-07-04T12:38:01,0,6,0,6
2022-07-04T12:48:30,0,6,0,6
2022-07-04T12:58:59,0,6,0,6
2022-07-04T13:09:27,0,6,0,6
2022-07-04T13:20:06,0,6,0,6
2022-07-04T13:30:35,0,6,0,6
2022-07-04T13:41:04,0,6,0,6
2022-07-04T13:51:33,0,6,0,6
2022-07-04T14:02:02,0,6,0,6
2022-07-04T14:12:30,0,6,0,6
2022-07-04T14:22:59,0,6,0,6
2022-07-04T14:33:28,0,6,0,6
2022-07-04T14:43:58,0,6,0,6
2022-07-04T14:54:27,0,6,0,6
2022-07-04T15:04:55,0,6,0,6
2022-07-04T15:15:35,0,6,0,6
2022-07-04T15:26:05,0,6,0,6
2022-07-04T15:36:34,0,6,0,6
2022-07-04T15:47:03,0,6,0,6
2022-07-04T15:57:32,0,6,0,6
2022-07-04T16:08:03,0,6,0,6
2022-07-04T16:18:31,0,6,0,6
2022-07-04T16:29:00,0,6,0,6
2022-07-04T16:39:29,0,6,0,6
2022-07-04T16:50:00,0,6,0,6
2022-07-04T17:00:28,0,6,0,6
2022-07-04T17:10:58,0,6,0,6
2022-07-04T17:21:27,0,6,0,6
2022-07-04T17:31:55,0,6,0,6
2022-07-04T17:42:24,0,6,0,6
2022-07-04T17:53:02,0,6,0,6
2022-07-04T18:03:31,0,6,0,6
2022-07-04T18:13:59,0,6,0,6
2022-07-04T18:24:28,0,6,0,6
2022-07-04T18:34:56,0,6,0,6
2022-07-04T18:45:24,0,6,0,6
2022-07-04T18:55:53,0,6,0,6
2022-07-04T19:06:22,0,6,0,6
2022-07-04T19:16:51,0,6,0,6
2022-07-04T19:27:21,0,6,0,6
2022-07-04T19:37:49,0,6,0,6
2022-07-04T19:48:18,0,6,0,6
2022-07-04T19:58:47,0,6,0,6
2022-07-04T20:09:15,0,6,0,6
2022-07-04T20:19:44,0,6,0,6
2022-07-04T20:30:12,0,6,0,6
2022-07-04T20:40:41,0,6,0,6
2022-07-04T20:51:19,0,6,0,6
2022-07-04T21:01:49,0,6,0,6
2022-07-04T21:12:17,0,6,0,6
2022-07-04T21:22:46,0,6,0,6
2022-07-04T21:33:14,0,6,0,6
2022-07-04T21:43:42,0,6,0,6
2022-07-04T21:54:12,0,6,0,6
2022-07-04T22:04:40,0,6,0,6
2022-07-04T22:15:09,0,6,0,6
2022-07-04T22:25:38,0,6,0,6
2022-07-04T22:36:07,0,6,0,6
2022-07-04T22:46:36,0,6,0,6
2022-07-04T22:57:05,0,6,0,6
2022-07-04T23:07:45,0,6,0,6
2022-07-04T23:18:15,0,6,0,6
2022-07-04T23:28:45,0,6,0,6
2022-07-04T23:39:14,0,6,0,6
2022-07-04T23:49:44,0,6,0,6
2022-07-05T00:00:14,0,6,0,6
2022-07-05T00:10:44,0,6,0,6
2022-07-05T00:21:17,0,6,0,6
2022-07-05T00:31:46,0,6,0,6
2022-07-05T00:42:16,0,6,0,6
2022-07-05T00:52:46,0,6,0,6
2022-07-05T01:03:26,0,6,0,6
2022-07-05T01:13:57,0,6,0,6
2022-07-05T01:24:28,0,6,0,6
2022-07-05T01:34:58,0,6,0,6
2022-07-05T01:45:27,0,6,0,6
2022-07-05T01:55:58,0,6,0,6
2022-07-05T02:06:39,0,6,0,6
2022-07-05T02:17:10,0,6,0,6
2022-07-05T02:27:41,0,6,0,6
2022-07-05T02:38:12,0,6,0,6
2022-07-05T02:48:42,0,6,0,6
2022-07-05T02:59:11,0,6,0,6
2022-07-05T03:09:43,0,6,0,6
2022-07-05T03:20:22,0,6,0,6
2022-07-05T03:30:52,0,6,0,6
2022-07-05T03:41:31,0,6,0,6
2022-07-05T03:52:10,0,6,0,6
2022-07-05T04:03:27,0,6,0,6
2022-07-05T04:28:49,0,6,0,6
2022-07-05T04:39:38,0,6,0,6
2022-07-05T04:50:14,0,6,0,6
2022-07-05T05:00:50,0,6,0,6
2022-07-05T05:11:26,0,6,0,6
2022-07-05T05:21:59,0,6,0,6
2022-07-05T05:32:32,0,6,0,6
2022-07-05T05:43:07,0,6,0,6
2022-07-05T05:53:37,0,6,0,6
2022-07-05T06:04:08,0,6,0,6
2022-07-05T06:14:38,0,6,0,6
2022-07-05T06:25:09,0,6,0,6
2022-07-05T06:35:39,0,6,0,6
2022-07-05T06:46:07,0,6,0,6
2022-07-05T06:56:36,0,6,0,6
2022-07-05T07:07:07,0,6,0,6
2022-07-05T07:17:36,0,6,0,6
2022-07-05T07:28:05,0,6,0,6
2022-07-05T07:38:35,0,6,0,6
2022-07-05T07:49:04,0,6,0,6
2022-07-05T07:59:34,0,6,0,6
2022-07-05T08:10:04,0,6,0,6
2022-07-05T08:20:35,0,6,0,6
2022-07-05T08:31:06,0,6,0,6
2022-07-05T08:41:47,0,6,0,6
2022-07-05T08:52:17,0,6,0,6
2022-07-05T09:02:48,0,6,0,6
2022-07-05T09:13:19,0,6,0,6
2022-07-05T09:23:50,0,6,0,6
2022-07-05T09:34:22,0,6,0,6
2022-07-05T09:44:53,0,6,0,6
2022-07-05T09:55:24,0,6,0,6
2022-07-05T10:05:54,0,6,0,6
2022-07-05T10:16:26,0,6,0,6
2022-07-05T10:26:57,0,6,0,6
2022-07-05T10:37:28,0,6,0,6
2022-07-05T10:47:59,0,6,0,6
2022-07-05T10:58:30,0,6,0,6
2022-07-05T11:09:01,0,6,0,6
2022-07-05T11:19:32,0,6,0,6
2022-07-05T11:30:13,0,6,0,6
2022-07-05T11:40:44,0,6,0,6
2022-07-05T11:51:15,0,6,0,6
2022-07-05T12:01:45,0,6,0,6
2022-07-05T12:12:16,0,6,0,6
2022-07-05T12:22:47,0,6,0,6
2022-07-05T12:33:18,0,6,0,6
2022-07-05T12:43:48,0,6,0,6
2022-07-05T12:54:18,0,6,0,6
2022-07-05T13:04:49,0,6,0,6
2022-07-05T13:15:20,0,6,0,6
2022-07-05T13:26:02,0,6,0,6
2022-07-05T13:36:32,0,6,0,6
2022-07-05T13:47:05,0,6,0,6
2022-07-05T13:57:36,0,6,0,6
2022-07-05T14:08:07,0,6,0,6
2022-07-05T14:18:38,0,6,0,6
2022-07-05T14:29:09,0,6,0,6
2022-07-05T14:39:40,0,6,0,6
2022-07-05T14:50:21,0,6,0,6
2022-07-05T15:00:53,0,6,0,6
2022-07-05T15:11:23,0,6,0,6
2022-07-05T15:21:55,0,6,0,6
2022-07-05T15:32:25,0,6,0,6
2022-07-05T15:42:57,0,6,0,6
2022-07-05T15:53:28,0,6,0,6
2022-07-05T16:03:59,0,6,0,6
2022-07-05T16:14:30,0,6,0,6
2022-07-05T16:25:01,0,6,0,6
2022-07-05T16:35:32,0,6,0,6
2022-07-05T16:46:03,0,6,0,6
2022-07-05T16:56:44,0,6,0,6
2022-07-05T17:07:14,0,6,0,6
2022-07-05T17:17:45,0,6,0,6
2022-07-05T17:28:15,0,6,0,6
2022-07-05T17:38:46,0,6,0,6
2022-07-05T17:49:17,0,6,0,6
2022-07-05T17:59:48,0,6,0,6
2022-07-05T18:10:18,0,6,0,6
2022-07-05T18:20:48,0,6,0,6
2022-07-05T18:31:19,0,6,0,6
2022-07-05T18:41:51,0,6,0,6
2022-07-05T18:52:21,0,6,0,6
2022-07-05T19:03:00,0,6,0,6
2022-07-05T19:13:31,0,6,0,6
2022-07-05T19:24:02,0,6,0,6
2022-07-05T19:34:32,0,6,0,6
2022-07-05T19:45:02,0,6,0,6
2022-07-05T19:55:32,0,6,0,6
2022-07-05T20:06:02,0,6,0,6
2022-07-05T20:16:33,0,6,0,6
2022-07-05T20:27:03,0,6,0,6
2022-07-05T20:37:32,0,6,0,6
2022-07-05T20:48:02,0,6,0,6
2022-07-05T20:58:32,0,6,0,6
2022-07-05T21:09:02,0,6,0,6
2022-07-05T21:19:31,0,6,0,6
2022-07-05T21:30:01,0,6,0,6
2022-07-05T21:40:30,0,6,0,6
2022-07-05T21:51:01,0,6,0,6
2022-07-05T22:01:41,0,6,0,6
2022-07-05T22:12:11,0,6,0,6
2022-07-05T22:22:41,0,6,0,6
2022-07-05T22:33:11,0,6,0,6
2022-07-05T22:43:41,0,6,0,6
2022-07-05T22:54:10,0,6,0,6
2022-07-05T23:04:41,0,6,0,6
2022-07-05T23:15:11,0,6,0,6
2022-07-05T23:25:41,0,6,0,6
2022-07-05T23:36:12,0,6,0,6
2022-07-05T23:46:41,0,6,0,6
2022-07-05T23:57:11,0,6,0,6
2022-07-06T00:07:42,0,6,0,6
2022-07-06T00:18:14,0,6,0,6
2022-07-06T00:28:46,0,6,0,6
2022-07-06T00:39:18,0,6,0,6
2022-07-06T00:49:51,0,6,0,6
2022-07-06T01:00:23,0,6,0,6
2022-07-06T01:10:56,0,6,0,6
2022-07-06T01:21:38,0,6,0,6
2022-07-06T01:32:10,0,6,0,6
2022-07-06T01:42:41,0,6,0,6
2022-07-06T01:53:13,0,6,0,6
2022-07-06T02:03:44,0,6,0,6
2022-07-06T02:14:14,0,6,0,6
2022-07-06T02:24:45,0,6,0,6
2022-07-06T02:35:16,0,6,0,6
2022-07-06T02:46:06,0,6,0,6
2022-07-06T02:56:38,0,6,0,6
2022-07-06T03:07:10,0,6,0,6
2022-07-06T03:17:42,0,6,0,6
2022-07-06T03:28:13,0,6,0,6
2022-07-06T03:38:44,0,6,0,6
2022-07-06T03:49:16,0,6,0,6
2022-07-06T03:59:49,0,6,0,6
2022-07-06T04:10:21,0,6,0,6
2022-07-06T04:26:52,0,6,0,6
2022-07-06T04:37:26,0,6,0,6
2022-07-06T04:47:59,0,6,0,6
2022-07-06T04:59:44,0,6,0,6
2022-07-06T05:10:36,0,6,0,6
2022-07-06T05:21:09,0,6,0,6
2022-07-06T05:31:42,0,6,0,6
2022-07-06T05:42:13,0,6,0,6
2022-07-06T05:52:45,0,6,0,6
2022-07-06T06:03:17,0,6,0,6
2022-07-06T06:13:49,0,6,0,6
2022-07-06T06:24:22,0,6,0,6
2022-07-06T06:34:53,0,6,0,6
2022-07-06T06:45:24,0,6,0,6
2022-07-06T06:55:54,0,6,0,6
2022-07-06T07:06:25,0,6,0,6
2022-07-06T07:16:55,0,6,0,6
2022-07-06T07:27:25,0,6,0,6
2022-07-06T07:37:56,0,6,0,6
2022-07-06T07:48:26,0,6,0,6
2022-07-06T07:58:55,0,6,0,6
2022-07-06T08:09:26,0,6,0,6
2022-07-06T08:19:56,0,6,0,6
2022-07-06T08:30:27,0,6,0,6
2022-07-06T08:40:58,0,6,0,6
2022-07-06T08:51:29,0,6,0,6
2022-07-06T09:02:00,0,6,0,6
2022-07-06T09:12:31,0,6,0,6
2022-07-06T09:23:03,0,6,0,6
2022-07-06T09:33:38,0,6,0,6
2022-07-06T09:44:09,0,6,0,6
2022-07-06T09:54:41,0,6,0,6
2022-07-06T10:05:25,0,6,0,6
2022-07-06T10:15:57,0,6,0,6
2022-07-06T10:26:28,0,6,0,6
2022-07-06T10:37:00,0,6,0,6
2022-07-06T10:47:32,0,6,0,6
2022-07-06T10:58:03,0,6,0,6
2022-07-06T11:08:36,0,6,0,6
2022-07-06T11:19:07,0,6,0,6
2022-07-06T11:29:39,0,6,0,6
2022-07-06T11:40:11,0,6,0,6
2022-07-06T11:50:42,0,6,0,6
2022-07-06T12:01:14,0,6,0,6
2022-07-06T12:11:57,0,6,0,6
2022-07-06T12:22:28,0,6,0,6
2022-07-06T12:32:59,0,6,0,6
2022-07-06T12:43:30,0,6,0,6
2022-07-06T12:54:01,0,6,0,6
2022-07-06T13:04:33,0,6,0,6
2022-07-06T13:15:04,0,6,0,6
2022-07-06T13:25:35,0,6,0,6
2022-07-06T13:36:07,0,6,0,6
2022-07-06T13:46:39,0,6,0,6
2022-07-06T13:57:11,0,6,0,6
2022-07-06T14:07:44,0,6,0,6
2022-07-06T14:18:17,0,6,0,6
2022-07-06T14:29:01,0,6,0,6
2022-07-06T14:39:32,0,6,0,6
2022-07-06T14:50:04,0,6,0,6
2022-07-06T15:00:36,0,6,0,6
2022-07-06T15:11:07,0,6,0,6
2022-07-06T15:21:40,0,6,0,6
2022-07-06T15:32:11,0,6,0,6
2022-07-06T15:42:43,0,6,0,6
2022-07-06T15:53:14,0,6,0,6
2022-07-06T16:03:45,0,6,0,6
2022-07-06T16:14:27,0,6,0,6
2022-07-06T16:24:58,0,6,0,6
2022-07-06T16:35:28,0,6,0,6
2022-07-06T16:45:59,0,6,0,6
2022-07-06T16:56:29,0,6,0,6
2022-07-06T17:06:59,0,6,0,6
2022-07-06T17:17:30,0,6,0,6
2022-07-06T17:28:01,0,6,0,6
2022-07-06T17:38:31,0,6,0,6
2022-07-06T17:49:01,0,6,0,6
2022-07-06T17:59:31,0,6,0,6
2022-07-06T18:10:02,0,6,0,6
2022-07-06T18:20:34,0,6,0,6
2022-07-06T18:31:04,0,6,0,6
2022-07-06T18:41:35,0,6,0,6
2022-07-06T18:52:04,0,6,0,6
2022-07-06T19:02:46,0,6,0,6
2022-07-06T19:13:16,0,6,0,6
2022-07-06T19:23:47,0,6,0,6
2022-07-06T19:34:17,0,6,0,6
2022-07-06T19:44:47,0,6,0,6
2022-07-06T19:55:16,0,6,0,6
2022-07-06T20:05:46,0,6,0,6
2022-07-06T20:16:16,0,6,0,6
2022-07-06T20:26:46,0,6,0,6
2022-07-06T20:37:16,0,6,0,6
2022-07-06T20:47:46,0,6,0,6
2022-07-06T20:58:16,0,6,0,6
2022-07-06T21:08:46,0,6,0,6
2022-07-06T21:19:16,0,6,0,6
2022-07-06T21:29:45,0,6,0,6
2022-07-06T21:40:15,0,6,0,6
2022-07-06T21:50:44,0,6,0,6
2022-07-06T22:01:14,0,6,0,6
2022-07-06T22:11:44,0,6,0,6
2022-07-06T22:22:14,0,6,0,6
2022-07-06T22:32:44,0,6,0,6
2022-07-06T22:43:14,0,6,0,6
2022-07-06T22:53:43,0,6,0,6
2022-07-06T23:04:14,0,6,0,6
2022-07-06T23:14:57,0,6,0,6
2022-07-06T23:25:28,0,6,0,6
2022-07-06T23:35:58,0,6,0,6
2022-07-06T23:46:27,0,6,0,6
2022-07-06T23:56:57,0,6,0,6
2022-07-07T00:07:28,0,6,0,6
2022-07-07T00:18:00,0,6,0,6
2022-07-07T00:28:32,0,6,0,6
2022-07-07T00:39:03,0,6,0,6
2022-07-07T00:49:36,0,6,0,6
2022-07-07T01:00:08,0,6,0,6
2022-07-07T01:10:39,0,6,0,6
2022-07-07T01:21:11,0,6,0,6
2022-07-07T01:31:43,0,6,0,6
2022-07-07T01:42:15,0,6,0,6
2022-07-07T01:52:47,0,6,0,6
2022-07-07T02:03:18,0,6,0,6
2022-07-07T02:13:48,0,6,0,6
2022-07-07T02:24:19,0,6,0,6
2022-07-07T02:34:48,0,6,0,6
2022-07-07T02:45:18,0,6,0,6
2022-07-07T02:55:47,0,6,0,6
2022-07-07T03:06:16,0,6,0,6
2022-07-07T03:16:45,0,6,0,6
2022-07-07T03:27:14,0,6,0,6
2022-07-07T03:37:43,0,6,0,6
2022-07-07T03:48:12,0,6,0,6
2022-07-07T04:01:01,0,6,0,6
2022-07-07T04:22:34,0,6,0,6
2022-07-07T04:33:26,0,6,0,6
2022-07-07T04:43:56,0,6,0,6
2022-07-07T04:54:26,0,6,0,6
2022-07-07T05:04:56,0,6,0,6
2022-07-07T05:15:26,0,6,0,6
2022-07-07T05:25:56,0,6,0,6
2022-07-07T05:36:27,0,6,0,6
2022-07-07T05:46:59,0,6,0,6
2022-07-07T05:57:32,0,6,0,6
2022-07-07T06:08:06,0,6,0,6
2022-07-07T06:18:40,0,6,0,6
2022-07-07T06:29:13,0,6,0,6
2022-07-07T06:39:46,0,6,0,6
2022-07-07T06:50:20,0,6,0,6
2022-07-07T07:00:53,0,6,0,6
2022-07-07T07:11:27,0,6,0,6
2022-07-07T07:22:01,0,6,0,6
2022-07-07T07:32:34,0,6,0,6
2022-07-07T07:43:09,0,6,0,6
2022-07-07T07:53:52,0,6,0,6
2022-07-07T08:04:36,0,6,0,6
2022-07-07T08:15:19,0,6,0,6
2022-07-07T08:26:01,0,6,0,6
2022-07-07T08:36:49,0,6,0,6
2022-07-07T08:47:38,0,6,0,6
2022-07-07T08:58:20,0,6,0,6
2022-07-07T09:09:02,0,6,0,6
2022-07-07T09:19:52,0,6,0,6
2022-07-07T09:30:31,0,6,0,6
2022-07-07T09:41:09,0,6,0,6
2022-07-07T09:51:51,0,6,0,6
2022-07-07T10:02:31,0,6,0,6
2022-07-07T10:13:12,0,6,0,6
2022-07-07T10:23:50,0,6,0,6
2022-07-07T10:34:30,0,6,0,6
2022-07-07T10:45:10,0,6,0,6
2022-07-07T10:55:50,0,6,0,6
2022-07-07T11:06:41,0,6,0,6
2022-07-07T11:17:19,0,6,0,6
2022-07-07T11:27:56,0,6,0,6
2022-07-07T11:38:32,0,6,0,6
2022-07-07T11:49:05,0,6,0,6
2022-07-07T11:59:38,0,6,0,6
2022-07-07T12:10:10,0,6,0,6
2022-07-07T12:20:41,0,6,0,6
2022-07-07T12:31:12,0,6,0,6
2022-07-07T12:41:43,0,6,0,6
2022-07-07T12:52:24,0,6,0,6
2022-07-07T13:02:55,0,6,0,6
2022-07-07T13:13:26,0,6,0,6
2022-07-07T13:23:58,0,6,0,6
2022-07-07T13:34:31,0,6,0,6
2022-07-07T13:45:02,0,6,0,6
2022-07-07T13:55:35,0,6,0,6
2022-07-07T14:06:07,0,6,0,6
2022-07-07T14:16:38,0,6,0,6
2022-07-07T14:27:11,0,6,0,6
2022-07-07T14:37:45,0,6,0,6
2022-07-07T14:48:17,0,6,0,6
2022-07-07T14:58:59,0,6,0,6
2022-07-07T15:09:31,0,6,0,6
2022-07-07T15:20:03,0,6,0,6
2022-07-07T15:30:34,0,6,0,6
2022-07-07T15:41:06,0,6,0,6
2022-07-07T15:51:37,0,6,0,6
2022-07-07T16:02:18,0,6,0,6
2022-07-07T16:12:50,0,6,0,6
2022-07-07T16:23:21,0,6,0,6
2022-07-07T16:33:52,0,6,0,6
2022-07-07T16:44:23,0,6,0,6
2022-07-07T16:54:54,0,6,0,6
2022-07-07T17:05:26,0,6,0,6
2022-07-07T17:15:59,0,6,0,6
2022-07-07T17:26:30,0,6,0,6
2022-07-07T17:37:02,0,6,0,6
2022-07-07T17:47:32,0,6,0,6
2022-07-07T17:58:14,0,6,0,6
2022-07-07T18:08:45,0,6,0,6
2022-07-07T18:19:16,0,6,0,6
2022-07-07T18:29:46,0,6,0,6
2022-07-07T18:40:16,0,6,0,6
2022-07-07T18:50:46,0,6,0,6
2022-07-07T19:01:17,0,6,0,6
2022-07-07T19:11:47,0,6,0,6
2022-07-07T19:22:17,0,6,0,6
2022-07-07T19:32:48,0,6,0,6
2022-07-07T19:43:18,0,6,0,6
2022-07-07T19:53:49,0,6,0,6
2022-07-07T20:04:19,0,6,0,6
2022-07-07T20:14:49,0,6,0,6
2022-07-07T20:25:19,0,6,0,6
2022-07-07T20:35:49,0,6,0,6
2022-07-07T20:46:19,0,6,0,6
2022-07-07T20:57:00,0,6,0,6
2022-07-07T21:07:30,0,6,0,6
2022-07-07T21:18:00,0,6,0,6
2022-07-07T21:28:30,0,6,0,6
2022-07-07T21:39:00,0,6,0,6
2022-07-07T21:49:31,0,6,0,6
2022-07-07T22:00:01,0,6,0,6
2022-07-07T22:10:43,0,6,0,6
2022-07-07T22:21:14,0,6,0,6
2022-07-07T22:31:45,0,6,0,6
2022-07-07T22:42:15,0,6,0,6
2022-07-07T22:52:45,0,6,0,6
2022-07-07T23:03:16,0,6,0,6
2022-07-07T23:13:46,0,6,0,6
2022-07-07T23:24:17,0,6,0,6
2022-07-07T23:34:48,0,6,0,6
2022-07-07T23:45:18,0,6,0,6
2022-07-07T23:55:49,0,6,0,6
2022-07-08T00:06:20,0,6,0,6
2022-07-08T00:16:52,0,6,0,6
2022-07-08T00:27:24,0,6,0,6
2022-07-08T00:37:57,0,6,0,6
2022-07-08T00:48:29,0,6,0,6
2022-07-08T00:59:13,0,6,0,6
2022-07-08T01:09:47,0,6,0,6
2022-07-08T01:20:21,0,6,0,6
2022-07-08T01:30:54,0,6,0,6
2022-07-08T01:41:25,0,6,0,6
2022-07-08T01:51:57,0,6,0,6
2022-07-08T02:02:29,0,6,0,6
2022-07-08T02:13:01,0,6,0,6
2022-07-08T02:23:44,0,6,0,6
2022-07-08T02:34:17,0,6,0,6
2022-07-08T02:44:50,0,6,0,6
2022-07-08T02:55:22,0,6,0,6
2022-07-08T03:05:55,0,6,0,6
2022-07-08T03:16:26,0,6,0,6
2022-07-08T03:26:57,0,6,0,6
2022-07-08T03:37:29,0,6,0,6
2022-07-08T03:50:06,0,6,0,6
2022-07-08T04:00:59,0,6,0,6
2022-07-08T04:11:32,0,6,0,6
2022-07-08T04:27:13,0,6,0,6
2022-07-08T04:38:09,0,6,0,6
2022-07-08T04:48:42,0,6,0,6
2022-07-08T04:59:16,0,6,0,6
2022-07-08T05:09:51,0,6,0,6
2022-07-08T05:20:26,0,6,0,6
2022-07-08T05:30:59,0,6,0,6
2022-07-08T05:41:32,0,6,0,6
2022-07-08T05:52:05,0,6,0,6
2022-07-08T06:02:40,0,6,0,6
2022-07-08T06:13:13,0,6,0,6
2022-07-08T06:23:45,0,6,0,6
2022-07-08T06:34:16,0,6,0,6
2022-07-08T06:44:47,0,6,0,6
2022-07-08T06:55:17,0,6,0,6
2022-07-08T07:05:48,0,6,0,6
2022-07-08T07:16:20,0,6,0,6
2022-07-08T07:26:50,0,6,0,6
2022-07-08T07:37:21,0,6,0,6
2022-07-08T07:47:52,0,6,0,6
2022-07-08T07:58:26,0,6,0,6
2022-07-08T08:08:56,0,6,0,6
2022-07-08T08:19:27,0,6,0,6
2022-07-08T08:29:58,0,6,0,6
2022-07-08T08:40:29,0,6,0,6
2022-07-08T08:51:00,0,6,0,6
2022-07-08T09:01:31,0,6,0,6
2022-07-08T09:12:02,0,6,0,6
2022-07-08T09:22:44,0,6,0,6
2022-07-08T09:33:15,0,6,0,6
2022-07-08T09:43:46,0,6,0,6
2022-07-08T09:54:19,0,6,0,6
2022-07-08T10:04:51,0,6,0,6
2022-07-08T10:15:22,0,6,0,6
2022-07-08T10:25:53,0,6,0,6
2022-07-08T10:36:24,0,6,0,6
2022-07-08T10:46:56,0,6,0,6
2022-07-08T10:57:27,0,6,0,6
2022-07-08T11:07:59,0,6,0,6
2022-07-08T11:18:30,0,6,0,6
2022-07-08T11:29:02,0,6,0,6
2022-07-08T11:39:33,0,6,0,6
2022-07-08T11:50:17,0,6,0,6
2022-07-08T12:00:48,0,6,0,6
2022-07-08T12:11:19,0,6,0,6
2022-07-08T12:21:50,0,6,0,6
2022-07-08T12:32:21,0,6,0,6
2022-07-08T12:42:53,0,6,0,6
2022-07-08T12:53:24,0,6,0,6
2022-07-08T13:03:57,0,6,0,6
2022-07-08T13:14:31,0,6,0,6
2022-07-08T13:25:04,0,6,0,6
2022-07-08T13:35:47,0,6,0,6
2022-07-08T13:46:19,0,6,0,6
2022-07-08T13:56:51,0,6,0,6
2022-07-08T14:07:23,0,6,0,6
2022-07-08T14:17:54,0,6,0,6
2022-07-08T14:28:25,0,6,0,6
2022-07-08T14:38:57,0,6,0,6
2022-07-08T14:49:28,0,6,0,6
2022-07-08T14:59:59,0,6,0,6
2022-07-08T15:10:30,0,6,0,6
2022-07-08T15:21:02,0,6,0,6
2022-07-08T15:31:43,0,6,0,6
2022-07-08T15:42:15,0,6,0,6
2022-07-08T15:52:46,0,6,0,6
2022-07-08T16:03:17,0,6,0,6
2022-07-08T16:13:48,0,6,0,6
2022-07-08T16:24:18,0,6,0,6
2022-07-08T16:34:49,0,6,0,6
2022-07-08T16:45:19,0,6,0,6
2022-07-08T16:55:49,0,6,0,6
2022-07-08T17:06:20,0,6,0,6
2022-07-08T17:16:51,0,6,0,6
2022-07-08T17:27:32,0,6,0,6
2022-07-08T17:38:02,0,6,0,6
2022-07-08T17:48:32,0,6,0,6
2022-07-08T17:59:03,0,6,0,6
2022-07-08T18:09:35,0,6,0,6
2022-07-08T18:20:05,0,6,0,6
2022-07-08T18:30:35,0,6,0,6
2022-07-08T18:41:06,0,6,0,6
2022-07-08T18:51:35,0,6,0,6
2022-07-08T19:02:06,0,6,0,6
2022-07-08T19:12:36,0,6,0,6
2022-07-08T19:23:07,0,6,0,6
2022-07-08T19:33:38,0,6,0,6
2022-07-08T19:44:09,0,6,0,6
2022-07-08T19:54:39,0,6,0,6
2022-07-08T20:05:20,0,6,0,6
2022-07-08T20:15:50,0,6,0,6
2022-07-08T20:26:20,0,6,0,6
2022-07-08T20:36:49,0,6,0,6
2022-07-08T20:47:19,0,6,0,6
2022-07-08T20:57:50,0,6,0,6
2022-07-08T21:08:20,0,6,0,6
2022-07-08T21:18:50,0,6,0,6
2022-07-08T21:29:20,0,6,0,6
2022-07-08T21:39:50,0,6,0,6
2022-07-08T21:50:22,0,6,0,6
2022-07-08T22:00:52,0,6,0,6
2022-07-08T22:11:22,0,6,0,6
2022-07-08T22:21:52,0,6,0,6
2022-07-08T22:32:22,0,6,0,6
2022-07-08T22:42:53,0,6,0,6
2022-07-08T22:53:47,0,6,0,6
2022-07-08T23:04:18,0,6,0,6
2022-07-08T23:14:49,0,6,0,6
2022-07-08T23:25:19,0,6,0,6
2022-07-08T23:35:49,0,6,0,6
2022-07-08T23:46:19,0,6,0,6
2022-07-08T23:56:49,0,6,0,6
2022-07-09T00:07:20,0,6,0,6
2022-07-09T00:17:53,0,6,0,6
2022-07-09T00:28:24,0,6,0,6
2022-07-09T00:38:57,0,6,0,6
2022-07-09T00:49:29,0,6,0,6
2022-07-09T01:00:03,0,6,0,6
2022-07-09T01:10:35,0,6,0,6
2022-07-09T01:21:08,0,6,0,6
2022-07-09T01:31:41,0,6,0,6
2022-07-09T01:42:13,0,6,0,6
2022-07-09T01:52:46,0,6,0,6
2022-07-09T02:03:19,0,6,0,6
2022-07-09T02:13:50,0,6,0,6
2022-07-09T02:24:29,0,6,0,6
2022-07-09T02:34:59,0,6,0,6
2022-07-09T02:45:28,0,6,0,6
2022-07-09T02:55:58,0,6,0,6
2022-07-09T03:06:28,0,6,0,6
2022-07-09T03:16:57,0,6,0,6
2022-07-09T03:27:27,0,6,0,6
2022-07-09T03:37:58,0,6,0,6
2022-07-09T03:48:29,0,6,0,6
2022-07-09T03:59:00,0,6,0,6
2022-07-09T04:28:22,0,6,0,6
2022-07-09T04:38:57,0,6,0,6
2022-07-09T04:49:30,0,6,0,6
2022-07-09T05:00:02,0,6,0,6
2022-07-09T05:10:37,0,6,0,6
2022-07-09T05:21:21,0,6,0,6
2022-07-09T05:31:55,0,6,0,6
2022-07-09T05:42:29,0,6,0,6
2022-07-09T05:53:03,0,6,0,6
2022-07-09T06:03:36,0,6,0,6
2022-07-09T06:14:09,0,6,0,6
2022-07-09T06:24:41,0,6,0,6
2022-07-09T06:35:13,0,6,0,6
2022-07-09T06:45:46,0,6,0,6
2022-07-09T06:56:18,0,6,0,6
2022-07-09T07:06:50,0,6,0,6
2022-07-09T07:17:23,0,6,0,6
2022-07-09T07:27:56,0,6,0,6
2022-07-09T07:38:28,0,6,0,6
2022-07-09T07:49:02,0,6,0,6
2022-07-09T07:59:36,0,6,0,6
2022-07-09T08:10:10,0,6,0,6
2022-07-09T08:20:43,0,6,0,6
2022-07-09T08:31:15,0,6,0,6
2022-07-09T08:42:59,0,6,0,6
2022-07-09T09:03:11,0,6,0,6
2022-07-09T09:23:30,0,6,0,6
2022-07-09T09:45:40,0,6,0,6
2022-07-09T10:06:22,0,6,0,6
2022-07-09T10:27:23,0,6,0,6
2022-07-09T10:40:59,0,6,0,6
2022-07-09T10:51:30,0,6,0,6
2022-07-09T11:02:01,0,6,0,6
2022-07-09T11:12:31,0,6,0,6
2022-07-09T11:23:01,0,6,0,6
2022-07-09T11:33:31,0,6,0,6
2022-07-09T11:44:10,0,6,0,6
2022-07-09T11:54:40,0,6,0,6
2022-07-09T12:05:12,0,6,0,6
2022-07-09T12:15:42,0,6,0,6
2022-07-09T12:26:12,0,6,0,6
2022-07-09T12:36:42,0,6,0,6
2022-07-09T12:47:12,0,6,0,6
2022-07-09T12:57:44,0,6,0,6
2022-07-09T13:08:14,0,6,0,6
2022-07-09T13:18:45,0,6,0,6
2022-07-09T13:29:17,0,6,0,6
2022-07-09T13:39:47,0,6,0,6
2022-07-09T13:50:18,0,6,0,6
2022-07-09T14:00:55,0,6,0,6
2022-07-09T14:11:41,0,6,0,6
2022-07-09T14:22:19,0,6,0,6
2022-07-09T14:32:55,0,6,0,6
2022-07-09T14:43:31,0,6,0,6
2022-07-09T14:54:08,0,6,0,6
2022-07-09T15:04:45,0,6,0,6
2022-07-09T15:15:21,0,6,0,6
2022-07-09T15:25:56,0,6,0,6
2022-07-09T15:36:30,0,6,0,6
2022-07-09T15:47:03,0,6,0,6
2022-07-09T15:57:35,0,6,0,6
2022-07-09T16:08:13,0,6,0,6
2022-07-09T16:18:43,0,6,0,6
2022-07-09T16:29:14,0,6,0,6
2022-07-09T16:39:44,0,6,0,6
2022-07-09T16:50:14,0,6,0,6
2022-07-09T17:00:44,0,6,0,6
2022-07-09T17:11:25,0,6,0,6
2022-07-09T17:21:55,0,6,0,6
2022-07-09T17:32:28,0,6,0,6
2022-07-09T17:42:57,0,6,0,6
2022-07-09T17:53:27,0,6,0,6
2022-07-09T18:03:57,0,6,0,6
2022-07-09T18:14:26,0,6,0,6
2022-07-09T18:24:56,0,6,0,6
2022-07-09T18:35:26,0,6,0,6
2022-07-09T18:45:55,0,6,0,6
2022-07-09T18:56:25,0,6,0,6
2022-07-09T19:06:55,0,6,0,6
2022-07-09T19:17:25,0,6,0,6
2022-07-09T19:27:54,0,6,0,6
2022-07-09T19:38:24,0,6,0,6
2022-07-09T19:49:03,0,6,0,6
2022-07-09T19:59:33,0,6,0,6
2022-07-09T20:10:03,0,6,0,6
2022-07-09T20:20:32,0,6,0,6
2022-07-09T20:31:02,0,6,0,6
2022-07-09T20:41:32,0,6,0,6
2022-07-09T20:52:02,0,6,0,6
2022-07-09T21:02:31,0,6,0,6
2022-07-09T21:13:01,0,6,0,6
2022-07-09T21:23:31,0,6,0,6
2022-07-09T21:34:01,0,6,0,6
2022-07-09T21:44:31,0,6,0,6
2022-07-09T21:55:02,0,6,0,6
2022-07-09T22:05:33,0,6,0,6
2022-07-09T22:16:02,0,6,0,6
2022-07-09T22:26:32,0,6,0,6
2022-07-09T22:37:11,0,6,0,6
2022-07-09T22:47:41,0,6,0,6
2022-07-09T22:58:10,0,6,0,6
2022-07-09T23:08:41,0,6,0,6
2022-07-09T23:19:12,0,6,0,6
2022-07-09T23:29:42,0,6,0,6
2022-07-09T23:40:12,0,6,0,6
2022-07-09T23:50:44,0,6,0,6
2022-07-10T00:01:15,0,6,0,6
2022-07-10T00:11:45,0,6,0,6
2022-07-10T00:22:18,0,6,0,6
2022-07-10T00:32:49,0,6,0,6
2022-07-10T00:43:19,0,6,0,6
2022-07-10T00:53:49,0,6,0,6
2022-07-10T01:04:19,0,6,0,6
2022-07-10T01:14:50,0,6,0,6
2022-07-10T01:25:20,0,6,0,6
2022-07-10T01:35:49,0,6,0,6
2022-07-10T01:46:19,0,6,0,6
2022-07-10T01:56:49,0,6,0,6
2022-07-10T02:07:18,0,6,0,6
2022-07-10T02:17:48,0,6,0,6
2022-07-10T02:28:28,0,6,0,6
2022-07-10T02:39:02,0,6,0,6
2022-07-10T02:49:35,0,6,0,6
2022-07-10T03:00:08,0,6,0,6
2022-07-10T03:10:47,0,6,0,6
2022-07-10T03:21:21,0,6,0,6
2022-07-10T03:31:55,0,6,0,6
2022-07-10T03:42:28,0,6,0,6
2022-07-10T03:53:01,0,6,0,6
2022-07-10T04:03:33,0,6,0,6
2022-07-10T04:14:07,0,6,0,6
2022-07-10T04:29:47,0,6,0,6
2022-07-10T04:40:41,0,6,0,6
2022-07-10T04:51:14,0,6,0,6
2022-07-10T05:01:48,0,6,0,6
2022-07-10T05:12:24,0,6,0,6
2022-07-10T05:22:57,0,6,0,6
2022-07-10T05:33:29,0,6,0,6
2022-07-10T05:44:04,0,6,0,6
2022-07-10T05:54:36,0,6,0,6
2022-07-10T06:05:08,0,6,0,6
2022-07-10T06:15:42,0,6,0,6
2022-07-10T06:26:15,0,6,0,6
2022-07-10T06:36:47,0,6,0,6
2022-07-10T06:47:19,0,6,0,6
2022-07-10T06:57:50,0,6,0,6
2022-07-10T07:08:21,0,6,0,6
2022-07-10T07:18:51,0,6,0,6
2022-07-10T07:29:22,0,6,0,6
2022-07-10T07:39:52,0,6,0,6
2022-07-10T07:50:23,0,6,0,6
2022-07-10T08:00:53,0,6,0,6
2022-07-10T08:11:24,0,6,0,6
2022-07-10T08:21:54,0,6,0,6
2022-07-10T08:32:37,0,6,0,6
2022-07-10T08:43:07,0,6,0,6
2022-07-10T08:53:37,0,6,0,6
2022-07-10T09:04:07,0,6,0,6
2022-07-10T09:14:37,0,6,0,6
2022-07-10T09:25:07,0,6,0,6
2022-07-10T09:35:37,0,6,0,6
2022-07-10T09:46:07,0,6,0,6
2022-07-10T09:56:37,0,6,0,6
2022-07-10T10:07:08,0,6,0,6
2022-07-10T10:17:39,0,6,0,6
2022-07-10T10:28:10,0,6,0,6
2022-07-10T10:38:40,0,6,0,6
2022-07-10T10:49:11,0,6,0,6
2022-07-10T10:59:52,0,6,0,6
2022-07-10T11:10:23,0,6,0,6
2022-07-10T11:20:59,0,6,0,6
2022-07-10T11:31:29,0,6,0,6
2022-07-10T11:42:01,0,6,0,6
2022-07-10T11:52:32,0,6,0,6
2022-07-10T12:03:03,0,6,0,6
2022-07-10T12:13:33,0,6,0,6
2022-07-10T12:24:03,0,6,0,6
2022-07-10T12:34:33,0,6,0,6
2022-07-10T12:45:03,0,6,0,6
2022-07-10T12:55:33,0,6,0,6
2022-07-10T13:06:03,0,6,0,6
2022-07-10T13:16:34,0,6,0,6
2022-07-10T13:27:04,0,6,0,6
2022-07-10T13:37:34,0,6,0,6
2022-07-10T13:48:14,0,6,0,6
2022-07-10T13:58:44,0,6,0,6
2022-07-10T14:09:14,0,6,0,6
2022-07-10T14:19:44,0,6,0,6
2022-07-10T14:30:14,0,6,0,6
2022-07-10T14:40:44,0,6,0,6
2022-07-10T14:51:14,0,6,0,6
2022-07-10T15:01:44,0,6,0,6
2022-07-10T15:12:14,0,6,0,6
2022-07-10T15:22:44,0,6,0,6
2022-07-10T15:33:14,0,6,0,6
2022-07-10T15:43:45,0,6,0,6
2022-07-10T15:54:15,0,6,0,6
2022-07-10T16:04:45,0,6,0,6
2022-07-10T16:15:15,0,6,0,6
2022-07-10T16:25:55,0,6,0,6
2022-07-10T16:36:25,0,6,0,6
2022-07-10T16:46:57,0,6,0,6
2022-07-10T16:57:27,0,6,0,6
2022-07-10T17:07:57,0,6,0,6
2022-07-10T17:18:28,0,6,0,6
2022-07-10T17:28:59,0,6,0,6
2022-07-10T17:39:29,0,6,0,6
2022-07-10T17:49:59,0,6,0,6
2022-07-10T18:00:30,0,6,0,6
2022-07-10T18:11:01,0,6,0,6
2022-07-10T18:21:31,0,6,0,6
2022-07-10T18:32:01,0,6,0,6
2022-07-10T18:42:30,0,6,0,6
2022-07-10T18:53:01,0,6,0,6
2022-07-10T19:03:32,0,6,0,6
2022-07-10T19:14:03,0,6,0,6
2022-07-10T19:24:34,0,6,0,6
2022-07-10T19:35:04,0,6,0,6
2022-07-10T19:45:35,0,6,0,6
2022-07-10T19:56:16,0,6,0,6
2022-07-10T20:06:46,0,6,0,6
2022-07-10T20:17:17,0,6,0,6
2022-07-10T20:27:47,0,6,0,6
2022-07-10T20:38:17,0,6,0,6
2022-07-10T20:48:47,0,6,0,6
2022-07-10T20:59:17,0,6,0,6
2022-07-10T21:09:48,0,6,0,6
2022-07-10T21:20:18,0,6,0,6
2022-07-10T21:30:49,0,6,0,6
2022-07-10T21:41:20,0,6,0,6
2022-07-10T21:51:51,0,6,0,6
2022-07-10T22:02:21,0,6,0,6
2022-07-10T22:12:51,0,6,0,6
2022-07-10T22:23:21,0,6,0,6
2022-07-10T22:34:03,0,6,0,6
2022-07-10T22:44:33,0,6,0,6
2022-07-10T22:55:03,0,6,0,6
2022-07-10T23:05:34,0,6,0,6
2022-07-10T23:16:05,0,6,0,6
2022-07-10T23:26:36,0,6,0,6
2022-07-10T23:37:06,0,6,0,6
2022-07-10T23:47:36,0,6,0,6
2022-07-10T23:58:06,0,6,0,6
2022-07-11T00:08:38,0,6,0,6
2022-07-11T00:19:14,0,6,0,6
2022-07-11T00:29:48,0,6,0,6
2022-07-11T00:40:20,0,6,0,6
2022-07-11T00:50:52,0,6,0,6
2022-07-11T01:01:22,0,6,0,6
2022-07-11T01:12:10,0,6,0,6
2022-07-11T01:22:43,0,6,0,6
2022-07-11T01:33:16,0,6,0,6
2022-07-11T01:43:48,0,6,0,6
2022-07-11T01:54:20,0,6,0,6
2022-07-11T02:05:03,0,6,0,6
2022-07-11T02:15:35,0,6,0,6
2022-07-11T02:26:07,0,6,0,6
2022-07-11T02:36:39,0,6,0,6
2022-07-11T02:47:10,0,6,0,6
2022-07-11T02:57:40,0,6,0,6
2022-07-11T03:08:11,0,6,0,6
2022-07-11T03:18:41,0,6,0,6
2022-07-11T03:29:12,0,6,0,6
2022-07-11T03:39:44,0,6,0,6
2022-07-11T03:52:54,0,6,0,6
2022-07-11T04:03:31,0,6,0,6
2022-07-11T04:14:04,0,6,0,6
2022-07-11T04:30:01,0,6,0,6
2022-07-11T04:41:05,0,6,0,6
2022-07-11T04:51:38,0,6,0,6
2022-07-11T05:02:13,0,6,0,6
2022-07-11T05:12:46,0,6,0,6
2022-07-11T05:23:19,0,6,0,6
2022-07-11T05:33:53,0,6,0,6
2022-07-11T05:44:24,0,6,0,6
2022-07-11T05:54:55,0,6,0,6
2022-07-11T06:05:30,0,6,0,6
2022-07-11T06:16:01,0,6,0,6
2022-07-11T06:26:33,0,6,0,6
2022-07-11T06:37:05,0,6,0,6
2022-07-11T06:47:36,0,6,0,6
2022-07-11T06:58:06,0,6,0,6
2022-07-11T07:08:37,0,6,0,6
2022-07-11T07:19:09,0,6,0,6
2022-07-11T07:29:48,0,6,0,6
2022-07-11T07:40:19,0,6,0,6
2022-07-11T07:50:50,0,6,0,6
2022-07-11T08:01:21,0,6,0,6
2022-07-11T08:11:53,0,6,0,6
2022-07-11T08:22:24,0,6,0,6
2022-07-11T08:32:57,0,6,0,6
2022-07-11T08:43:28,0,6,0,6
2022-07-11T08:54:00,0,6,0,6
2022-07-11T09:04:30,0,6,0,6
2022-07-11T09:15:02,0,6,0,6
2022-07-11T09:25:33,0,6,0,6
2022-07-11T09:36:05,0,6,0,6
2022-07-11T09:46:37,0,6,0,6
2022-07-11T09:57:09,0,6,0,6
2022-07-11T10:07:42,0,6,0,6
2022-07-11T10:18:14,0,6,0,6
2022-07-11T10:28:46,0,6,0,6
2022-07-11T10:39:17,0,6,0,6
2022-07-11T10:49:49,0,6,0,6
2022-07-11T11:00:34,0,6,0,6
2022-07-11T11:11:07,0,6,0,6
2022-07-11T11:21:43,0,6,0,6
2022-07-11T11:32:20,0,6,0,6
2022-07-11T11:42:52,0,6,0,6
2022-07-11T11:53:24,0,6,0,6
2022-07-11T12:03:55,0,6,0,6
2022-07-11T12:14:27,0,6,0,6
2022-07-11T12:24:58,0,6,0,6
2022-07-11T12:35:29,0,6,0,6
2022-07-11T12:46:10,0,6,0,6
2022-07-11T12:56:41,0,6,0,6
2022-07-11T13:07:13,0,6,0,6
2022-07-11T13:17:44,0,6,0,6
2022-07-11T13:28:16,0,6,0,6
2022-07-11T13:38:47,0,6,0,6
2022-07-11T13:49:20,0,6,0,6
2022-07-11T13:59:53,0,6,0,6
2022-07-11T14:10:24,0,6,0,6
2022-07-11T14:20:58,0,6,0,6
2022-07-11T14:31:40,0,6,0,6
2022-07-11T14:42:11,0,6,0,6
2022-07-11T14:52:43,0,6,0,6
2022-07-11T15:03:17,0,6,0,6
2022-07-11T15:13:49,0,6,0,6
2022-07-11T15:24:21,0,6,0,6
2022-07-11T15:34:53,0,6,0,6
2022-07-11T15:45:25,0,6,0,6
2022-07-11T15:55:57,0,6,0,6
2022-07-11T16:06:29,0,6,0,6
2022-07-11T16:17:00,0,6,0,6
2022-07-11T16:27:31,0,6,0,6
2022-07-11T16:38:02,0,6,0,6
2022-07-11T16:48:33,0,6,0,6
2022-07-11T16:59:15,0,6,0,6
2022-07-11T17:09:46,0,6,0,6
2022-07-11T17:20:18,0,6,0,6
2022-07-11T17:30:50,0,6,0,6
2022-07-11T17:41:21,0,6,0,6
2022-07-11T17:51:52,0,6,0,6
2022-07-11T18:02:23,0,6,0,6
2022-07-11T18:12:53,0,6,0,6
2022-07-11T18:23:23,0,6,0,6
2022-07-11T18:33:54,0,6,0,6
2022-07-11T18:44:26,0,6,0,6
2022-07-11T18:54:56,0,6,0,6
2022-07-11T19:05:27,0,6,0,6
2022-07-11T19:15:58,0,6,0,6
2022-07-11T19:26:29,0,6,0,6
2022-07-11T19:37:09,0,6,0,6
2022-07-11T19:47:39,0,6,0,6
2022-07-11T19:58:09,0,6,0,6
2022-07-11T20:08:39,0,6,0,6
2022-07-11T20:19:09,0,6,0,6
2022-07-11T20:29:40,0,6,0,6
2022-07-11T20:40:11,0,6,0,6
2022-07-11T20:50:41,0,6,0,6
2022-07-11T21:01:11,0,6,0,6
2022-07-11T21:11:44,0,6,0,6
2022-07-11T21:22:14,0,6,0,6
2022-07-11T21:32:55,0,6,0,6
2022-07-11T21:43:25,0,6,0,6
2022-07-11T21:53:58,0,6,0,6
2022-07-11T22:04:28,0,6,0,6
2022-07-11T22:14:59,0,6,0,6
2022-07-11T22:25:29,0,6,0,6
2022-07-11T22:35:59,0,6,0,6
2022-07-11T22:46:30,0,6,0,6
2022-07-11T22:57:00,0,6,0,6
2022-07-11T23:07:31,0,6,0,6
2022-07-11T23:18:12,0,6,0,6
2022-07-11T23:28:42,0,6,0,6
2022-07-11T23:39:13,0,6,0,6
2022-07-11T23:49:43,0,6,0,6
2022-07-12T00:00:14,0,6,0,6
2022-07-12T00:10:45,0,6,0,6
2022-07-12T00:21:21,0,6,0,6
2022-07-12T00:31:54,0,6,0,6
2022-07-12T00:42:28,0,6,0,6
2022-07-12T00:53:01,0,6,0,6
2022-07-12T01:03:34,0,6,0,6
2022-07-12T01:14:05,0,6,0,6
2022-07-12T01:24:49,0,6,0,6
2022-07-12T01:35:22,0,6,0,6
2022-07-12T01:45:53,0,6,0,6
2022-07-12T01:56:25,0,6,0,6
2022-07-12T02:06:57,0,6,0,6
2022-07-12T02:17:28,0,6,0,6
2022-07-12T02:27:59,0,6,0,6
2022-07-12T02:38:30,0,6,0,6
2022-07-12T02:49:00,0,6,0,6
2022-07-12T02:59:30,0,6,0,6
2022-07-12T03:10:01,0,6,0,6
2022-07-12T03:22:21,0,6,0,6
2022-07-12T03:31:15,0,6,0,6
2022-07-12T03:40:11,0,6,0,6
2022-07-12T03:49:07,0,6,0,6
2022-07-12T03:58:03,0,6,0,6
2022-07-12T04:07:02,0,6,0,6
2022-07-12T04:23:47,0,6,0,6
2022-07-12T04:33:10,0,6,0,6
2022-07-12T04:42:08,0,6,0,6
2022-07-12T04:51:05,0,6,0,6
2022-07-12T05:00:01,0,6,0,6
2022-07-12T05:08:57,0,6,0,6
2022-07-12T05:17:52,0,6,0,6
2022-07-12T05:26:47,0,6,0,6
2022-07-12T05:35:43,0,6,0,6
2022-07-12T05:44:40,0,6,0,6
2022-07-12T05:53:46,0,6,0,6
2022-07-12T06:02:43,0,6,0,6
2022-07-12T06:11:42,0,6,0,6
2022-07-12T06:20:39,0,6,0,6
2022-07-12T06:29:35,0,6,0,6
2022-07-12T06:38:33,0,6,0,6
2022-07-12T06:47:32,0,6,0,6
2022-07-12T06:56:30,0,6,0,6
2022-07-12T07:05:30,0,6,0,6
2022-07-12T07:14:26,0,6,0,6
2022-07-12T07:23:23,0,6,0,6
2022-07-12T07:32:19,0,6,0,6
2022-07-12T07:41:14,0,6,0,6
2022-07-12T07:50:11,0,6,0,6
2022-07-12T07:59:08,0,6,0,6
2022-07-12T08:08:05,0,6,0,6
2022-07-12T08:17:02,0,6,0,6
2022-07-12T08:25:59,0,6,0,6
2022-07-12T08:34:56,0,6,0,6
2022-07-12T08:43:53,0,6,0,6
2022-07-12T08:52:51,0,6,0,6
2022-07-12T09:01:49,0,6,0,6
2022-07-12T09:10:57,0,6,0,6
2022-07-12T09:19:54,0,6,0,6
2022-07-12T09:28:51,0,6,0,6
2022-07-12T09:37:46,0,6,0,6
2022-07-12T09:46:43,0,6,0,6
2022-07-12T09:55:39,0,6,0,6
2022-07-12T10:04:35,0,6,0,6
2022-07-12T10:13:31,0,6,0,6
2022-07-12T10:22:29,0,6,0,6
2022-07-12T10:31:26,0,6,0,6
2022-07-12T10:40:22,0,6,0,6
2022-07-12T10:49:20,0,6,0,6
2022-07-12T10:58:16,0,6,0,6
2022-07-12T11:07:14,0,6,0,6
2022-07-12T11:16:23,0,6,0,6
2022-07-12T11:25:19,0,6,0,6
2022-07-12T11:34:16,0,6,0,6
2022-07-12T11:43:12,0,6,0,6
2022-07-12T11:52:08,0,6,0,6
2022-07-12T12:01:04,0,6,0,6
2022-07-12T12:10:01,0,6,0,6
2022-07-12T12:18:56,0,6,0,6
2022-07-12T12:27:52,0,6,0,6
2022-07-12T12:36:48,0,6,0,6
2022-07-12T12:45:44,0,6,0,6
2022-07-12T12:54:40,0,6,0,6
2022-07-12T13:03:37,0,6,0,6
2022-07-12T13:12:33,0,6,0,6
2022-07-12T13:21:38,0,6,0,6
2022-07-12T13:30:36,0,6,0,6
2022-07-12T13:39:32,0,6,0,6
2022-07-12T13:48:28,0,6,0,6
2022-07-12T13:57:25,0,6,0,6
2022-07-12T14:06:21,0,6,0,6
2022-07-12T14:15:17,0,6,0,6
2022-07-12T14:24:14,0,6,0,6
2022-07-12T14:33:10,0,6,0,6
2022-07-12T14:42:06,0,6,0,6
2022-07-12T14:51:12,0,6,0,6
2022-07-12T15:00:09,0,6,0,6
2022-07-12T15:09:05,0,6,0,6
2022-07-12T15:18:01,0,6,0,6
2022-07-12T15:26:58,0,6,0,6
2022-07-12T15:35:54,0,6,0,6
2022-07-12T15:44:53,0,6,0,6
2022-07-12T15:53:48,0,6,0,6
2022-07-12T16:02:57,0,6,0,6
2022-07-12T16:11:53,0,6,0,6
2022-07-12T16:20:49,0,6,0,6
2022-07-12T16:29:44,0,6,0,6
2022-07-12T16:38:39,0,6,0,6
2022-07-12T16:47:35,0,6,0,6
2022-07-12T16:56:30,0,6,0,6
2022-07-12T17:05:37,0,6,0,6
2022-07-12T17:14:33,0,6,0,6
2022-07-12T17:23:29,0,6,0,6
2022-07-12T17:32:24,0,6,0,6
2022-07-12T17:41:19,0,6,0,6
2022-07-12T17:50:14,0,6,0,6
2022-07-12T17:59:09,0,6,0,6
2022-07-12T18:08:04,0,6,0,6
2022-07-12T18:17:00,0,6,0,6
2022-07-12T18:25:56,0,6,0,6
2022-07-12T18:34:51,0,6,0,6
2022-07-12T18:43:45,0,6,0,6
2022-07-12T18:52:40,0,6,0,6
2022-07-12T19:01:47,0,6,0,6
2022-07-12T19:10:41,0,6,0,6
2022-07-12T19:19:37,0,6,0,6
2022-07-12T19:28:33,0,6,0,6
2022-07-12T19:37:28,0,6,0,6
2022-07-12T19:46:24,0,6,0,6
2022-07-12T19:55:19,0,6,0,6
2022-07-12T20:04:13,0,6,0,6
2022-07-12T20:13:08,0,6,0,6
2022-07-12T20:22:03,0,6,0,6
2022-07-12T20:30:58,0,6,0,6
2022-07-12T20:39:52,0,6,0,6
2022-07-12T20:48:47,0,6,0,6
2022-07-12T20:57:42,0,6,0,6
2022-07-12T21:06:37,0,6,0,6
2022-07-12T21:15:42,0,6,0,6
2022-07-12T21:24:36,0,6,0,6
2022-07-12T21:33:30,0,6,0,6
2022-07-12T21:42:25,0,6,0,6
2022-07-12T21:51:20,0,6,0,6
2022-07-12T22:00:24,0,6,0,6
2022-07-12T22:09:18,0,6,0,6
2022-07-12T22:18:12,0,6,0,6
2022-07-12T22:27:06,0,6,0,6
2022-07-12T22:36:01,0,6,0,6
2022-07-12T22:44:56,0,6,0,6
2022-07-12T22:53:50,0,6,0,6
2022-07-12T23:02:55,0,6,0,6
2022-07-12T23:11:50,0,6,0,6
2022-07-12T23:20:45,0,6,0,6
2022-07-12T23:29:40,0,6,0,6
2022-07-12T23:38:34,0,6,0,6
2022-07-12T23:47:29,0,6,0,6
2022-07-12T23:56:23,0,6,0,6
2022-07-13T00:05:18,0,6,0,6
2022-07-13T00:14:14,0,6,0,6
2022-07-13T00:23:10,0,6,0,6
2022-07-13T00:32:06,0,6,0,6
2022-07-13T00:41:03,0,6,0,6
2022-07-13T00:50:01,0,6,0,6
2022-07-13T00:59:07,0,6,0,6
2022-07-13T01:08:05,0,6,0,6
2022-07-13T01:17:03,0,6,0,6
2022-07-13T01:26:01,0,6,0,6
2022-07-13T01:34:59,0,6,0,6
2022-07-13T01:43:56,0,6,0,6
2022-07-13T01:52:54,0,6,0,6
2022-07-13T02:01:51,0,6,0,6
2022-07-13T02:10:47,0,6,0,6
2022-07-13T02:19:42,0,6,0,6
2022-07-13T02:28:40,0,6,0,6
2022-07-13T02:37:46,0,6,0,6
2022-07-13T02:46:43,0,6,0,6
2022-07-13T02:55:39,0,6,0,6
2022-07-13T03:04:35,0,6,0,6
2022-07-13T03:13:32,0,6,0,6
2022-07-13T03:22:27,0,6,0,6
2022-07-13T03:31:22,0,6,0,6
2022-07-13T03:40:18,0,6,0,6
2022-07-13T03:49:15,0,6,0,6
2022-07-13T03:58:12,0,6,0,6
2022-07-13T04:07:09,0,6,0,6
2022-07-13T04:16:07,0,6,0,6
2022-07-13T04:30:13,0,6,0,6
2022-07-13T04:39:33,0,6,0,6
2022-07-13T04:48:31,0,6,0,6
2022-07-13T04:57:29,0,6,0,6
2022-07-13T05:06:27,0,6,0,6
2022-07-13T05:15:26,0,6,0,6
2022-07-13T05:24:24,0,6,0,6
2022-07-13T05:33:21,0,6,0,6
2022-07-13T05:42:22,0,6,0,6
2022-07-13T05:51:18,0,6,0,6
2022-07-13T06:00:16,0,6,0,6
2022-07-13T06:09:13,0,6,0,6
2022-07-13T06:18:11,0,6,0,6
2022-07-13T06:27:08,0,6,0,6
2022-07-13T06:36:04,0,6,0,6
2022-07-13T06:45:00,0,6,0,6
2022-07-13T06:54:05,0,6,0,6
2022-07-13T07:03:00,0,6,0,6
2022-07-13T07:11:56,0,6,0,6
2022-07-13T07:20:51,0,6,0,6
2022-07-13T07:29:47,0,6,0,6
2022-07-13T07:38:42,0,6,0,6
2022-07-13T07:47:37,0,6,0,6
2022-07-13T07:56:32,0,6,0,6
2022-07-13T08:05:27,0,6,0,6
2022-07-13T08:14:23,0,6,0,6
2022-07-13T08:23:19,0,6,0,6
2022-07-13T08:32:15,0,6,0,6
2022-07-13T08:41:10,0,6,0,6
2022-07-13T08:50:06,0,6,0,6
2022-07-13T08:59:02,0,6,0,6
2022-07-13T09:07:59,0,6,0,6
2022-07-13T09:16:55,0,6,0,6
2022-07-13T09:25:51,0,6,0,6
2022-07-13T09:34:47,0,6,0,6
2022-07-13T09:43:53,0,6,0,6
2022-07-13T09:52:49,0,6,0,6
2022-07-13T10:01:46,0,6,0,6
2022-07-13T10:10:42,0,6,0,6
2022-07-13T10:19:40,0,6,0,6
2022-07-13T10:28:37,0,6,0,6
2022-07-13T10:37:33,0,6,0,6
2022-07-13T10:46:30,0,6,0,6
2022-07-13T10:55:26,0,6,0,6
2022-07-13T11:04:32,0,6,0,6
2022-07-13T11:13:28,0,6,0,6
2022-07-13T11:22:24,0,6,0,6
2022-07-13T11:31:20,0,6,0,6
2022-07-13T11:40:16,0,6,0,6
2022-07-13T11:49:11,0,6,0,6
2022-07-13T11:58:07,0,6,0,6
2022-07-13T12:07:03,0,6,0,6
2022-07-13T12:15:59,0,6,0,6
2022-07-13T12:24:54,0,6,0,6
2022-07-13T12:33:50,0,6,0,6
2022-07-13T12:42:46,0,6,0,6
2022-07-13T12:51:42,0,6,0,6
2022-07-13T13:00:49,0,6,0,6
2022-07-13T13:09:44,0,6,0,6
2022-07-13T13:18:41,0,6,0,6
2022-07-13T13:27:37,0,6,0,6
2022-07-13T13:36:34,0,6,0,6
2022-07-13T13:45:33,0,6,0,6
2022-07-13T13:54:29,0,6,0,6
2022-07-13T14:03:25,0,6,0,6
2022-07-13T14:12:22,0,6,0,6
2022-07-13T14:21:18,0,6,0,6
2022-07-13T14:30:25,0,6,0,6
2022-07-13T14:39:22,0,6,0,6
2022-07-13T14:48:18,0,6,0,6
2022-07-13T14:57:15,0,6,0,6
2022-07-13T15:06:11,0,6,0,6
2022-07-13T15:15:07,0,6,0,6
2022-07-13T15:24:03,0,6,0,6
2022-07-13T15:32:59,0,6,0,6
2022-07-13T15:41:55,0,6,0,6
2022-07-13T15:50:51,0,6,0,6
2022-07-13T15:59:59,0,6,0,6
2022-07-13T16:08:55,0,6,0,6
2022-07-13T16:17:50,0,6,0,6
2022-07-13T16:26:45,0,6,0,6
2022-07-13T16:35:40,0,6,0,6
2022-07-13T16:44:36,0,6,0,6
2022-07-13T16:53:31,0,6,0,6
2022-07-13T17:02:36,0,6,0,6
2022-07-13T17:11:32,0,6,0,6
2022-07-13T17:20:27,0,6,0,6
2022-07-13T17:29:23,0,6,0,6
2022-07-13T17:38:18,0,6,0,6
2022-07-13T17:47:14,0,6,0,6
2022-07-13T17:56:09,0,6,0,6
2022-07-13T18:05:04,0,6,0,6
2022-07-13T18:13:59,0,6,0,6
2022-07-13T18:22:54,0,6,0,6
2022-07-13T18:31:49,0,6,0,6
2022-07-13T18:40:44,0,6,0,6
2022-07-13T18:49:39,0,6,0,6
2022-07-13T18:58:43,0,6,0,6
2022-07-13T19:07:40,0,6,0,6
2022-07-13T19:16:35,0,6,0,6
2022-07-13T19:25:30,0,6,0,6
2022-07-13T19:34:25,0,6,0,6
2022-07-13T19:43:20,0,6,0,6
2022-07-13T19:52:15,0,6,0,6
2022-07-13T20:01:10,0,6,0,6
2022-07-13T20:10:04,0,6,0,6
2022-07-13T20:18:59,0,6,0,6
2022-07-13T20:27:53,0,6,0,6
2022-07-13T20:36:48,0,6,0,6
2022-07-13T20:45:42,0,6,0,6
2022-07-13T20:54:37,0,6,0,6
2022-07-13T21:03:32,0,6,0,6
2022-07-13T21:12:27,0,6,0,6
2022-07-13T21:21:22,0,6,0,6
2022-07-13T21:30:28,0,6,0,6
2022-07-13T21:39:24,0,6,0,6
2022-07-13T21:48:19,0,6,0,6
2022-07-13T21:57:16,0,6,0,6
2022-07-13T22:06:11,0,6,0,6
2022-07-13T22:15:05,0,6,0,6
2022-07-13T22:24:00,0,6,0,6
2022-07-13T22:32:54,0,6,0,6
2022-07-13T22:41:49,0,6,0,6
2022-07-13T22:50:44,0,6,0,6
2022-07-13T22:59:38,0,6,0,6
2022-07-13T23:08:36,0,6,0,6
2022-07-13T23:17:31,0,6,0,6
2022-07-13T23:26:26,0,6,0,6
2022-07-13T23:35:21,0,6,0,6
2022-07-13T23:44:16,0,6,0,6
2022-07-13T23:53:11,0,6,0,6
2022-07-14T00:02:06,0,6,0,6
2022-07-14T00:11:01,0,6,0,6
2022-07-14T00:20:11,0,6,0,6
2022-07-14T00:29:07,0,6,0,6
2022-07-14T00:38:06,0,6,0,6
2022-07-14T00:47:04,0,6,0,6
2022-07-14T00:56:02,0,6,0,6
2022-07-14T01:04:59,0,6,0,6
2022-07-14T01:13:56,0,6,0,6
2022-07-14T01:22:52,0,6,0,6
2022-07-14T01:31:50,0,6,0,6
2022-07-14T01:40:47,0,6,0,6
2022-07-14T01:49:44,0,6,0,6
2022-07-14T01:58:41,0,6,0,6
2022-07-14T02:07:37,0,6,0,6
2022-07-14T02:16:33,0,6,0,6
2022-07-14T02:25:27,0,6,0,6
2022-07-14T02:34:22,0,6,0,6
2022-07-14T02:43:17,0,6,0,6
2022-07-14T02:52:11,0,6,0,6
2022-07-14T03:01:06,0,6,0,6
2022-07-14T03:10:13,0,6,0,6
2022-07-14T03:19:08,0,6,0,6
2022-07-14T03:28:01,0,6,0,6
2022-07-14T03:36:56,0,6,0,6
2022-07-14T03:45:51,0,6,0,6
2022-07-14T03:54:47,0,6,0,6
2022-07-14T04:06:10,0,6,0,6
2022-07-14T04:15:30,0,6,0,6
2022-07-14T04:28:15,0,6,0,6
2022-07-14T04:37:35,0,6,0,6
2022-07-14T04:46:33,0,6,0,6
2022-07-14T04:55:31,0,6,0,6
2022-07-14T05:04:28,0,6,0,6
2022-07-14T05:13:25,0,6,0,6
2022-07-14T05:22:23,0,6,0,6
2022-07-14T05:31:21,0,6,0,6
2022-07-14T05:40:18,0,6,0,6
2022-07-14T05:49:15,0,6,0,6
2022-07-14T05:58:11,0,6,0,6
2022-07-14T06:07:08,0,6,0,6
2022-07-14T06:16:05,0,6,0,6
2022-07-14T06:25:02,0,6,0,6
2022-07-14T06:33:59,0,6,0,6
2022-07-14T06:42:56,0,6,0,6
2022-07-14T06:51:52,0,6,0,6
2022-07-14T07:00:49,0,6,0,6
2022-07-14T07:09:47,0,6,0,6
2022-07-14T07:18:44,0,6,0,6
2022-07-14T07:27:45,0,6,0,6
2022-07-14T07:36:42,0,6,0,6
2022-07-14T07:45:41,0,6,0,6
2022-07-14T07:54:37,0,6,0,6
2022-07-14T08:03:33,0,6,0,6
2022-07-14T08:12:29,0,6,0,6
2022-07-14T08:21:25,0,6,0,6
2022-07-14T08:30:22,0,6,0,6
2022-07-14T08:39:18,0,6,0,6
2022-07-14T08:48:13,0,6,0,6
2022-07-14T08:57:20,0,6,0,6
2022-07-14T09:06:16,0,6,0,6
2022-07-14T09:15:13,0,6,0,6
2022-07-14T09:24:09,0,6,0,6
2022-07-14T09:33:05,0,6,0,6
2022-07-14T09:42:02,0,6,0,6
2022-07-14T09:50:58,0,6,0,6
2022-07-14T09:59:55,0,6,0,6
2022-07-14T10:08:51,0,6,0,6
2022-07-14T10:17:48,0,6,0,6
2022-07-14T10:26:44,0,6,0,6
2022-07-14T10:35:42,0,6,0,6
2022-07-14T10:44:39,0,6,0,6
2022-07-14T10:53:47,0,6,0,6
2022-07-14T11:02:43,0,6,0,6
2022-07-14T11:11:39,0,6,0,6
2022-07-14T11:20:35,0,6,0,6
2022-07-14T11:29:32,0,6,0,6
2022-07-14T11:38:28,0,6,0,6
2022-07-14T11:47:24,0,6,0,6
2022-07-14T11:56:21,0,6,0,6
2022-07-14T12:05:18,0,6,0,6
2022-07-14T12:14:14,0,6,0,6
2022-07-14T12:23:11,0,6,0,6
2022-07-14T12:32:07,0,6,0,6
2022-07-14T12:41:03,0,6,0,6
2022-07-14T12:49:58,0,6,0,6
2022-07-14T12:58:56,0,6,0,6
2022-07-14T13:08:02,0,6,0,6
2022-07-14T13:16:59,0,6,0,6
2022-07-14T13:26:07,0,6,0,6
2022-07-14T13:35:14,0,6,0,6
2022-07-14T13:44:27,0,6,0,6
2022-07-14T13:53:41,0,6,0,6
2022-07-14T14:02:51,0,6,0,6
2022-07-14T14:12:01,0,6,0,6
2022-07-14T14:21:10,0,6,0,6
2022-07-14T14:30:16,0,6,0,6
2022-07-14T14:39:21,0,6,0,6
2022-07-14T14:48:28,0,6,0,6
2022-07-14T14:57:36,0,6,0,6
2022-07-14T15:06:48,0,6,0,6
2022-07-14T15:16:05,0,6,0,6
2022-07-14T15:25:12,0,6,0,6
2022-07-14T15:34:18,0,6,0,6
2022-07-14T15:43:25,0,6,0,6
2022-07-14T15:52:30,0,6,0,6
2022-07-14T16:01:36,0,6,0,6
2022-07-14T16:10:42,0,6,0,6
2022-07-14T16:19:45,0,6,0,6
2022-07-14T16:28:48,0,6,0,6
2022-07-14T16:37:47,0,6,0,6
2022-07-14T16:46:44,0,6,0,6
2022-07-14T16:55:39,0,6,0,6
2022-07-14T17:04:35,0,6,0,6
2022-07-14T17:13:31,0,6,0,6
2022-07-14T17:22:26,0,6,0,6
2022-07-14T17:31:21,0,6,0,6
2022-07-14T17:40:28,0,6,0,6
2022-07-14T17:49:23,0,6,0,6
2022-07-14T17:58:18,0,6,0,6
2022-07-14T18:07:14,0,6,0,6
2022-07-14T18:16:08,0,6,0,6
2022-07-14T18:25:03,0,6,0,6
2022-07-14T18:33:58,0,6,0,6
2022-07-14T18:42:52,0,6,0,6
2022-07-14T18:51:47,0,6,0,6
2022-07-14T19:00:43,0,6,0,6
2022-07-14T19:09:51,0,6,0,6
2022-07-14T19:18:46,0,6,0,6
2022-07-14T19:27:42,0,6,0,6
2022-07-14T19:36:37,0,6,0,6
2022-07-14T19:45:31,0,6,0,6
2022-07-14T19:54:26,0,6,0,6
2022-07-14T20:03:20,0,6,0,6
2022-07-14T20:12:14,0,6,0,6
2022-07-14T20:21:09,0,6,0,6
2022-07-14T20:30:03,0,6,0,6
2022-07-14T20:38:58,0,6,0,6
2022-07-14T20:48:03,0,6,0,6
2022-07-14T20:56:58,0,6,0,6
2022-07-14T21:05:52,0,6,0,6
2022-07-14T21:14:47,0,6,0,6
2022-07-14T21:23:42,0,6,0,6
2022-07-14T21:32:37,0,6,0,6
2022-07-14T21:41:31,0,6,0,6
2022-07-14T21:50:29,0,6,0,6
2022-07-14T21:59:23,0,6,0,6
2022-07-14T22:08:18,0,6,0,6
2022-07-14T22:17:13,0,6,0,6
2022-07-14T22:26:07,0,6,0,6
2022-07-14T22:35:02,0,6,0,6
2022-07-14T22:43:56,0,6,0,6
2022-07-14T22:52:51,0,6,0,6
2022-07-14T23:01:46,0,6,0,6
2022-07-14T23:10:41,0,6,0,6
2022-07-14T23:19:37,0,6,0,6
2022-07-14T23:28:32,0,6,0,6
2022-07-14T23:37:27,0,6,0,6
2022-07-14T23:46:22,0,6,0,6
2022-07-14T23:55:16,0,6,0,6
2022-07-15T00:04:11,0,6,0,6
2022-07-15T00:13:22,0,6,0,6
2022-07-15T00:22:19,0,6,0,6
2022-07-15T00:31:14,0,6,0,6
2022-07-15T00:40:11,0,6,0,6
2022-07-15T00:49:08,0,6,0,6
2022-07-15T00:58:06,0,6,0,6
2022-07-15T01:07:02,0,6,0,6
2022-07-15T01:15:59,0,6,0,6
2022-07-15T01:24:57,0,6,0,6
2022-07-15T01:33:54,0,6,0,6
2022-07-15T01:42:50,0,6,0,6
2022-07-15T01:51:46,0,6,0,6
2022-07-15T02:00:42,0,6,0,6
2022-07-15T02:09:39,0,6,0,6
2022-07-15T02:18:36,0,6,0,6
2022-07-15T02:27:33,0,6,0,6
2022-07-15T02:36:30,0,6,0,6
2022-07-15T02:45:26,0,6,0,6
2022-07-15T02:54:22,0,6,0,6
2022-07-15T03:03:18,0,6,0,6
2022-07-15T03:12:13,0,6,0,6
2022-07-15T03:21:08,0,6,0,6
2022-07-15T03:30:03,0,6,0,6
2022-07-15T03:39:09,0,6,0,6
2022-07-15T03:48:05,0,6,0,6
2022-07-15T03:59:14,0,6,0,6
2022-07-15T04:19:31,0,6,0,6
2022-07-15T04:28:53,0,6,0,6
2022-07-15T04:37:51,0,6,0,6
2022-07-15T04:46:48,0,6,0,6
2022-07-15T04:55:45,0,6,0,6
2022-07-15T05:04:44,0,6,0,6
2022-07-15T05:13:40,0,6,0,6
2022-07-15T05:22:36,0,6,0,6
2022-07-15T05:31:33,0,6,0,6
2022-07-15T05:40:34,0,6,0,6
2022-07-15T05:49:31,0,6,0,6
2022-07-15T05:58:29,0,6,0,6
2022-07-15T06:07:25,0,6,0,6
2022-07-15T06:16:22,0,6,0,6
2022-07-15T06:25:18,0,6,0,6
2022-07-15T06:34:14,0,6,0,6
2022-07-15T06:43:09,0,6,0,6
2022-07-15T06:52:04,0,6,0,6
2022-07-15T07:00:59,0,6,0,6
2022-07-15T07:10:04,0,6,0,6
2022-07-15T07:19:00,0,6,0,6
2022-07-15T07:27:55,0,6,0,6
2022-07-15T07:36:51,0,6,0,6
2022-07-15T07:45:46,0,6,0,6
2022-07-15T07:54:41,0,6,0,6
2022-07-15T08:03:36,0,6,0,6
2022-07-15T08:12:31,0,6,0,6
2022-07-15T08:21:27,0,6,0,6
2022-07-15T08:30:24,0,6,0,6
2022-07-15T08:39:19,0,6,0,6
2022-07-15T08:48:14,0,6,0,6
2022-07-15T08:57:10,0,6,0,6
2022-07-15T09:06:05,0,6,0,6
2022-07-15T09:15:01,0,6,0,6
2022-07-15T09:23:57,0,6,0,6
2022-07-15T09:32:53,0,6,0,6
2022-07-15T09:41:49,0,6,0,6
2022-07-15T09:50:46,0,6,0,6
2022-07-15T09:59:42,0,6,0,6
2022-07-15T10:08:38,0,6,0,6
2022-07-15T10:17:35,0,6,0,6
2022-07-15T10:26:43,0,6,0,6
2022-07-15T10:35:40,0,6,0,6
2022-07-15T10:44:37,0,6,0,6
2022-07-15T10:53:33,0,6,0,6
2022-07-15T11:02:30,0,6,0,6
2022-07-15T11:11:27,0,6,0,6
2022-07-15T11:20:25,0,6,0,6
2022-07-15T11:29:22,0,6,0,6
2022-07-15T11:38:19,0,6,0,6
2022-07-15T11:47:14,0,6,0,6
2022-07-15T11:56:10,0,6,0,6
2022-07-15T12:05:06,0,6,0,6
2022-07-15T12:14:02,0,6,0,6
2022-07-15T12:23:15,0,6,0,6
2022-07-15T12:32:11,0,6,0,6
2022-07-15T12:41:06,0,6,0,6
2022-07-15T12:50:01,0,6,0,6
2022-07-15T12:58:57,0,6,0,6
2022-07-15T13:07:53,0,6,0,6
2022-07-15T13:16:48,0,6,0,6
2022-07-15T13:25:44,0,6,0,6
2022-07-15T13:34:39,0,6,0,6
2022-07-15T13:43:35,0,6,0,6
2022-07-15T13:52:31,0,6,0,6
2022-07-15T14:01:43,0,6,0,6
2022-07-15T14:10:39,0,6,0,6
2022-07-15T14:19:34,0,6,0,6
2022-07-15T14:28:31,0,6,0,6
2022-07-15T14:37:26,0,6,0,6
2022-07-15T14:46:23,0,6,0,6
2022-07-15T14:55:20,0,6,0,6
2022-07-15T15:04:16,0,6,0,6
2022-07-15T15:13:13,0,6,0,6
2022-07-15T15:22:09,0,6,0,6
2022-07-15T15:31:07,0,6,0,6
2022-07-15T15:40:03,0,6,0,6
2022-07-15T15:48:59,0,6,0,6
2022-07-15T15:57:55,0,6,0,6
2022-07-15T16:06:51,0,6,0,6
2022-07-15T16:15:57,0,6,0,6
2022-07-15T16:24:53,0,6,0,6
2022-07-15T16:33:48,0,6,0,6
2022-07-15T16:42:43,0,6,0,6
2022-07-15T16:51:38,0,6,0,6
2022-07-15T17:00:34,0,6,0,6
2022-07-15T17:09:29,0,6,0,6
2022-07-15T17:18:25,0,6,0,6
2022-07-15T17:27:20,0,6,0,6
2022-07-15T17:36:15,0,6,0,6
2022-07-15T17:45:09,0,6,0,6
2022-07-15T17:54:04,0,6,0,6
2022-07-15T18:02:59,0,6,0,6
2022-07-15T18:11:54,0,6,0,6
2022-07-15T18:20:49,0,6,0,6
2022-07-15T18:30:01,0,6,0,6
2022-07-15T18:38:55,0,6,0,6
2022-07-15T18:47:50,0,6,0,6
2022-07-15T18:56:44,0,6,0,6
2022-07-15T19:05:39,0,6,0,6
2022-07-15T19:14:33,0,6,0,6
2022-07-15T19:23:28,0,6,0,6
2022-07-15T19:32:23,0,6,0,6
2022-07-15T19:41:18,0,6,0,6
2022-07-15T19:50:12,0,6,0,6
2022-07-15T19:59:06,0,6,0,6
2022-07-15T20:08:01,0,6,0,6
2022-07-15T20:16:55,0,6,0,6
2022-07-15T20:25:49,0,6,0,6
2022-07-15T20:34:44,0,6,0,6
2022-07-15T20:43:38,0,6,0,6
2022-07-15T20:52:33,0,6,0,6
2022-07-15T21:01:27,0,6,0,6
2022-07-15T21:10:22,0,6,0,6
2022-07-15T21:19:17,0,6,0,6
2022-07-15T21:28:22,0,6,0,6
2022-07-15T21:37:17,0,6,0,6
2022-07-15T21:46:11,0,6,0,6
2022-07-15T21:55:05,0,6,0,6
2022-07-15T22:04:00,0,6,0,6
2022-07-15T22:12:54,0,6,0,6
2022-07-15T22:21:48,0,6,0,6
2022-07-15T22:30:43,0,6,0,6
2022-07-15T22:39:38,0,6,0,6
2022-07-15T22:48:32,0,6,0,6
2022-07-15T22:57:27,0,6,0,6
2022-07-15T23:06:22,0,6,0,6
2022-07-15T23:15:19,0,6,0,6
2022-07-15T23:24:15,0,6,0,6
2022-07-15T23:33:12,0,6,0,6
2022-07-15T23:42:06,0,6,0,6
2022-07-15T23:51:01,0,6,0,6
2022-07-15T23:59:55,0,6,0,6
2022-07-16T00:08:51,0,6,0,6
2022-07-16T00:17:48,0,6,0,6
2022-07-16T00:27:21,0,6,0,6
2022-07-16T00:36:18,0,6,0,6
2022-07-16T00:45:15,0,6,0,6
2022-07-16T00:54:13,0,6,0,6
2022-07-16T01:03:10,0,6,0,6
2022-07-16T01:12:10,0,6,0,6
2022-07-16T01:21:07,0,6,0,6
2022-07-16T01:30:05,0,6,0,6
2022-07-16T01:39:04,0,6,0,6
2022-07-16T01:48:07,0,6,0,6
2022-07-16T01:57:11,0,6,0,6
2022-07-16T02:06:14,0,6,0,6
2022-07-16T02:15:16,0,6,0,6
2022-07-16T02:24:19,0,6,0,6
2022-07-16T02:33:21,0,6,0,6
2022-07-16T02:42:24,0,6,0,6
2022-07-16T02:51:29,0,6,0,6
2022-07-16T03:00:34,0,6,0,6
2022-07-16T03:09:34,0,6,0,6
2022-07-16T03:18:31,0,6,0,6
2022-07-16T03:27:28,0,6,0,6
2022-07-16T03:36:34,0,6,0,6
2022-07-16T03:45:30,0,6,0,6
2022-07-16T03:56:29,0,6,0,6
2022-07-16T04:05:43,0,6,0,6
2022-07-16T04:14:40,0,6,0,6
2022-07-16T04:28:11,0,6,0,6
2022-07-16T04:37:35,0,6,0,6
2022-07-16T04:46:33,0,6,0,6
2022-07-16T04:55:33,0,6,0,6
2022-07-16T05:04:31,0,6,0,6
2022-07-16T05:13:28,0,6,0,6
2022-07-16T05:22:25,0,6,0,6
2022-07-16T05:31:23,0,6,0,6
2022-07-16T05:40:21,0,6,0,6
2022-07-16T05:49:17,0,6,0,6
2022-07-16T05:58:15,0,6,0,6
2022-07-16T06:07:15,0,6,0,6
2022-07-16T06:16:11,0,6,0,6
2022-07-16T06:25:08,0,6,0,6
2022-07-16T06:34:04,0,6,0,6
2022-07-16T06:43:01,0,6,0,6
2022-07-16T06:52:08,0,6,0,6
2022-07-16T07:01:05,0,6,0,6
2022-07-16T07:10:01,0,6,0,6
2022-07-16T07:18:59,0,6,0,6
2022-07-16T07:27:56,0,6,0,6
2022-07-16T07:36:52,0,6,0,6
2022-07-16T07:45:49,0,6,0,6
2022-07-16T07:54:46,0,6,0,6
2022-07-16T08:03:43,0,6,0,6
2022-07-16T08:12:40,0,6,0,6
2022-07-16T08:21:38,0,6,0,6
2022-07-16T08:30:36,0,6,0,6
2022-07-16T08:39:33,0,6,0,6
2022-07-16T08:48:30,0,6,0,6
2022-07-16T08:57:26,0,6,0,6
2022-07-16T09:06:22,0,6,0,6
2022-07-16T09:15:21,0,6,0,6
2022-07-16T09:24:18,0,6,0,6
2022-07-16T09:33:13,0,6,0,6
2022-07-16T09:42:09,0,6,0,6
2022-07-16T09:51:06,0,6,0,6
2022-07-16T10:00:03,0,6,0,6
2022-07-16T10:08:59,0,6,0,6
2022-07-16T10:17:54,0,6,0,6
2022-07-16T10:26:49,0,6,0,6
2022-07-16T10:35:44,0,6,0,6
2022-07-16T10:44:38,0,6,0,6
2022-07-16T10:53:32,0,6,0,6
2022-07-16T11:02:27,0,6,0,6
2022-07-16T11:11:21,0,6,0,6
2022-07-16T11:20:16,0,6,0,6
2022-07-16T11:29:11,0,6,0,6
2022-07-16T11:38:06,0,6,0,6
2022-07-16T11:47:00,0,6,0,6
2022-07-16T11:55:55,0,6,0,6
2022-07-16T12:04:50,0,6,0,6
2022-07-16T12:13:45,0,6,0,6
2022-07-16T12:22:39,0,6,0,6
2022-07-16T12:31:34,0,6,0,6
2022-07-16T12:40:28,0,6,0,6
2022-07-16T12:49:22,0,6,0,6
2022-07-16T12:58:17,0,6,0,6
2022-07-16T13:07:11,0,6,0,6
2022-07-16T13:16:16,0,6,0,6
2022-07-16T13:25:11,0,6,0,6
2022-07-16T13:34:05,0,6,0,6
2022-07-16T13:43:00,0,6,0,6
2022-07-16T13:51:54,0,6,0,6
2022-07-16T14:00:48,0,6,0,6
2022-07-16T14:09:43,0,6,0,6
2022-07-16T14:18:37,0,6,0,6
2022-07-16T14:27:32,0,6,0,6
2022-07-16T14:36:26,0,6,0,6
2022-07-16T14:45:20,0,6,0,6
2022-07-16T14:54:15,0,6,0,6
2022-07-16T15:03:09,0,6,0,6
2022-07-16T15:12:03,0,6,0,6
2022-07-16T15:20:58,0,6,0,6
2022-07-16T15:29:51,0,6,0,6
2022-07-16T15:38:46,0,6,0,6
2022-07-16T15:47:40,0,6,0,6
2022-07-16T15:56:35,0,6,0,6
2022-07-16T16:05:29,0,6,0,6
2022-07-16T16:14:23,0,6,0,6
2022-07-16T16:23:17,0,6,0,6
2022-07-16T16:32:12,0,6,0,6
2022-07-16T16:41:07,0,6,0,6
2022-07-16T16:50:02,0,6,0,6
2022-07-16T16:58:57,0,6,0,6
2022-07-16T17:07:51,0,6,0,6
2022-07-16T17:16:46,0,6,0,6
2022-07-16T17:25:41,0,6,0,6
2022-07-16T17:34:35,0,6,0,6
2022-07-16T17:43:30,0,6,0,6
2022-07-16T17:52:24,0,6,0,6
2022-07-16T18:01:19,0,6,0,6
2022-07-16T18:10:13,0,6,0,6
2022-07-16T18:19:07,0,6,0,6
2022-07-16T18:28:02,0,6,0,6
2022-07-16T18:36:57,0,6,0,6
2022-07-16T18:45:51,0,6,0,6
2022-07-16T18:54:45,0,6,0,6
2022-07-16T19:03:40,0,6,0,6
2022-07-16T19:12:35,0,6,0,6
2022-07-16T19:21:29,0,6,0,6
2022-07-16T19:30:23,0,6,0,6
2022-07-16T19:39:18,0,6,0,6
2022-07-16T19:48:12,0,6,0,6
2022-07-16T19:57:06,0,6,0,6
2022-07-16T20:06:00,0,6,0,6
2022-07-16T20:14:54,0,6,0,6
2022-07-16T20:23:49,0,6,0,6
2022-07-16T20:32:43,0,6,0,6
2022-07-16T20:41:38,0,6,0,6
2022-07-16T20:50:32,0,6,0,6
2022-07-16T20:59:26,0,6,0,6
2022-07-16T21:08:21,0,6,0,6
2022-07-16T21:17:15,0,6,0,6
2022-07-16T21:26:10,0,6,0,6
2022-07-16T21:35:06,0,6,0,6
2022-07-16T21:44:01,0,6,0,6
2022-07-16T21:52:55,0,6,0,6
2022-07-16T22:01:49,0,6,0,6
2022-07-16T22:10:44,0,6,0,6
2022-07-16T22:19:38,0,6,0,6
2022-07-16T22:28:33,0,6,0,6
2022-07-16T22:37:27,0,6,0,6
2022-07-16T22:46:22,0,6,0,6
2022-07-16T22:55:16,0,6,0,6
2022-07-16T23:04:22,0,6,0,6
2022-07-16T23:13:17,0,6,0,6
2022-07-16T23:22:12,0,6,0,6
2022-07-16T23:31:06,0,6,0,6
2022-07-16T23:40:00,0,6,0,6
2022-07-16T23:48:55,0,6,0,6
2022-07-16T23:57:49,0,6,0,6
2022-07-17T00:06:44,0,6,0,6
2022-07-17T00:15:39,0,6,0,6
2022-07-17T00:24:33,0,6,0,6
2022-07-17T00:33:28,0,6,0,6
2022-07-17T00:42:24,0,6,0,6
2022-07-17T00:51:18,0,6,0,6
2022-07-17T01:00:13,0,6,0,6
2022-07-17T01:09:09,0,6,0,6
2022-07-17T01:18:04,0,6,0,6
2022-07-17T01:26:59,0,6,0,6
2022-07-17T01:35:54,0,6,0,6
2022-07-17T01:54:54,0,6,0,6
2022-07-17T02:03:49,0,6,0,6
2022-07-17T02:12:45,0,6,0,6
2022-07-17T02:21:44,0,6,0,6
2022-07-17T02:30:42,0,6,0,6
2022-07-17T02:40:09,0,6,0,6
2022-07-17T02:49:05,0,6,0,6
2022-07-17T02:58:03,0,6,0,6
2022-07-17T03:07:00,0,6,0,6
2022-07-17T03:15:57,0,6,0,6
2022-07-17T03:24:54,0,6,0,6
2022-07-17T03:33:50,0,6,0,6
2022-07-17T03:42:45,0,6,0,6
2022-07-17T03:51:41,0,6,0,6
2022-07-17T04:02:44,0,6,0,6
2022-07-17T04:12:06,0,6,0,6
2022-07-17T04:23:50,0,6,0,6
2022-07-17T04:33:08,0,6,0,6
2022-07-17T04:42:06,0,6,0,6
2022-07-17T04:51:05,0,6,0,6
2022-07-17T05:00:01,0,6,0,6
2022-07-17T05:08:59,0,6,0,6
2022-07-17T05:17:56,0,6,0,6
2022-07-17T05:26:54,0,6,0,6
2022-07-17T05:35:51,0,6,0,6
2022-07-17T05:44:47,0,6,0,6
2022-07-17T05:53:43,0,6,0,6
2022-07-17T06:02:40,0,6,0,6
2022-07-17T06:11:36,0,6,0,6
2022-07-17T06:20:32,0,6,0,6
2022-07-17T06:29:29,0,6,0,6
2022-07-17T06:38:25,0,6,0,6
2022-07-17T06:47:19,0,6,0,6
2022-07-17T06:56:13,0,6,0,6
2022-07-17T07:05:07,0,6,0,6
2022-07-17T07:14:02,0,6,0,6
2022-07-17T07:22:56,0,6,0,6
2022-07-17T07:31:51,0,6,0,6
2022-07-17T07:40:46,0,6,0,6
2022-07-17T07:49:40,0,6,0,6
2022-07-17T07:58:34,0,6,0,6
2022-07-17T08:07:28,0,6,0,6
2022-07-17T08:16:22,0,6,0,6
2022-07-17T08:25:16,0,6,0,6
2022-07-17T08:34:11,0,6,0,6
2022-07-17T08:43:05,0,6,0,6
2022-07-17T08:52:03,0,6,0,6
2022-07-17T09:00:57,0,6,0,6
2022-07-17T09:09:50,0,6,0,6
2022-07-17T09:18:44,0,6,0,6
2022-07-17T09:27:39,0,6,0,6
2022-07-17T09:36:33,0,6,0,6
2022-07-17T09:45:27,0,6,0,6
2022-07-17T09:54:21,0,6,0,6
2022-07-17T10:03:16,0,6,0,6
2022-07-17T10:12:10,0,6,0,6
2022-07-17T10:21:05,0,6,0,6
2022-07-17T10:29:59,0,6,0,6
2022-07-17T10:38:54,0,6,0,6
2022-07-17T10:47:57,0,6,0,6
2022-07-17T10:56:52,0,6,0,6
2022-07-17T11:05:46,0,6,0,6
2022-07-17T11:14:41,0,6,0,6
2022-07-17T11:23:35,0,6,0,6
2022-07-17T11:32:30,0,6,0,6
2022-07-17T11:41:25,0,6,0,6
2022-07-17T11:50:20,0,6,0,6
2022-07-17T11:59:14,0,6,0,6
2022-07-17T12:08:09,0,6,0,6
2022-07-17T12:17:04,0,6,0,6
2022-07-17T12:25:58,0,6,0,6
2022-07-17T12:34:52,0,6,0,6
2022-07-17T12:43:47,0,6,0,6
2022-07-17T12:52:42,0,6,0,6
2022-07-17T13:01:37,0,6,0,6
2022-07-17T13:10:31,0,6,0,6
2022-07-17T13:19:26,0,6,0,6
2022-07-17T13:28:20,0,6,0,6
2022-07-17T13:37:15,0,6,0,6
2022-07-17T13:46:09,0,6,0,6
2022-07-17T13:55:03,0,6,0,6
2022-07-17T14:03:58,0,6,0,6
2022-07-17T14:12:52,0,6,0,6
2022-07-17T14:21:57,0,6,0,6
2022-07-17T14:30:51,0,6,0,6
2022-07-17T14:39:45,0,6,0,6
2022-07-17T14:48:40,0,6,0,6
2022-07-17T14:57:34,0,6,0,6
2022-07-17T15:06:28,0,6,0,6
2022-07-17T15:15:22,0,6,0,6
2022-07-17T15:24:17,0,6,0,6
2022-07-17T15:33:11,0,6,0,6
2022-07-17T15:42:06,0,6,0,6
2022-07-17T15:51:01,0,6,0,6
2022-07-17T15:59:55,0,6,0,6
2022-07-17T16:08:50,0,6,0,6
2022-07-17T16:17:45,0,6,0,6
2022-07-17T16:26:40,0,6,0,6
2022-07-17T16:35:35,0,6,0,6
2022-07-17T16:44:30,0,6,0,6
2022-07-17T16:53:24,0,6,0,6
2022-07-17T17:02:19,0,6,0,6
2022-07-17T17:11:14,0,6,0,6
2022-07-17T17:20:09,0,6,0,6
2022-07-17T17:29:04,0,6,0,6
2022-07-17T17:37:59,0,6,0,6
2022-07-17T17:46:53,0,6,0,6
2022-07-17T17:55:48,0,6,0,6
2022-07-17T18:04:52,0,6,0,6
2022-07-17T18:13:46,0,6,0,6
2022-07-17T18:22:41,0,6,0,6
2022-07-17T18:31:35,0,6,0,6
2022-07-17T18:40:30,0,6,0,6
2022-07-17T18:49:24,0,6,0,6
2022-07-17T18:58:18,0,6,0,6
2022-07-17T19:07:14,0,6,0,6
2022-07-17T19:16:09,0,6,0,6
2022-07-17T19:25:04,0,6,0,6
2022-07-17T19:33:58,0,6,0,6
2022-07-17T19:42:55,0,6,0,6
2022-07-17T19:51:51,0,6,0,6
2022-07-17T20:00:49,0,6,0,6
2022-07-17T20:09:49,0,6,0,6
2022-07-17T20:18:49,0,6,0,6
2022-07-17T20:27:44,0,6,0,6
2022-07-17T20:36:48,0,6,0,6
2022-07-17T20:45:42,0,6,0,6
2022-07-17T20:54:38,0,6,0,6
2022-07-17T21:03:33,0,6,0,6
2022-07-17T21:12:28,0,6,0,6
2022-07-17T21:21:23,0,6,0,6
2022-07-17T21:30:18,0,6,0,6
2022-07-17T21:39:14,0,6,0,6
2022-07-17T21:48:10,0,6,0,6
2022-07-17T21:57:05,0,6,0,6
2022-07-17T22:06:01,0,6,0,6
2022-07-17T22:14:55,0,6,0,6
2022-07-17T22:23:50,0,6,0,6
2022-07-17T22:32:44,0,6,0,6
2022-07-17T22:41:39,0,6,0,6
2022-07-17T22:50:33,0,6,0,6
2022-07-17T22:59:27,0,6,0,6
2022-07-17T23:08:23,0,6,0,6
2022-07-17T23:17:18,0,6,0,6
2022-07-17T23:26:14,0,6,0,6
2022-07-17T23:35:08,0,6,0,6
2022-07-17T23:44:02,0,6,0,6
2022-07-17T23:52:57,0,6,0,6
2022-07-18T00:02:01,0,6,0,6
2022-07-18T00:10:58,0,6,0,6
2022-07-18T00:19:56,0,6,0,6
2022-07-18T00:28:52,0,6,0,6
2022-07-18T00:37:50,0,6,0,6
2022-07-18T00:46:46,0,6,0,6
2022-07-18T00:55:43,0,6,0,6
2022-07-18T01:04:39,0,6,0,6
2022-07-18T01:13:42,0,6,0,6
2022-07-18T01:22:39,0,6,0,6
2022-07-18T01:31:36,0,6,0,6
2022-07-18T01:40:33,0,6,0,6
2022-07-18T01:49:28,0,6,0,6
2022-07-18T01:58:25,0,6,0,6
2022-07-18T02:07:37,0,6,0,6
2022-07-18T02:16:34,0,6,0,6
2022-07-18T02:25:30,0,6,0,6
2022-07-18T02:34:28,0,6,0,6
2022-07-18T02:43:24,0,6,0,6
2022-07-18T02:52:20,0,6,0,6
2022-07-18T03:01:15,0,6,0,6
2022-07-18T03:10:10,0,6,0,6
2022-07-18T03:19:05,0,6,0,6
2022-07-18T03:27:59,0,6,0,6
2022-07-18T03:36:54,0,6,0,6
2022-07-18T03:45:51,0,6,0,6
2022-07-18T03:56:36,0,6,0,6
2022-07-18T04:06:11,0,6,0,6
2022-07-18T04:15:07,0,6,0,6
2022-07-18T04:26:31,0,6,0,6
2022-07-18T04:35:49,0,6,0,6
2022-07-18T04:44:47,0,6,0,6
2022-07-18T04:53:46,0,6,0,6
2022-07-18T05:02:44,0,6,0,6
2022-07-18T05:11:42,0,6,0,6
2022-07-18T05:20:40,0,6,0,6
2022-07-18T05:29:38,0,6,0,6
2022-07-18T05:38:35,0,6,0,6
2022-07-18T05:47:30,0,6,0,6
2022-07-18T05:56:26,0,6,0,6
2022-07-18T06:05:22,0,6,0,6
2022-07-18T06:14:18,0,6,0,6
2022-07-18T06:23:14,0,6,0,6
2022-07-18T06:32:10,0,6,0,6
2022-07-18T06:41:05,0,6,0,6
2022-07-18T06:50:02,0,6,0,6
2022-07-18T06:58:57,0,6,0,6
2022-07-18T07:07:53,0,6,0,6
2022-07-18T07:16:48,0,6,0,6
2022-07-18T07:25:45,0,6,0,6
2022-07-18T07:34:40,0,6,0,6
2022-07-18T07:43:36,0,6,0,6
2022-07-18T07:52:31,0,6,0,6
2022-07-18T08:01:28,0,6,0,6
2022-07-18T08:10:23,0,6,0,6
2022-07-18T08:19:19,0,6,0,6
2022-07-18T08:28:15,0,6,0,6
2022-07-18T08:37:20,0,6,0,6
2022-07-18T08:46:16,0,6,0,6
2022-07-18T08:55:15,0,6,0,6
2022-07-18T09:04:12,0,6,0,6
2022-07-18T09:13:08,0,6,0,6
2022-07-18T09:22:06,0,6,0,6
2022-07-18T09:31:09,0,6,0,6
2022-07-18T09:40:14,0,6,0,6
2022-07-18T09:49:19,0,6,0,6
2022-07-18T09:58:23,0,6,0,6
2022-07-18T10:07:25,0,6,0,6
2022-07-18T10:16:29,0,6,0,6
2022-07-18T10:25:32,0,6,0,6
2022-07-18T10:34:36,0,6,0,6
2022-07-18T10:43:40,0,6,0,6
2022-07-18T10:52:55,0,6,0,6
2022-07-18T11:01:55,0,6,0,6
2022-07-18T11:10:56,0,6,0,6
2022-07-18T11:19:55,0,6,0,6
2022-07-18T11:28:52,0,6,0,6
2022-07-18T11:37:49,0,6,0,6
2022-07-18T11:46:45,0,6,0,6
2022-07-18T11:55:42,0,6,0,6
2022-07-18T12:04:39,0,6,0,6
2022-07-18T12:13:34,0,6,0,6
2022-07-18T12:22:30,0,6,0,6
2022-07-18T12:31:25,0,6,0,6
2022-07-18T12:40:21,0,6,0,6
2022-07-18T12:49:18,0,6,0,6
2022-07-18T12:58:14,0,6,0,6
2022-07-18T13:07:10,0,6,0,6
2022-07-18T13:16:07,0,6,0,6
2022-07-18T13:25:13,0,6,0,6
2022-07-18T13:34:10,0,6,0,6
2022-07-18T13:43:06,0,6,0,6
2022-07-18T13:52:02,0,6,0,6
2022-07-18T14:01:00,0,6,0,6
2022-07-18T14:09:57,0,6,0,6
2022-07-18T14:18:53,0,6,0,6
2022-07-18T14:27:49,0,6,0,6
2022-07-18T14:36:47,0,6,0,6
2022-07-18T14:45:44,0,6,0,6
2022-07-18T14:54:40,0,6,0,6
2022-07-18T15:03:35,0,6,0,6
2022-07-18T15:12:31,0,6,0,6
2022-07-18T15:21:27,0,6,0,6
2022-07-18T15:30:32,0,6,0,6
2022-07-18T15:39:29,0,6,0,6
2022-07-18T15:48:26,0,6,0,6
2022-07-18T15:57:22,0,6,0,6
2022-07-18T16:06:20,0,6,0,6
2022-07-18T16:15:15,0,6,0,6
2022-07-18T16:24:11,0,6,0,6
2022-07-18T16:33:08,0,6,0,6
2022-07-18T16:42:06,0,6,0,6
2022-07-18T16:51:01,0,6,0,6
2022-07-18T16:59:56,0,6,0,6
2022-07-18T17:08:54,0,6,0,6
2022-07-18T17:17:50,0,6,0,6
2022-07-18T17:26:55,0,6,0,6
2022-07-18T17:35:50,0,6,0,6
2022-07-18T17:44:45,0,6,0,6
2022-07-18T17:53:40,0,6,0,6
2022-07-18T18:02:35,0,6,0,6
2022-07-18T18:11:31,0,6,0,6
2022-07-18T18:20:26,0,6,0,6
2022-07-18T18:29:22,0,6,0,6
2022-07-18T18:38:17,0,6,0,6
2022-07-18T18:47:12,0,6,0,6
2022-07-18T18:56:07,0,6,0,6
2022-07-18T19:05:03,0,6,0,6
2022-07-18T19:14:00,0,6,0,6
2022-07-18T19:22:56,0,6,0,6
2022-07-18T19:31:51,0,6,0,6
2022-07-18T19:40:46,0,6,0,6
2022-07-18T19:49:41,0,6,0,6
2022-07-18T19:58:36,0,6,0,6
2022-07-18T20:07:31,0,6,0,6
2022-07-18T20:16:25,0,6,0,6
2022-07-18T20:25:32,0,6,0,6
2022-07-18T20:34:26,0,6,0,6
2022-07-18T20:43:21,0,6,0,6
2022-07-18T20:52:15,0,6,0,6
2022-07-18T21:01:10,0,6,0,6
2022-07-18T21:10:04,0,6,0,6
2022-07-18T21:18:58,0,6,0,6
2022-07-18T21:27:53,0,6,0,6
2022-07-18T21:36:47,0,6,0,6
2022-07-18T21:45:43,0,6,0,6
2022-07-18T21:54:38,0,6,0,6
2022-07-18T22:03:33,0,6,0,6
2022-07-18T22:12:27,0,6,0,6
2022-07-18T22:21:22,0,6,0,6
2022-07-18T22:30:17,0,6,0,6
2022-07-18T22:39:11,0,6,0,6
2022-07-18T22:48:06,0,6,0,6
2022-07-18T22:57:00,0,6,0,6
2022-07-18T23:05:56,0,6,0,6
2022-07-18T23:15:01,0,6,0,6
2022-07-18T23:23:56,0,6,0,6
2022-07-18T23:32:51,0,6,0,6
2022-07-18T23:41:46,0,6,0,6
2022-07-18T23:50:41,0,6,0,6
2022-07-18T23:59:35,0,6,0,6
2022-07-19T00:08:31,0,6,0,6
2022-07-19T00:17:31,0,6,0,6
2022-07-19T00:26:28,0,6,0,6
2022-07-19T00:35:35,0,6,0,6
2022-07-19T00:44:33,0,6,0,6
2022-07-19T00:53:30,0,6,0,6
2022-07-19T01:02:28,0,6,0,6
2022-07-19T01:11:24,0,6,0,6
2022-07-19T01:20:22,0,6,0,6
2022-07-19T01:29:20,0,6,0,6
2022-07-19T01:38:17,0,6,0,6
2022-07-19T01:47:13,0,6,0,6
2022-07-19T01:56:11,0,6,0,6
2022-07-19T02:05:08,0,6,0,6
2022-07-19T02:14:03,0,6,0,6
2022-07-19T02:22:57,0,6,0,6
2022-07-19T02:31:52,0,6,0,6
2022-07-19T02:40:46,0,6,0,6
2022-07-19T02:49:40,0,6,0,6
2022-07-19T02:58:34,0,6,0,6
2022-07-19T03:07:28,0,6,0,6
2022-07-19T03:16:22,0,6,0,6
2022-07-19T03:25:16,0,6,0,6
2022-07-19T03:34:10,0,6,0,6
2022-07-19T03:43:05,0,6,0,6
2022-07-19T03:52:00,0,6,0,6
2022-07-19T04:03:03,0,6,0,6
2022-07-19T04:21:59,0,6,0,6
2022-07-19T04:31:21,0,6,0,6
2022-07-19T04:40:19,0,6,0,6
2022-07-19T04:49:16,0,6,0,6
2022-07-19T04:58:13,0,6,0,6
2022-07-19T05:07:12,0,6,0,6
2022-07-19T05:16:10,0,6,0,6
2022-07-19T05:25:07,0,6,0,6
2022-07-19T05:34:04,0,6,0,6
2022-07-19T05:43:00,0,6,0,6
2022-07-19T05:51:56,0,6,0,6
2022-07-19T06:00:53,0,6,0,6
2022-07-19T06:09:50,0,6,0,6
2022-07-19T06:18:46,0,6,0,6
2022-07-19T06:27:43,0,6,0,6
2022-07-19T06:36:41,0,6,0,6
2022-07-19T06:45:37,0,6,0,6
2022-07-19T06:54:33,0,6,0,6
2022-07-19T07:03:31,0,6,0,6
2022-07-19T07:12:27,0,6,0,6
2022-07-19T07:21:24,0,6,0,6
2022-07-19T07:30:20,0,6,0,6
2022-07-19T07:39:17,0,6,0,6
2022-07-19T07:48:12,0,6,0,6
2022-07-19T07:57:07,0,6,0,6
2022-07-19T08:06:03,0,6,0,6
2022-07-19T08:15:01,0,6,0,6
2022-07-19T08:23:56,0,6,0,6
2022-07-19T08:32:52,0,6,0,6
2022-07-19T08:41:48,0,6,0,6
2022-07-19T08:50:46,0,6,0,6
2022-07-19T08:59:51,0,6,0,6
2022-07-19T09:08:47,0,6,0,6
2022-07-19T09:17:43,0,6,0,6
2022-07-19T09:26:39,0,6,0,6
2022-07-19T09:35:35,0,6,0,6
2022-07-19T09:44:33,0,6,0,6
2022-07-19T09:53:29,0,6,0,6
2022-07-19T10:02:26,0,6,0,6
2022-07-19T10:11:23,0,6,0,6
2022-07-19T10:20:21,0,6,0,6
2022-07-19T10:29:18,0,6,0,6
2022-07-19T10:38:14,0,6,0,6
2022-07-19T10:47:10,0,6,0,6
2022-07-19T10:56:07,0,6,0,6
2022-07-19T11:05:05,0,6,0,6
2022-07-19T11:14:01,0,6,0,6
2022-07-19T11:22:58,0,6,0,6
2022-07-19T11:31:55,0,6,0,6
2022-07-19T11:40:52,0,6,0,6
2022-07-19T11:49:59,0,6,0,6
2022-07-19T11:58:55,0,6,0,6
2022-07-19T12:07:51,0,6,0,6
2022-07-19T12:16:47,0,6,0,6
2022-07-19T12:25:45,0,6,0,6
2022-07-19T12:34:41,0,6,0,6
2022-07-19T12:43:37,0,6,0,6
2022-07-19T12:52:33,0,6,0,6
2022-07-19T13:01:30,0,6,0,6
2022-07-19T13:10:26,0,6,0,6
2022-07-19T13:19:22,0,6,0,6
2022-07-19T13:28:18,0,6,0,6
2022-07-19T13:37:16,0,6,0,6
2022-07-19T13:46:25,0,6,0,6
2022-07-19T13:54:41,0,6,0,6
2022-07-19T14:03:37,0,6,0,6
2022-07-19T14:12:35,0,6,0,6
2022-07-19T14:21:31,0,6,0,6
2022-07-19T14:30:28,0,6,0,6
2022-07-19T14:39:25,0,6,0,6
2022-07-19T14:48:21,0,6,0,6
2022-07-19T14:57:18,0,6,0,6
2022-07-19T15:06:15,0,6,0,6
2022-07-19T15:15:13,0,6,0,6
2022-07-19T15:24:10,0,6,0,6
2022-07-19T15:33:06,0,6,0,6
2022-07-19T15:42:14,0,6,0,6
2022-07-19T15:51:11,0,6,0,6
2022-07-19T16:00:07,0,6,0,6
2022-07-19T16:09:03,0,6,0,6
2022-07-19T16:17:59,0,6,0,6
2022-07-19T16:26:55,0,6,0,6
2022-07-19T16:35:51,0,6,0,6
2022-07-19T16:44:47,0,6,0,6
2022-07-19T16:53:54,0,6,0,6
2022-07-19T17:02:50,0,6,0,6
2022-07-19T17:11:46,0,6,0,6
2022-07-19T17:20:42,0,6,0,6
2022-07-19T17:29:38,0,6,0,6
2022-07-19T17:38:33,0,6,0,6
2022-07-19T17:47:29,0,6,0,6
2022-07-19T17:56:24,0,6,0,6
2022-07-19T18:05:20,0,6,0,6
2022-07-19T18:14:16,0,6,0,6
2022-07-19T18:23:11,0,6,0,6
2022-07-19T18:32:06,0,6,0,6
2022-07-19T18:41:12,0,6,0,6
2022-07-19T18:50:06,0,6,0,6
2022-07-19T18:59:02,0,6,0,6
2022-07-19T19:07:57,0,6,0,6
2022-07-19T19:16:52,0,6,0,6
2022-07-19T19:25:48,0,6,0,6
2022-07-19T19:34:44,0,6,0,6
2022-07-19T19:43:39,0,6,0,6
2022-07-19T19:52:34,0,6,0,6
2022-07-19T20:01:30,0,6,0,6
2022-07-19T20:10:26,0,6,0,6
2022-07-19T20:19:22,0,6,0,6
2022-07-19T20:28:18,0,6,0,6
2022-07-19T20:37:24,0,6,0,6
2022-07-19T20:46:19,0,6,0,6
2022-07-19T20:55:14,0,6,0,6
2022-07-19T21:04:10,0,6,0,6
2022-07-19T21:13:04,0,6,0,6
2022-07-19T21:22:00,0,6,0,6
2022-07-19T21:30:55,0,6,0,6
2022-07-19T21:39:50,0,6,0,6
2022-07-19T21:48:47,0,6,0,6
2022-07-19T21:57:42,0,6,0,6
2022-07-19T22:06:38,0,6,0,6
2022-07-19T22:15:33,0,6,0,6
2022-07-19T22:24:28,0,6,0,6
2022-07-19T22:33:24,0,6,0,6
2022-07-19T22:42:30,0,6,0,6
2022-07-19T22:51:25,0,6,0,6
2022-07-19T23:00:20,0,6,0,6
2022-07-19T23:09:16,0,6,0,6
2022-07-19T23:18:11,0,6,0,6
2022-07-19T23:27:07,0,6,0,6
2022-07-19T23:36:02,0,6,0,6
2022-07-19T23:44:58,0,6,0,6
2022-07-19T23:53:53,0,6,0,6
2022-07-20T00:02:50,0,6,0,6
2022-07-20T00:11:47,0,6,0,6
2022-07-20T00:20:47,0,6,0,6
2022-07-20T00:29:41,0,6,0,6
2022-07-20T00:38:36,0,6,0,6
2022-07-20T00:47:31,0,6,0,6
2022-07-20T00:56:27,0,6,0,6
2022-07-20T01:05:31,0,6,0,6
2022-07-20T01:14:26,0,6,0,6
2022-07-20T01:23:21,0,6,0,6
2022-07-20T01:32:16,0,6,0,6
2022-07-20T01:41:10,0,6,0,6
2022-07-20T01:50:05,0,6,0,6
2022-07-20T01:59:00,0,6,0,6
2022-07-20T02:07:56,0,6,0,6
2022-07-20T02:16:52,0,6,0,6
2022-07-20T02:26:00,0,6,0,6
2022-07-20T02:34:55,0,6,0,6
2022-07-20T02:43:50,0,6,0,6
2022-07-20T02:52:45,0,6,0,6
2022-07-20T03:01:39,0,6,0,6
2022-07-20T03:10:32,0,6,0,6
2022-07-20T03:19:24,0,6,0,6
2022-07-20T03:28:22,0,6,0,6
2022-07-20T03:37:18,0,6,0,6
2022-07-20T03:46:15,0,6,0,6
2022-07-20T03:55:12,0,6,0,6
2022-07-20T04:04:09,0,6,0,6
2022-07-20T04:28:04,0,6,0,6
2022-07-20T04:37:04,0,6,0,6
2022-07-20T04:46:02,0,6,0,6
2022-07-20T04:55:00,0,6,0,6
2022-07-20T05:03:59,0,6,0,6
2022-07-20T05:12:57,0,6,0,6
2022-07-20T05:21:55,0,6,0,6
2022-07-20T05:30:54,0,6,0,6
2022-07-20T05:39:53,0,6,0,6
2022-07-20T05:48:51,0,6,0,6
2022-07-20T05:57:51,0,6,0,6
2022-07-20T06:06:48,0,6,0,6
2022-07-20T06:15:45,0,6,0,6
2022-07-20T06:24:42,0,6,0,6
2022-07-20T06:33:39,0,6,0,6
2022-07-20T06:42:34,0,6,0,6
2022-07-20T06:51:29,0,6,0,6
2022-07-20T07:00:25,0,6,0,6
2022-07-20T07:09:21,0,6,0,6
2022-07-20T07:18:16,0,6,0,6
2022-07-20T07:27:11,0,6,0,6
2022-07-20T07:36:08,0,6,0,6
2022-07-20T07:45:04,0,6,0,6
2022-07-20T07:53:59,0,6,0,6
2022-07-20T08:02:55,0,6,0,6
2022-07-20T08:11:51,0,6,0,6
2022-07-20T08:20:50,0,6,0,6
2022-07-20T08:29:47,0,6,0,6
2022-07-20T08:38:42,0,6,0,6
2022-07-20T08:47:39,0,6,0,6
2022-07-20T08:56:35,0,6,0,6
2022-07-20T09:05:31,0,6,0,6
2022-07-20T09:14:27,0,6,0,6
2022-07-20T09:23:24,0,6,0,6
2022-07-20T09:32:21,0,6,0,6
2022-07-20T09:41:28,0,6,0,6
2022-07-20T09:50:25,0,6,0,6
2022-07-20T09:59:22,0,6,0,6
2022-07-20T10:08:20,0,6,0,6
2022-07-20T10:17:18,0,6,0,6
2022-07-20T10:26:15,0,6,0,6
2022-07-20T10:35:14,0,6,0,6
2022-07-20T10:44:11,0,6,0,6
2022-07-20T10:53:08,0,6,0,6
2022-07-20T11:02:06,0,6,0,6
2022-07-20T11:11:03,0,6,0,6
2022-07-20T11:19:59,0,6,0,6
2022-07-20T11:28:56,0,6,0,6
2022-07-20T11:37:54,0,6,0,6
2022-07-20T11:46:53,0,6,0,6
2022-07-20T11:56:01,0,6,0,6
2022-07-20T12:04:57,0,6,0,6
2022-07-20T12:13:54,0,6,0,6
2022-07-20T12:22:52,0,6,0,6
2022-07-20T12:31:49,0,6,0,6
2022-07-20T12:40:45,0,6,0,6
2022-07-20T12:49:41,0,6,0,6
2022-07-20T12:58:37,0,6,0,6
2022-07-20T13:07:35,0,6,0,6
2022-07-20T13:16:32,0,6,0,6
2022-07-20T13:25:40,0,6,0,6
2022-07-20T13:34:36,0,6,0,6
2022-07-20T13:43:34,0,6,0,6
2022-07-20T13:52:31,0,6,0,6
2022-07-20T14:01:28,0,6,0,6
2022-07-20T14:10:25,0,6,0,6
2022-07-20T14:19:22,0,6,0,6
2022-07-20T14:28:19,0,6,0,6
2022-07-20T14:37:18,0,6,0,6
2022-07-20T14:46:15,0,6,0,6
2022-07-20T14:55:12,0,6,0,6
2022-07-20T15:04:20,0,6,0,6
2022-07-20T15:13:17,0,6,0,6
2022-07-20T15:22:15,0,6,0,6
2022-07-20T15:31:12,0,6,0,6
2022-07-20T15:40:09,0,6,0,6
2022-07-20T15:49:06,0,6,0,6
2022-07-20T15:58:02,0,6,0,6
2022-07-20T16:06:57,0,6,0,6
2022-07-20T16:16:04,0,6,0,6
2022-07-20T16:25:01,0,6,0,6
2022-07-20T16:33:58,0,6,0,6
2022-07-20T16:42:54,0,6,0,6
2022-07-20T16:51:50,0,6,0,6
2022-07-20T17:00:46,0,6,0,6
2022-07-20T17:09:42,0,6,0,6
2022-07-20T17:18:39,0,6,0,6
2022-07-20T17:27:35,0,6,0,6
2022-07-20T17:36:30,0,6,0,6
2022-07-20T17:45:25,0,6,0,6
2022-07-20T17:54:21,0,6,0,6
2022-07-20T18:03:17,0,6,0,6
2022-07-20T18:12:23,0,6,0,6
2022-07-20T18:21:19,0,6,0,6
2022-07-20T18:30:15,0,6,0,6
2022-07-20T18:39:10,0,6,0,6
2022-07-20T18:48:06,0,6,0,6
2022-07-20T18:57:03,0,6,0,6
2022-07-20T19:06:03,0,6,0,6
2022-07-20T19:15:00,0,6,0,6
2022-07-20T19:23:56,0,6,0,6
2022-07-20T19:32:52,0,6,0,6
2022-07-20T19:41:48,0,6,0,6
2022-07-20T19:50:53,0,6,0,6
2022-07-20T19:59:48,0,6,0,6
2022-07-20T20:08:43,0,6,0,6
2022-07-20T20:17:39,0,6,0,6
2022-07-20T20:26:35,0,6,0,6
2022-07-20T20:35:31,0,6,0,6
2022-07-20T20:44:27,0,6,0,6
2022-07-20T20:53:22,0,6,0,6
2022-07-20T21:02:17,0,6,0,6
2022-07-20T21:11:23,0,6,0,6
2022-07-20T21:20:19,0,6,0,6
2022-07-20T21:29:14,0,6,0,6
2022-07-20T21:38:09,0,6,0,6
2022-07-20T21:47:05,0,6,0,6
2022-07-20T21:56:01,0,6,0,6
2022-07-20T22:04:57,0,6,0,6
2022-07-20T22:13:53,0,6,0,6
2022-07-20T22:22:48,0,6,0,6
2022-07-20T22:31:47,0,6,0,6
2022-07-20T22:40:44,0,6,0,6
2022-07-20T22:49:39,0,6,0,6
2022-07-20T22:58:44,0,6,0,6
2022-07-20T23:07:41,0,6,0,6
2022-07-20T23:16:38,0,6,0,6
2022-07-20T23:25:35,0,6,0,6
2022-07-20T23:34:32,0,6,0,6
2022-07-20T23:43:28,0,6,0,6
2022-07-20T23:52:24,0,6,0,6
2022-07-21T00:01:19,0,6,0,6
2022-07-21T00:10:16,0,6,0,6
2022-07-21T00:19:14,0,6,0,6
2022-07-21T00:28:12,0,6,0,6
2022-07-21T00:37:11,0,6,0,6
2022-07-21T00:46:09,0,6,0,6
2022-07-21T00:55:09,0,6,0,6
2022-07-21T01:04:08,0,6,0,6
2022-07-21T01:13:16,0,6,0,6
2022-07-21T01:22:13,0,6,0,6
2022-07-21T01:31:11,0,6,0,6
2022-07-21T01:40:07,0,6,0,6
2022-07-21T01:49:05,0,6,0,6
2022-07-21T01:58:02,0,6,0,6
2022-07-21T02:06:58,0,6,0,6
2022-07-21T02:15:54,0,6,0,6
2022-07-21T02:24:49,0,6,0,6
2022-07-21T02:33:44,0,6,0,6
2022-07-21T02:42:39,0,6,0,6
2022-07-21T02:51:33,0,6,0,6
2022-07-21T03:00:28,0,6,0,6
2022-07-21T03:09:23,0,6,0,6
2022-07-21T03:18:17,0,6,0,6
2022-07-21T03:27:12,0,6,0,6
2022-07-21T03:36:07,0,6,0,6
2022-07-21T03:45:03,0,6,0,6
2022-07-21T03:54:00,0,6,0,6
2022-07-21T04:02:57,0,6,0,6
2022-07-21T04:11:55,0,6,0,6
2022-07-21T04:23:26,0,6,0,6
2022-07-21T04:32:42,0,6,0,6
2022-07-21T04:41:42,0,6,0,6
2022-07-21T04:50:40,0,6,0,6
2022-07-21T04:59:38,0,6,0,6
2022-07-21T05:08:37,0,6,0,6
2022-07-21T05:17:35,0,6,0,6
2022-07-21T05:26:33,0,6,0,6
2022-07-21T05:35:30,0,6,0,6
2022-07-21T05:44:27,0,6,0,6
2022-07-21T05:53:24,0,6,0,6
2022-07-21T06:02:22,0,6,0,6
2022-07-21T06:11:20,0,6,0,6
2022-07-21T06:20:20,0,6,0,6
2022-07-21T06:29:29,0,6,0,6
2022-07-21T06:38:40,0,6,0,6
2022-07-21T06:47:50,0,6,0,6
2022-07-21T06:57:02,0,6,0,6
2022-07-21T07:06:10,0,6,0,6
2022-07-21T07:15:25,0,6,0,6
2022-07-21T07:24:42,0,6,0,6
2022-07-21T07:34:00,0,6,0,6
2022-07-21T07:43:16,0,6,0,6
2022-07-21T07:52:26,0,6,0,6
2022-07-21T08:01:31,0,6,0,6
2022-07-21T08:10:37,0,6,0,6
2022-07-21T08:19:43,0,6,0,6
2022-07-21T08:28:49,0,6,0,6
2022-07-21T08:37:57,0,6,0,6
2022-07-21T08:47:02,0,6,0,6
2022-07-21T08:56:09,0,6,0,6
2022-07-21T09:05:09,0,6,0,6
2022-07-21T09:14:08,0,6,0,6
2022-07-21T09:23:06,0,6,0,6
2022-07-21T09:32:05,0,6,0,6
2022-07-21T09:41:03,0,6,0,6
2022-07-21T09:50:01,0,6,0,6
2022-07-21T09:58:58,0,6,0,6
2022-07-21T10:07:56,0,6,0,6
2022-07-21T10:17:02,0,6,0,6
2022-07-21T10:25:59,0,6,0,6
2022-07-21T10:34:56,0,6,0,6
2022-07-21T10:43:52,0,6,0,6
2022-07-21T10:52:50,0,6,0,6
2022-07-21T11:01:47,0,6,0,6
2022-07-21T11:10:44,0,6,0,6
2022-07-21T11:19:41,0,6,0,6
2022-07-21T11:28:38,0,6,0,6
2022-07-21T11:37:34,0,6,0,6
2022-07-21T11:46:32,0,6,0,6
2022-07-21T11:55:29,0,6,0,6
2022-07-21T12:04:26,0,6,0,6
2022-07-21T12:13:33,0,6,0,6
2022-07-21T12:22:30,0,6,0,6
2022-07-21T12:31:27,0,6,0,6
2022-07-21T12:40:24,0,6,0,6
2022-07-21T12:49:21,0,6,0,6
2022-07-21T12:58:18,0,6,0,6
2022-07-21T13:07:15,0,6,0,6
2022-07-21T13:16:14,0,6,0,6
2022-07-21T13:25:10,0,6,0,6
2022-07-21T13:34:07,0,6,0,6
2022-07-21T13:43:03,0,6,0,6
2022-07-21T13:52:00,0,6,0,6
2022-07-21T14:00:56,0,6,0,6
2022-07-21T14:09:53,0,6,0,6
2022-07-21T14:18:50,0,6,0,6
2022-07-21T14:27:46,0,6,0,6
2022-07-21T14:36:53,0,6,0,6
2022-07-21T14:45:50,0,6,0,6
2022-07-21T14:54:46,0,6,0,6
2022-07-21T15:03:43,0,6,0,6
2022-07-21T15:12:40,0,6,0,6
2022-07-21T15:21:37,0,6,0,6
2022-07-21T15:30:34,0,6,0,6
2022-07-21T15:39:31,0,6,0,6
2022-07-21T15:48:27,0,6,0,6
2022-07-21T15:57:25,0,6,0,6
2022-07-21T16:06:21,0,6,0,6
2022-07-21T16:15:17,0,6,0,6
2022-07-21T16:24:13,0,6,0,6
2022-07-21T16:33:10,0,6,0,6
2022-07-21T16:42:06,0,6,0,6
2022-07-21T16:51:13,0,6,0,6
2022-07-21T17:00:09,0,6,0,6
2022-07-21T17:09:06,0,6,0,6
2022-07-21T17:18:02,0,6,0,6
2022-07-21T17:26:58,0,6,0,6
2022-07-21T17:35:53,0,6,0,6
2022-07-21T17:44:49,0,6,0,6
2022-07-21T17:53:45,0,6,0,6
2022-07-21T18:02:41,0,6,0,6
2022-07-21T18:11:37,0,6,0,6
2022-07-21T18:20:33,0,6,0,6
2022-07-21T18:29:30,0,6,0,6
2022-07-21T18:38:25,0,6,0,6
2022-07-21T18:47:21,0,6,0,6
2022-07-21T18:56:18,0,6,0,6
2022-07-21T19:05:14,0,6,0,6
2022-07-21T19:14:11,0,6,0,6
2022-07-21T19:23:08,0,6,0,6
2022-07-21T19:32:06,0,6,0,6
2022-07-21T19:41:14,0,6,0,6
2022-07-21T19:50:09,0,6,0,6
2022-07-21T19:59:05,0,6,0,6
2022-07-21T20:08:00,0,6,0,6
2022-07-21T20:16:56,0,6,0,6
2022-07-21T20:25:51,0,6,0,6
2022-07-21T20:34:46,0,6,0,6
2022-07-21T20:43:42,0,6,0,6
2022-07-21T20:52:37,0,6,0,6
2022-07-21T21:01:32,0,6,0,6
2022-07-21T21:10:28,0,6,0,6
2022-07-21T21:19:23,0,6,0,6
2022-07-21T21:28:19,0,6,0,6
2022-07-21T21:37:15,0,6,0,6
2022-07-21T21:46:11,0,6,0,6
2022-07-21T21:55:08,0,6,0,6
2022-07-21T22:04:03,0,6,0,6
2022-07-21T22:12:58,0,6,0,6
2022-07-21T22:21:54,0,6,0,6
2022-07-21T22:30:49,0,6,0,6
2022-07-21T22:39:45,0,6,0,6
2022-07-21T22:48:40,0,6,0,6
2022-07-21T22:57:36,0,6,0,6
2022-07-21T23:06:32,0,6,0,6
2022-07-21T23:15:28,0,6,0,6
2022-07-21T23:24:34,0,6,0,6
2022-07-21T23:33:30,0,6,0,6
2022-07-21T23:42:25,0,6,0,6
2022-07-21T23:51:21,0,6,0,6
2022-07-22T00:00:16,0,6,0,6
2022-07-22T00:09:13,0,6,0,6
2022-07-22T00:18:14,0,6,0,6
2022-07-22T00:27:12,0,6,0,6
2022-07-22T00:36:09,0,6,0,6
2022-07-22T00:45:07,0,6,0,6
2022-07-22T00:54:05,0,6,0,6
2022-07-22T01:03:03,0,6,0,6
2022-07-22T01:12:01,0,6,0,6
2022-07-22T01:20:59,0,6,0,6
2022-07-22T01:29:58,0,6,0,6
2022-07-22T01:38:55,0,6,0,6
2022-07-22T01:47:52,0,6,0,6
2022-07-22T01:56:50,0,6,0,6
2022-07-22T02:05:46,0,6,0,6
2022-07-22T02:14:44,0,6,0,6
2022-07-22T02:23:50,0,6,0,6
2022-07-22T02:32:47,0,6,0,6
2022-07-22T02:41:46,0,6,0,6
2022-07-22T02:50:41,0,6,0,6
2022-07-22T02:59:38,0,6,0,6
2022-07-22T03:08:34,0,6,0,6
2022-07-22T03:17:29,0,6,0,6
2022-07-22T03:26:25,0,6,0,6
2022-07-22T03:35:22,0,6,0,6
2022-07-22T03:44:20,0,6,0,6
2022-07-22T03:53:16,0,6,0,6
2022-07-22T04:02:13,0,6,0,6
2022-07-22T04:11:10,0,6,0,6
2022-07-22T04:30:06,0,6,0,6
2022-07-22T04:39:05,0,6,0,6
2022-07-22T04:48:05,0,6,0,6
2022-07-22T04:57:03,0,6,0,6
2022-07-22T05:06:03,0,6,0,6
2022-07-22T05:15:01,0,6,0,6
2022-07-22T05:23:59,0,6,0,6
2022-07-22T05:33:00,0,6,0,6
2022-07-22T05:41:58,0,6,0,6
2022-07-22T05:50:56,0,6,0,6
2022-07-22T05:59:55,0,6,0,6
2022-07-22T06:08:51,0,6,0,6
2022-07-22T06:17:47,0,6,0,6
2022-07-22T06:26:42,0,6,0,6
2022-07-22T06:35:38,0,6,0,6
2022-07-22T06:44:33,0,6,0,6
2022-07-22T06:53:28,0,6,0,6
2022-07-22T07:02:23,0,6,0,6
2022-07-22T07:11:20,0,6,0,6
2022-07-22T07:20:16,0,6,0,6
2022-07-22T07:29:11,0,6,0,6
2022-07-22T07:38:07,0,6,0,6
2022-07-22T07:47:04,0,6,0,6
2022-07-22T07:56:00,0,6,0,6
2022-07-22T08:04:56,0,6,0,6
2022-07-22T08:13:52,0,6,0,6
2022-07-22T08:22:48,0,6,0,6
2022-07-22T08:31:45,0,6,0,6
2022-07-22T08:40:41,0,6,0,6
2022-07-22T08:49:37,0,6,0,6
2022-07-22T08:58:33,0,6,0,6
2022-07-22T09:07:29,0,6,0,6
2022-07-22T09:16:26,0,6,0,6
2022-07-22T09:25:22,0,6,0,6
2022-07-22T09:34:18,0,6,0,6
2022-07-22T09:43:17,0,6,0,6
2022-07-22T09:52:14,0,6,0,6
2022-07-22T10:01:11,0,6,0,6
2022-07-22T10:10:08,0,6,0,6
2022-07-22T10:19:06,0,6,0,6
2022-07-22T10:28:04,0,6,0,6
2022-07-22T10:37:00,0,6,0,6
2022-07-22T10:45:57,0,6,0,6
2022-07-22T10:55:03,0,6,0,6
2022-07-22T11:04:00,0,6,0,6
2022-07-22T11:12:58,0,6,0,6
2022-07-22T11:21:55,0,6,0,6
2022-07-22T11:30:52,0,6,0,6
2022-07-22T11:39:52,0,6,0,6
2022-07-22T11:48:49,0,6,0,6
2022-07-22T11:57:46,0,6,0,6
2022-07-22T12:06:44,0,6,0,6
2022-07-22T12:15:41,0,6,0,6
2022-07-22T12:24:37,0,6,0,6
2022-07-22T12:33:33,0,6,0,6
2022-07-22T12:42:30,0,6,0,6
2022-07-22T12:51:27,0,6,0,6
2022-07-22T13:00:25,0,6,0,6
2022-07-22T13:09:23,0,6,0,6
2022-07-22T13:18:20,0,6,0,6
2022-07-22T13:27:18,0,6,0,6
2022-07-22T13:36:15,0,6,0,6
2022-07-22T13:45:13,0,6,0,6
2022-07-22T13:54:11,0,6,0,6
2022-07-22T14:03:22,0,6,0,6
2022-07-22T14:12:20,0,6,0,6
2022-07-22T14:21:18,0,6,0,6
2022-07-22T14:30:16,0,6,0,6
2022-07-22T14:39:13,0,6,0,6
2022-07-22T14:48:11,0,6,0,6
2022-07-22T14:57:09,0,6,0,6
2022-07-22T15:06:07,0,6,0,6
2022-07-22T15:15:04,0,6,0,6
2022-07-22T15:24:02,0,6,0,6
2022-07-22T15:32:59,0,6,0,6
2022-07-22T15:41:57,0,6,0,6
2022-07-22T15:50:54,0,6,0,6
2022-07-22T15:59:51,0,6,0,6
2022-07-22T16:08:49,0,6,0,6
2022-07-22T16:17:47,0,6,0,6
2022-07-22T16:26:46,0,6,0,6
2022-07-22T16:35:44,0,6,0,6
2022-07-22T16:44:49,0,6,0,6
2022-07-22T16:53:47,0,6,0,6
2022-07-22T17:02:44,0,6,0,6
2022-07-22T17:11:41,0,6,0,6
2022-07-22T17:20:39,0,6,0,6
2022-07-22T17:29:37,0,6,0,6
2022-07-22T17:38:33,0,6,0,6
2022-07-22T17:47:30,0,6,0,6
2022-07-22T17:56:27,0,6,0,6
2022-07-22T18:05:24,0,6,0,6
2022-07-22T18:14:20,0,6,0,6
2022-07-22T18:23:17,0,6,0,6
2022-07-22T18:32:14,0,6,0,6
2022-07-22T18:41:10,0,6,0,6
2022-07-22T18:50:07,0,6,0,6
2022-07-22T18:59:03,0,6,0,6
2022-07-22T19:08:00,0,6,0,6
2022-07-22T19:16:58,0,6,0,6
2022-07-22T19:25:57,0,6,0,6
2022-07-22T19:34:53,0,6,0,6
2022-07-22T19:43:50,0,6,0,6
2022-07-22T19:53:03,0,6,0,6
2022-07-22T20:02:06,0,6,0,6
2022-07-22T20:11:09,0,6,0,6
2022-07-22T20:20:13,0,6,0,6
2022-07-22T20:29:17,0,6,0,6
2022-07-22T20:38:20,0,6,0,6
2022-07-22T20:47:24,0,6,0,6
2022-07-22T20:56:28,0,6,0,6
2022-07-22T21:05:31,0,6,0,6
2022-07-22T21:14:34,0,6,0,6
2022-07-22T21:23:35,0,6,0,6
2022-07-22T21:32:35,0,6,0,6
2022-07-22T21:41:35,0,6,0,6
2022-07-22T21:50:34,0,6,0,6
2022-07-22T21:59:30,0,6,0,6
2022-07-22T22:08:26,0,6,0,6
2022-07-22T22:17:33,0,6,0,6
2022-07-22T22:26:30,0,6,0,6
2022-07-22T22:35:26,0,6,0,6
2022-07-22T22:44:25,0,6,0,6
2022-07-22T22:53:22,0,6,0,6
2022-07-22T23:02:20,0,6,0,6
2022-07-22T23:11:18,0,6,0,6
2022-07-22T23:20:14,0,6,0,6
2022-07-22T23:29:10,0,6,0,6
2022-07-22T23:38:07,0,6,0,6
2022-07-22T23:47:03,0,6,0,6
2022-07-22T23:56:09,0,6,0,6
2022-07-23T00:05:07,0,6,0,6
2022-07-23T00:14:05,0,6,0,6
2022-07-23T00:23:04,0,6,0,6
2022-07-23T00:32:03,0,6,0,6
2022-07-23T00:41:02,0,6,0,6
2022-07-23T00:50:02,0,6,0,6
2022-07-23T00:59:01,0,6,0,6
2022-07-23T01:08:00,0,6,0,6
2022-07-23T01:17:00,0,6,0,6
2022-07-23T01:25:58,0,6,0,6
2022-07-23T01:34:57,0,6,0,6
2022-07-23T01:43:54,0,6,0,6
2022-07-23T01:52:53,0,6,0,6
2022-07-23T02:01:51,0,6,0,6
2022-07-23T02:10:50,0,6,0,6
2022-07-23T02:19:47,0,6,0,6
2022-07-23T02:28:44,0,6,0,6
2022-07-23T02:37:41,0,6,0,6
2022-07-23T02:46:37,0,6,0,6
2022-07-23T02:55:34,0,6,0,6
2022-07-23T03:04:42,0,6,0,6
2022-07-23T03:13:38,0,6,0,6
2022-07-23T03:22:34,0,6,0,6
2022-07-23T03:31:29,0,6,0,6
2022-07-23T03:40:26,0,6,0,6
2022-07-23T03:49:24,0,6,0,6
2022-07-23T04:00:09,0,6,0,6
2022-07-23T04:19:18,0,6,0,6
2022-07-23T04:28:40,0,6,0,6
2022-07-23T04:37:40,0,6,0,6
2022-07-23T04:46:39,0,6,0,6
2022-07-23T04:55:40,0,6,0,6
2022-07-23T05:04:41,0,6,0,6
2022-07-23T05:13:51,0,6,0,6
2022-07-23T05:22:51,0,6,0,6
2022-07-23T05:31:50,0,6,0,6
2022-07-23T05:40:50,0,6,0,6
2022-07-23T05:49:51,0,6,0,6
2022-07-23T05:58:49,0,6,0,6
2022-07-23T06:07:48,0,6,0,6
2022-07-23T06:16:47,0,6,0,6
2022-07-23T06:25:46,0,6,0,6
2022-07-23T06:34:44,0,6,0,6
2022-07-23T06:43:45,0,6,0,6
2022-07-23T06:52:43,0,6,0,6
2022-07-23T07:01:43,0,6,0,6
2022-07-23T07:10:44,0,6,0,6
2022-07-23T07:19:44,0,6,0,6
2022-07-23T07:28:42,0,6,0,6
2022-07-23T07:37:40,0,6,0,6
2022-07-23T07:46:38,0,6,0,6
2022-07-23T07:55:36,0,6,0,6
2022-07-23T08:04:35,0,6,0,6
2022-07-23T08:13:33,0,6,0,6
2022-07-23T08:22:32,0,6,0,6
2022-07-23T08:31:32,0,6,0,6
2022-07-23T08:40:31,0,6,0,6
2022-07-23T08:49:31,0,6,0,6
2022-07-23T08:58:30,0,6,0,6
2022-07-23T09:07:28,0,6,0,6
2022-07-23T09:16:26,0,6,0,6
2022-07-23T09:25:23,0,6,0,6
2022-07-23T09:34:21,0,6,0,6
2022-07-23T09:43:18,0,6,0,6
2022-07-23T09:52:25,0,6,0,6
2022-07-23T10:01:22,0,6,0,6
2022-07-23T10:10:20,0,6,0,6
2022-07-23T10:19:17,0,6,0,6
2022-07-23T10:28:15,0,6,0,6
2022-07-23T10:37:13,0,6,0,6
2022-07-23T10:46:09,0,6,0,6
2022-07-23T10:55:05,0,6,0,6
2022-07-23T11:04:01,0,6,0,6
2022-07-23T11:12:57,0,6,0,6
2022-07-23T11:21:54,0,6,0,6
2022-07-23T11:30:50,0,6,0,6
2022-07-23T11:39:46,0,6,0,6
2022-07-23T11:48:42,0,6,0,6
2022-07-23T11:57:39,0,6,0,6
2022-07-23T12:06:35,0,6,0,6
2022-07-23T12:15:32,0,6,0,6
2022-07-23T12:24:28,0,6,0,6
2022-07-23T12:33:24,0,6,0,6
2022-07-23T12:42:20,0,6,0,6
2022-07-23T12:51:17,0,6,0,6
2022-07-23T13:00:13,0,6,0,6
2022-07-23T13:09:09,0,6,0,6
2022-07-23T13:18:06,0,6,0,6
2022-07-23T13:27:03,0,6,0,6
2022-07-23T13:36:00,0,6,0,6
2022-07-23T13:44:56,0,6,0,6
2022-07-23T13:53:52,0,6,0,6
2022-07-23T14:03:01,0,6,0,6
2022-07-23T14:11:58,0,6,0,6
2022-07-23T14:20:54,0,6,0,6
2022-07-23T14:29:51,0,6,0,6
2022-07-23T14:38:47,0,6,0,6
2022-07-23T14:47:44,0,6,0,6
2022-07-23T14:56:41,0,6,0,6
2022-07-23T15:05:37,0,6,0,6
2022-07-23T15:14:33,0,6,0,6
2022-07-23T15:23:29,0,6,0,6
2022-07-23T15:32:25,0,6,0,6
2022-07-23T15:41:21,0,6,0,6
2022-07-23T15:50:18,0,6,0,6
2022-07-23T15:59:14,0,6,0,6
2022-07-23T16:08:10,0,6,0,6
2022-07-23T16:17:07,0,6,0,6
2022-07-23T16:26:04,0,6,0,6
2022-07-23T16:34:59,0,6,0,6
2022-07-23T16:43:55,0,6,0,6
2022-07-23T16:52:52,0,6,0,6
2022-07-23T17:01:48,0,6,0,6
2022-07-23T17:10:45,0,6,0,6
2022-07-23T17:19:42,0,6,0,6
2022-07-23T17:28:39,0,6,0,6
2022-07-23T17:37:34,0,6,0,6
2022-07-23T17:46:30,0,6,0,6
2022-07-23T17:55:26,0,6,0,6
2022-07-23T18:04:22,0,6,0,6
2022-07-23T18:13:18,0,6,0,6
2022-07-23T18:22:14,0,6,0,6
2022-07-23T18:31:22,0,6,0,6
2022-07-23T18:40:19,0,6,0,6
2022-07-23T18:49:14,0,6,0,6
2022-07-23T18:58:10,0,6,0,6
2022-07-23T19:07:06,0,6,0,6
2022-07-23T19:16:02,0,6,0,6
2022-07-23T19:24:58,0,6,0,6
2022-07-23T19:33:54,0,6,0,6
2022-07-23T19:42:50,0,6,0,6
2022-07-23T19:51:45,0,6,0,6
2022-07-23T20:00:43,0,6,0,6
2022-07-23T20:09:40,0,6,0,6
2022-07-23T20:18:37,0,6,0,6
2022-07-23T20:27:33,0,6,0,6
2022-07-23T20:36:30,0,6,0,6
2022-07-23T20:45:26,0,6,0,6
2022-07-23T20:54:22,0,6,0,6
2022-07-23T21:03:18,0,6,0,6
2022-07-23T21:12:15,0,6,0,6
2022-07-23T21:21:11,0,6,0,6
2022-07-23T21:30:07,0,6,0,6
2022-07-23T21:39:04,0,6,0,6
2022-07-23T21:48:02,0,6,0,6
2022-07-23T21:56:59,0,6,0,6
2022-07-23T22:06:05,0,6,0,6
2022-07-23T22:15:02,0,6,0,6
2022-07-23T22:23:58,0,6,0,6
2022-07-23T22:32:55,0,6,0,6
2022-07-23T22:41:51,0,6,0,6
2022-07-23T22:50:48,0,6,0,6
2022-07-23T22:59:44,0,6,0,6
2022-07-23T23:08:41,0,6,0,6
2022-07-23T23:17:38,0,6,0,6
2022-07-23T23:26:35,0,6,0,6
2022-07-23T23:35:31,0,6,0,6
2022-07-23T23:44:27,0,6,0,6
2022-07-23T23:53:23,0,6,0,6
2022-07-24T00:02:20,0,6,0,6
2022-07-24T00:11:19,0,6,0,6
2022-07-24T00:20:19,0,6,0,6
2022-07-24T00:29:16,0,6,0,6
2022-07-24T00:38:14,0,6,0,6
2022-07-24T00:47:14,0,6,0,6
2022-07-24T00:56:10,0,6,0,6
2022-07-24T01:05:07,0,6,0,6
2022-07-24T01:14:03,0,6,0,6
2022-07-24T01:22:59,0,6,0,6
2022-07-24T01:31:55,0,6,0,6
2022-07-24T01:40:51,0,6,0,6
2022-07-24T01:49:57,0,6,0,6
2022-07-24T01:58:54,0,6,0,6
2022-07-24T02:07:52,0,6,0,6
2022-07-24T02:16:48,0,6,0,6
2022-07-24T02:25:50,0,6,0,6
2022-07-24T02:34:53,0,6,0,6
2022-07-24T02:43:53,0,6,0,6
2022-07-24T02:53:11,0,6,0,6
2022-07-24T03:02:10,0,6,0,6
2022-07-24T03:11:10,0,6,0,6
2022-07-24T03:20:10,0,6,0,6
2022-07-24T03:29:09,0,6,0,6
2022-07-24T03:38:10,0,6,0,6
2022-07-24T03:47:08,0,6,0,6
2022-07-24T03:56:06,0,6,0,6
2022-07-24T04:05:06,0,6,0,6
2022-07-24T04:20:33,0,6,0,6
2022-07-24T04:29:56,0,6,0,6
2022-07-24T04:38:56,0,6,0,6
2022-07-24T04:47:56,0,6,0,6
2022-07-24T04:56:56,0,6,0,6
2022-07-24T05:05:57,0,6,0,6
2022-07-24T05:14:57,0,6,0,6
2022-07-24T05:23:55,0,6,0,6
2022-07-24T05:32:56,0,6,0,6
2022-07-24T05:41:56,0,6,0,6
2022-07-24T05:50:54,0,6,0,6
2022-07-24T05:59:53,0,6,0,6
2022-07-24T06:08:52,0,6,0,6
2022-07-24T06:17:50,0,6,0,6
2022-07-24T06:26:49,0,6,0,6
2022-07-24T06:35:50,0,6,0,6
2022-07-24T06:44:49,0,6,0,6
2022-07-24T06:53:45,0,6,0,6
2022-07-24T07:02:41,0,6,0,6
2022-07-24T07:11:38,0,6,0,6
2022-07-24T07:20:34,0,6,0,6
2022-07-24T07:29:30,0,6,0,6
2022-07-24T07:38:28,0,6,0,6
2022-07-24T07:47:24,0,6,0,6
2022-07-24T07:56:20,0,6,0,6
2022-07-24T08:05:16,0,6,0,6
2022-07-24T08:14:13,0,6,0,6
2022-07-24T08:23:09,0,6,0,6
2022-07-24T08:32:09,0,6,0,6
2022-07-24T08:41:05,0,6,0,6
2022-07-24T08:50:02,0,6,0,6
2022-07-24T08:59:00,0,6,0,6
2022-07-24T09:07:57,0,6,0,6
2022-07-24T09:16:53,0,6,0,6
2022-07-24T09:25:49,0,6,0,6
2022-07-24T09:34:46,0,6,0,6
2022-07-24T09:43:47,0,6,0,6
2022-07-24T09:52:44,0,6,0,6
2022-07-24T10:01:42,0,6,0,6
2022-07-24T10:10:39,0,6,0,6
2022-07-24T10:19:36,0,6,0,6
2022-07-24T10:28:35,0,6,0,6
2022-07-24T10:37:32,0,6,0,6
2022-07-24T10:46:28,0,6,0,6
2022-07-24T10:55:26,0,6,0,6
2022-07-24T11:04:31,0,6,0,6
2022-07-24T11:13:28,0,6,0,6
2022-07-24T11:22:26,0,6,0,6
2022-07-24T11:31:23,0,6,0,6
2022-07-24T11:40:20,0,6,0,6
2022-07-24T11:49:18,0,6,0,6
2022-07-24T11:58:14,0,6,0,6
2022-07-24T12:07:12,0,6,0,6
2022-07-24T12:16:09,0,6,0,6
2022-07-24T12:25:05,0,6,0,6
2022-07-24T12:34:02,0,6,0,6
2022-07-24T12:42:59,0,6,0,6
2022-07-24T12:51:56,0,6,0,6
2022-07-24T13:00:53,0,6,0,6
2022-07-24T13:09:49,0,6,0,6
2022-07-24T13:18:46,0,6,0,6
2022-07-24T13:27:42,0,6,0,6
2022-07-24T13:36:39,0,6,0,6
2022-07-24T13:45:35,0,6,0,6
2022-07-24T13:54:32,0,6,0,6
2022-07-24T14:03:29,0,6,0,6
2022-07-24T14:12:38,0,6,0,6
2022-07-24T14:21:34,0,6,0,6
2022-07-24T14:30:30,0,6,0,6
2022-07-24T14:39:27,0,6,0,6
2022-07-24T14:48:23,0,6,0,6
2022-07-24T14:57:20,0,6,0,6
2022-07-24T15:06:16,0,6,0,6
2022-07-24T15:15:13,0,6,0,6
2022-07-24T15:24:10,0,6,0,6
2022-07-24T15:33:06,0,6,0,6
2022-07-24T15:42:03,0,6,0,6
2022-07-24T15:51:00,0,6,0,6
2022-07-24T15:59:56,0,6,0,6
2022-07-24T16:08:53,0,6,0,6
2022-07-24T16:17:50,0,6,0,6
2022-07-24T16:26:46,0,6,0,6
2022-07-24T16:35:44,0,6,0,6
2022-07-24T16:44:40,0,6,0,6
2022-07-24T16:53:36,0,6,0,6
2022-07-24T17:02:33,0,6,0,6
2022-07-24T17:11:29,0,6,0,6
2022-07-24T17:20:36,0,6,0,6
2022-07-24T17:29:33,0,6,0,6
2022-07-24T17:38:29,0,6,0,6
2022-07-24T17:47:26,0,6,0,6
2022-07-24T17:56:22,0,6,0,6
2022-07-24T18:05:18,0,6,0,6
2022-07-24T18:14:15,0,6,0,6
2022-07-24T18:23:12,0,6,0,6
2022-07-24T18:32:08,0,6,0,6
2022-07-24T18:41:05,0,6,0,6
2022-07-24T18:50:02,0,6,0,6
2022-07-24T18:58:59,0,6,0,6
2022-07-24T19:07:56,0,6,0,6
2022-07-24T19:16:53,0,6,0,6
2022-07-24T19:25:50,0,6,0,6
2022-07-24T19:34:47,0,6,0,6
2022-07-24T19:43:44,0,6,0,6
2022-07-24T19:52:40,0,6,0,6
2022-07-24T20:01:37,0,6,0,6
2022-07-24T20:10:34,0,6,0,6
2022-07-24T20:19:31,0,6,0,6
2022-07-24T20:28:38,0,6,0,6
2022-07-24T20:37:35,0,6,0,6
2022-07-24T20:46:32,0,6,0,6
2022-07-24T20:55:29,0,6,0,6
2022-07-24T21:04:26,0,6,0,6
2022-07-24T21:13:23,0,6,0,6
2022-07-24T21:22:20,0,6,0,6
2022-07-24T21:31:17,0,6,0,6
2022-07-24T21:40:14,0,6,0,6
2022-07-24T21:49:12,0,6,0,6
2022-07-24T21:58:08,0,6,0,6
2022-07-24T22:07:05,0,6,0,6
2022-07-24T22:16:02,0,6,0,6
2022-07-24T22:24:59,0,6,0,6
2022-07-24T22:33:57,0,6,0,6
2022-07-24T22:42:55,0,6,0,6
2022-07-24T22:51:51,0,6,0,6
2022-07-24T23:01:00,0,6,0,6
2022-07-24T23:09:59,0,6,0,6
2022-07-24T23:18:56,0,6,0,6
2022-07-24T23:27:54,0,6,0,6
2022-07-24T23:36:51,0,6,0,6
2022-07-24T23:45:48,0,6,0,6
2022-07-24T23:54:44,0,6,0,6
2022-07-25T00:03:41,0,6,0,6
2022-07-25T00:12:41,0,6,0,6
2022-07-25T00:21:44,0,6,0,6
2022-07-25T00:30:46,0,6,0,6
2022-07-25T00:39:55,0,6,0,6
2022-07-25T00:48:55,0,6,0,6
2022-07-25T00:57:54,0,6,0,6
2022-07-25T01:06:49,0,6,0,6
2022-07-25T01:15:47,0,6,0,6
2022-07-25T01:24:43,0,6,0,6
2022-07-25T01:33:40,0,6,0,6
2022-07-25T01:42:35,0,6,0,6
2022-07-25T01:51:30,0,6,0,6
2022-07-25T02:00:26,0,6,0,6
2022-07-25T02:09:23,0,6,0,6
2022-07-25T02:18:19,0,6,0,6
2022-07-25T02:27:15,0,6,0,6
2022-07-25T02:36:11,0,6,0,6
2022-07-25T02:45:06,0,6,0,6
2022-07-25T02:54:00,0,6,0,6
2022-07-25T03:02:54,0,6,0,6
2022-07-25T03:11:49,0,6,0,6
2022-07-25T03:20:44,0,6,0,6
2022-07-25T03:29:38,0,6,0,6
2022-07-25T03:38:33,0,6,0,6
2022-07-25T03:47:31,0,6,0,6
2022-07-25T03:56:27,0,6,0,6
2022-07-25T04:05:23,0,6,0,6
2022-07-25T04:16:56,0,6,0,6
2022-07-25T04:27:13,0,6,0,6
2022-07-25T04:36:29,0,6,0,6
2022-07-25T04:45:30,0,6,0,6
2022-07-25T04:54:30,0,6,0,6
2022-07-25T05:03:32,0,6,0,6
2022-07-25T05:12:33,0,6,0,6
2022-07-25T05:21:32,0,6,0,6
2022-07-25T05:30:32,0,6,0,6
2022-07-25T05:39:32,0,6,0,6
2022-07-25T05:48:30,0,6,0,6
2022-07-25T05:57:28,0,6,0,6
2022-07-25T06:06:26,0,6,0,6
2022-07-25T06:15:24,0,6,0,6
2022-07-25T06:24:23,0,6,0,6
2022-07-25T06:33:22,0,6,0,6
2022-07-25T06:42:19,0,6,0,6
2022-07-25T06:51:16,0,6,0,6
2022-07-25T07:00:13,0,6,0,6
2022-07-25T07:09:10,0,6,0,6
2022-07-25T07:18:08,0,6,0,6
2022-07-25T07:27:05,0,6,0,6
2022-07-25T07:36:03,0,6,0,6
2022-07-25T07:45:01,0,6,0,6
2022-07-25T07:54:00,0,6,0,6
2022-07-25T08:02:59,0,6,0,6
2022-07-25T08:11:58,0,6,0,6
2022-07-25T08:21:01,0,6,0,6
2022-07-25T08:30:05,0,6,0,6
2022-07-25T08:39:02,0,6,0,6
2022-07-25T08:48:00,0,6,0,6
2022-07-25T08:56:58,0,6,0,6
2022-07-25T09:05:56,0,6,0,6
2022-07-25T09:14:54,0,6,0,6
2022-07-25T09:23:53,0,6,0,6
2022-07-25T09:32:51,0,6,0,6
2022-07-25T09:42:14,0,6,0,6
2022-07-25T09:51:13,0,6,0,6
2022-07-25T10:00:11,0,6,0,6
2022-07-25T10:09:10,0,6,0,6
2022-07-25T10:18:08,0,6,0,6
2022-07-25T10:27:07,0,6,0,6
2022-07-25T10:36:05,0,6,0,6
2022-07-25T10:45:03,0,6,0,6
2022-07-25T10:54:03,0,6,0,6
2022-07-25T11:03:02,0,6,0,6
2022-07-25T11:12:00,0,6,0,6
2022-07-25T11:20:59,0,6,0,6
2022-07-25T11:29:57,0,6,0,6
2022-07-25T11:38:55,0,6,0,6
2022-07-25T11:48:06,0,6,0,6
2022-07-25T11:57:04,0,6,0,6
2022-07-25T12:06:03,0,6,0,6
2022-07-25T12:15:02,0,6,0,6
2022-07-25T12:24:00,0,6,0,6
2022-07-25T12:32:57,0,6,0,6
2022-07-25T12:41:56,0,6,0,6
2022-07-25T12:50:54,0,6,0,6
2022-07-25T12:59:52,0,6,0,6
2022-07-25T13:08:51,0,6,0,6
2022-07-25T13:17:49,0,6,0,6
2022-07-25T13:26:47,0,6,0,6
2022-07-25T13:35:47,0,6,0,6
2022-07-25T13:44:57,0,6,0,6
2022-07-25T13:53:56,0,6,0,6
2022-07-25T14:02:55,0,6,0,6
2022-07-25T14:11:56,0,6,0,6
2022-07-25T14:20:55,0,6,0,6
2022-07-25T14:29:54,0,6,0,6
2022-07-25T14:38:53,0,6,0,6
2022-07-25T14:47:52,0,6,0,6
2022-07-25T14:56:52,0,6,0,6
2022-07-25T15:05:51,0,6,0,6
2022-07-25T15:14:49,0,6,0,6
2022-07-25T15:23:47,0,6,0,6
2022-07-25T15:32:45,0,6,0,6
2022-07-25T15:41:45,0,6,0,6
2022-07-25T15:50:54,0,6,0,6
2022-07-25T15:59:53,0,6,0,6
2022-07-25T16:08:51,0,6,0,6
2022-07-25T16:17:52,0,6,0,6
2022-07-25T16:26:50,0,6,0,6
2022-07-25T16:35:48,0,6,0,6
2022-07-25T16:44:46,0,6,0,6
2022-07-25T16:53:44,0,6,0,6
2022-07-25T17:02:42,0,6,0,6
2022-07-25T17:11:41,0,6,0,6
2022-07-25T17:20:39,0,6,0,6
2022-07-25T17:29:36,0,6,0,6
2022-07-25T17:38:34,0,6,0,6
2022-07-25T17:47:31,0,6,0,6
2022-07-25T17:56:28,0,6,0,6
2022-07-25T18:05:45,0,6,0,6
2022-07-25T18:14:42,0,6,0,6
2022-07-25T18:23:39,0,6,0,6
2022-07-25T18:32:36,0,6,0,6
2022-07-25T18:41:34,0,6,0,6
2022-07-25T18:50:31,0,6,0,6
2022-07-25T18:59:29,0,6,0,6
2022-07-25T19:08:27,0,6,0,6
2022-07-25T19:17:25,0,6,0,6
2022-07-25T19:26:24,0,6,0,6
2022-07-25T19:35:21,0,6,0,6
2022-07-25T19:44:18,0,6,0,6
2022-07-25T19:53:15,0,6,0,6
2022-07-25T20:02:22,0,6,0,6
2022-07-25T20:11:19,0,6,0,6
2022-07-25T20:20:16,0,6,0,6
2022-07-25T20:29:13,0,6,0,6
2022-07-25T20:38:10,0,6,0,6
2022-07-25T20:47:08,0,6,0,6
2022-07-25T20:56:05,0,6,0,6
2022-07-25T21:05:01,0,6,0,6
2022-07-25T21:13:59,0,6,0,6
2022-07-25T21:22:55,0,6,0,6
2022-07-25T21:31:53,0,6,0,6
2022-07-25T21:40:50,0,6,0,6
2022-07-25T21:49:48,0,6,0,6
2022-07-25T21:58:45,0,6,0,6
2022-07-25T22:07:42,0,6,0,6
2022-07-25T22:16:40,0,6,0,6
2022-07-25T22:25:36,0,6,0,6
2022-07-25T22:34:34,0,6,0,6
2022-07-25T22:43:42,0,6,0,6
2022-07-25T22:52:39,0,6,0,6
2022-07-25T23:01:39,0,6,0,6
2022-07-25T23:10:37,0,6,0,6
2022-07-25T23:19:35,0,6,0,6
2022-07-25T23:28:32,0,6,0,6
2022-07-25T23:37:30,0,6,0,6
2022-07-25T23:46:26,0,6,0,6
2022-07-25T23:55:23,0,6,0,6
2022-07-26T00:04:21,0,6,0,6
2022-07-26T00:13:19,0,6,0,6
2022-07-26T00:22:18,0,6,0,6
2022-07-26T00:31:18,0,6,0,6
2022-07-26T00:40:16,0,6,0,6
2022-07-26T00:49:16,0,6,0,6
2022-07-26T00:58:17,0,6,0,6
2022-07-26T01:07:42,0,6,0,6
2022-07-26T01:16:42,0,6,0,6
2022-07-26T01:25:41,0,6,0,6
2022-07-26T01:34:40,0,6,0,6
2022-07-26T01:43:38,0,6,0,6
2022-07-26T01:52:37,0,6,0,6
2022-07-26T02:01:36,0,6,0,6
2022-07-26T02:10:34,0,6,0,6
2022-07-26T02:19:31,0,6,0,6
2022-07-26T02:28:30,0,6,0,6
2022-07-26T02:37:27,0,6,0,6
2022-07-26T02:46:23,0,6,0,6
2022-07-26T02:55:19,0,6,0,6
2022-07-26T03:04:15,0,6,0,6
2022-07-26T03:13:11,0,6,0,6
2022-07-26T03:22:07,0,6,0,6
2022-07-26T03:31:03,0,6,0,6
2022-07-26T03:40:00,0,6,0,6
2022-07-26T03:48:58,0,6,0,6
2022-07-26T04:00:22,0,6,0,6
2022-07-26T04:09:23,0,6,0,6
2022-07-26T04:28:28,0,6,0,6
2022-07-26T04:37:53,0,6,0,6
2022-07-26T04:46:55,0,6,0,6
2022-07-26T04:56:08,0,6,0,6
2022-07-26T05:05:09,0,6,0,6
2022-07-26T05:14:10,0,6,0,6
2022-07-26T05:23:09,0,6,0,6
2022-07-26T05:32:11,0,6,0,6
2022-07-26T05:41:10,0,6,0,6
2022-07-26T05:50:10,0,6,0,6
2022-07-26T05:59:09,0,6,0,6
2022-07-26T06:08:12,0,6,0,6
2022-07-26T06:17:11,0,6,0,6
2022-07-26T06:26:10,0,6,0,6
2022-07-26T06:35:09,0,6,0,6
2022-07-26T06:44:09,0,6,0,6
2022-07-26T06:53:09,0,6,0,6
2022-07-26T07:02:11,0,6,0,6
2022-07-26T07:11:10,0,6,0,6
2022-07-26T07:20:10,0,6,0,6
2022-07-26T07:29:10,0,6,0,6
2022-07-26T07:38:09,0,6,0,6
2022-07-26T07:47:07,0,6,0,6
2022-07-26T07:56:08,0,6,0,6
2022-07-26T08:05:07,0,6,0,6
2022-07-26T08:14:06,0,6,0,6
2022-07-26T08:23:07,0,6,0,6
2022-07-26T08:32:06,0,6,0,6
2022-07-26T08:41:05,0,6,0,6
2022-07-26T08:50:03,0,6,0,6
2022-07-26T08:59:01,0,6,0,6
2022-07-26T09:08:00,0,6,0,6
2022-07-26T09:16:58,0,6,0,6
2022-07-26T09:25:57,0,6,0,6
2022-07-26T09:34:56,0,6,0,6
2022-07-26T09:44:19,0,6,0,6
2022-07-26T09:53:18,0,6,0,6
2022-07-26T10:02:16,0,6,0,6
2022-07-26T10:11:15,0,6,0,6
2022-07-26T10:20:13,0,6,0,6
2022-07-26T10:29:11,0,6,0,6
2022-07-26T10:38:10,0,6,0,6
2022-07-26T10:47:08,0,6,0,6
2022-07-26T10:56:08,0,6,0,6
2022-07-26T11:05:06,0,6,0,6
2022-07-26T11:14:05,0,6,0,6
2022-07-26T11:23:04,0,6,0,6
2022-07-26T11:32:03,0,6,0,6
2022-07-26T11:41:01,0,6,0,6
2022-07-26T11:50:00,0,6,0,6
2022-07-26T11:58:58,0,6,0,6
2022-07-26T12:07:57,0,6,0,6
2022-07-26T12:16:55,0,6,0,6
2022-07-26T12:26:06,0,6,0,6
2022-07-26T12:35:04,0,6,0,6
2022-07-26T12:44:01,0,6,0,6
2022-07-26T12:52:59,0,6,0,6
2022-07-26T13:01:58,0,6,0,6
2022-07-26T13:10:56,0,6,0,6
2022-07-26T13:19:54,0,6,0,6
2022-07-26T13:28:53,0,6,0,6
2022-07-26T13:37:52,0,6,0,6
2022-07-26T13:46:50,0,6,0,6
2022-07-26T13:56:16,0,6,0,6
2022-07-26T14:05:15,0,6,0,6
2022-07-26T14:14:14,0,6,0,6
2022-07-26T14:23:12,0,6,0,6
2022-07-26T14:32:10,0,6,0,6
2022-07-26T14:41:09,0,6,0,6
2022-07-26T14:50:07,0,6,0,6
2022-07-26T14:59:05,0,6,0,6
2022-07-26T15:08:03,0,6,0,6
2022-07-26T15:17:01,0,6,0,6
2022-07-26T15:26:00,0,6,0,6
2022-07-26T15:34:58,0,6,0,6
2022-07-26T15:43:58,0,6,0,6
2022-07-26T15:53:08,0,6,0,6
2022-07-26T16:02:06,0,6,0,6
2022-07-26T16:11:04,0,6,0,6
2022-07-26T16:20:02,0,6,0,6
2022-07-26T16:29:00,0,6,0,6
2022-07-26T16:37:58,0,6,0,6
2022-07-26T16:46:55,0,6,0,6
2022-07-26T16:55:53,0,6,0,6
2022-07-26T17:04:51,0,6,0,6
2022-07-26T17:13:49,0,6,0,6
2022-07-26T17:22:47,0,6,0,6
2022-07-26T17:32:03,0,6,0,6
2022-07-26T17:41:00,0,6,0,6
2022-07-26T17:49:58,0,6,0,6
2022-07-26T17:58:55,0,6,0,6
2022-07-26T18:07:52,0,6,0,6
2022-07-26T18:16:50,0,6,0,6
2022-07-26T18:25:47,0,6,0,6
2022-07-26T18:34:44,0,6,0,6
2022-07-26T18:43:41,0,6,0,6
2022-07-26T18:52:39,0,6,0,6
2022-07-26T19:01:36,0,6,0,6
2022-07-26T19:10:34,0,6,0,6
2022-07-26T19:19:31,0,6,0,6
2022-07-26T19:28:29,0,6,0,6
2022-07-26T19:37:26,0,6,0,6
2022-07-26T19:46:34,0,6,0,6
2022-07-26T19:55:31,0,6,0,6
2022-07-26T20:04:28,0,6,0,6
2022-07-26T20:13:25,0,6,0,6
2022-07-26T20:22:23,0,6,0,6
2022-07-26T20:31:20,0,6,0,6
2022-07-26T20:40:17,0,6,0,6
2022-07-26T20:49:14,0,6,0,6
2022-07-26T20:58:10,0,6,0,6
2022-07-26T21:07:07,0,6,0,6
2022-07-26T21:16:05,0,6,0,6
2022-07-26T21:25:02,0,6,0,6
2022-07-26T21:33:59,0,6,0,6
2022-07-26T21:42:56,0,6,0,6
2022-07-26T21:51:53,0,6,0,6
2022-07-26T22:00:50,0,6,0,6
2022-07-26T22:10:08,0,6,0,6
2022-07-26T22:19:05,0,6,0,6
2022-07-26T22:28:02,0,6,0,6
2022-07-26T22:36:58,0,6,0,6
2022-07-26T22:45:58,0,6,0,6
2022-07-26T22:54:55,0,6,0,6
2022-07-26T23:03:52,0,6,0,6
2022-07-26T23:12:50,0,6,0,6
2022-07-26T23:21:47,0,6,0,6
2022-07-26T23:30:44,0,6,0,6
2022-07-26T23:39:42,0,6,0,6
2022-07-26T23:48:38,0,6,0,6
2022-07-26T23:57:35,0,6,0,6
2022-07-27T00:06:33,0,6,0,6
2022-07-27T00:15:32,0,6,0,6
2022-07-27T00:24:31,0,6,0,6
2022-07-27T00:33:29,0,6,0,6
2022-07-27T00:42:29,0,6,0,6
2022-07-27T00:51:40,0,6,0,6
2022-07-27T01:00:40,0,6,0,6
2022-07-27T01:09:39,0,6,0,6
2022-07-27T01:18:39,0,6,0,6
2022-07-27T01:27:39,0,6,0,6
2022-07-27T01:36:39,0,6,0,6
2022-07-27T01:45:38,0,6,0,6
2022-07-27T01:54:37,0,6,0,6
2022-07-27T02:03:35,0,6,0,6
2022-07-27T02:12:34,0,6,0,6
2022-07-27T02:21:42,0,6,0,6
2022-07-27T02:30:41,0,6,0,6
2022-07-27T02:39:40,0,6,0,6
2022-07-27T02:48:38,0,6,0,6
2022-07-27T02:57:36,0,6,0,6
2022-07-27T03:06:34,0,6,0,6
2022-07-27T03:15:31,0,6,0,6
2022-07-27T03:24:28,0,6,0,6
2022-07-27T03:33:25,0,6,0,6
2022-07-27T03:42:24,0,6,0,6
2022-07-27T03:51:23,0,6,0,6
2022-07-27T04:00:21,0,6,0,6
2022-07-27T04:18:53,0,6,0,6
2022-07-27T04:28:16,0,6,0,6
2022-07-27T04:37:17,0,6,0,6
2022-07-27T04:46:18,0,6,0,6
2022-07-27T04:55:17,0,6,0,6
2022-07-27T05:04:16,0,6,0,6
2022-07-27T05:13:16,0,6,0,6
2022-07-27T05:22:14,0,6,0,6
2022-07-27T05:32:35,0,6,0,6
2022-07-27T05:41:53,0,6,0,6
2022-07-27T05:50:52,0,6,0,6
2022-07-27T05:59:52,0,6,0,6
2022-07-27T06:08:52,0,6,0,6
2022-07-27T06:17:50,0,6,0,6
2022-07-27T06:26:47,0,6,0,6
2022-07-27T06:35:44,0,6,0,6
2022-07-27T08:21:51,0,6,0,6
2022-07-27T08:31:20,0,6,0,6
2022-07-27T08:40:19,0,6,0,6
2022-07-27T08:49:18,0,6,0,6
2022-07-27T08:58:16,0,6,0,6
2022-07-27T09:07:15,0,6,0,6
2022-07-27T09:16:13,0,6,0,6
2022-07-27T09:25:11,0,6,0,6
2022-07-27T09:34:09,0,6,0,6
2022-07-27T09:43:08,0,6,0,6
2022-07-27T09:52:07,0,6,0,6
2022-07-27T10:01:05,0,6,0,6
2022-07-27T10:10:05,0,6,0,6
2022-07-27T10:19:03,0,6,0,6
2022-07-27T10:28:02,0,6,0,6
2022-07-27T10:37:00,0,6,0,6
2022-07-27T10:45:59,0,6,0,6
2022-07-27T10:54:57,0,6,0,6
2022-07-27T11:03:56,0,6,0,6
2022-07-27T11:12:55,0,6,0,6
2022-07-27T11:22:04,0,6,0,6
2022-07-27T11:31:03,0,6,0,6
2022-07-27T11:40:01,0,6,0,6
2022-07-27T11:48:59,0,6,0,6
2022-07-27T11:57:57,0,6,0,6
2022-07-27T12:06:56,0,6,0,6
2022-07-27T12:15:53,0,6,0,6
2022-07-27T12:24:51,0,6,0,6
2022-07-27T12:33:50,0,6,0,6
2022-07-27T12:42:48,0,6,0,6
2022-07-27T12:51:46,0,6,0,6
2022-07-27T13:00:44,0,6,0,6
2022-07-27T13:09:42,0,6,0,6
2022-07-27T13:18:41,0,6,0,6
2022-07-27T13:27:39,0,6,0,6
2022-07-27T13:36:38,0,6,0,6
2022-07-27T13:45:37,0,6,0,6
2022-07-27T13:54:46,0,6,0,6
2022-07-27T14:03:45,0,6,0,6
2022-07-27T14:12:43,0,6,0,6
2022-07-27T14:21:42,0,6,0,6
2022-07-27T14:30:41,0,6,0,6
2022-07-27T14:39:39,0,6,0,6
2022-07-27T14:48:37,0,6,0,6
2022-07-27T14:57:35,0,6,0,6
2022-07-27T15:06:33,0,6,0,6
2022-07-27T15:15:32,0,6,0,6
2022-07-27T15:24:29,0,6,0,6
2022-07-27T15:33:27,0,6,0,6
2022-07-27T15:42:25,0,6,0,6
2022-07-27T15:51:23,0,6,0,6
2022-07-27T16:00:22,0,6,0,6
2022-07-27T16:09:32,0,6,0,6
2022-07-27T16:18:31,0,6,0,6
2022-07-27T16:27:28,0,6,0,6
2022-07-27T16:36:26,0,6,0,6
2022-07-27T16:45:23,0,6,0,6
2022-07-27T16:54:21,0,6,0,6
2022-07-27T17:03:19,0,6,0,6
2022-07-27T17:12:17,0,6,0,6
2022-07-27T17:21:14,0,6,0,6
2022-07-27T17:30:11,0,6,0,6
2022-07-27T17:39:09,0,6,0,6
2022-07-27T17:48:06,0,6,0,6
2022-07-27T17:57:03,0,6,0,6
2022-07-27T18:06:00,0,6,0,6
2022-07-27T18:15:09,0,6,0,6
2022-07-27T18:24:06,0,6,0,6
2022-07-27T18:33:04,0,6,0,6
2022-07-27T18:42:01,0,6,0,6
2022-07-27T18:50:58,0,6,0,6
2022-07-27T18:59:55,0,6,0,6
2022-07-27T19:08:53,0,6,0,6
2022-07-27T19:17:50,0,6,0,6
2022-07-27T19:26:47,0,6,0,6
2022-07-27T19:35:44,0,6,0,6
2022-07-27T19:44:41,0,6,0,6
2022-07-27T19:53:38,0,6,0,6
2022-07-27T20:02:35,0,6,0,6
2022-07-27T20:11:33,0,6,0,6
2022-07-27T20:20:30,0,6,0,6
2022-07-27T20:29:27,0,6,0,6
2022-07-27T20:38:24,0,6,0,6
2022-07-27T20:47:21,0,6,0,6
2022-07-27T20:56:29,0,6,0,6
2022-07-27T21:05:26,0,6,0,6
2022-07-27T21:14:23,0,6,0,6
2022-07-27T21:23:20,0,6,0,6
2022-07-27T21:32:19,0,6,0,6
2022-07-27T21:41:17,0,6,0,6
2022-07-27T21:50:14,0,6,0,6
2022-07-27T21:59:12,0,6,0,6
2022-07-27T22:08:09,0,6,0,6
2022-07-27T22:17:07,0,6,0,6
2022-07-27T22:26:03,0,6,0,6
2022-07-27T22:35:00,0,6,0,6
2022-07-27T22:43:58,0,6,0,6
2022-07-27T22:52:54,0,6,0,6
2022-07-27T23:01:53,0,6,0,6
2022-07-27T23:10:51,0,6,0,6
2022-07-27T23:19:48,0,6,0,6
2022-07-27T23:28:45,0,6,0,6
2022-07-27T23:37:43,0,6,0,6
2022-07-27T23:46:40,0,6,0,6
2022-07-27T23:55:37,0,6,0,6
2022-07-28T00:04:35,0,6,0,6
2022-07-28T00:13:34,0,6,0,6
2022-07-28T00:22:33,0,6,0,6
2022-07-28T00:31:31,0,6,0,6
2022-07-28T00:40:51,0,6,0,6
2022-07-28T00:50:02,0,6,0,6
2022-07-28T00:59:02,0,6,0,6
2022-07-28T01:08:00,0,6,0,6
2022-07-28T01:16:59,0,6,0,6
2022-07-28T01:25:58,0,6,0,6
2022-07-28T01:34:57,0,6,0,6
2022-07-28T01:43:56,0,6,0,6
2022-07-28T01:52:56,0,6,0,6
2022-07-28T02:01:54,0,6,0,6
2022-07-28T02:10:52,0,6,0,6
2022-07-28T02:19:50,0,6,0,6
2022-07-28T02:28:46,0,6,0,6
2022-07-28T02:37:44,0,6,0,6
2022-07-28T02:46:41,0,6,0,6
2022-07-28T02:55:37,0,6,0,6
2022-07-28T03:04:33,0,6,0,6
2022-07-28T03:13:29,0,6,0,6
2022-07-28T03:22:25,0,6,0,6
2022-07-28T03:31:22,0,6,0,6
2022-07-28T03:40:19,0,6,0,6
2022-07-28T03:49:18,0,6,0,6
2022-07-28T03:58:16,0,6,0,6
2022-07-28T04:07:15,0,6,0,6
2022-07-28T04:27:34,0,6,0,6
2022-07-28T04:36:57,0,6,0,6
2022-07-28T04:45:58,0,6,0,6
2022-07-28T04:54:58,0,6,0,6
2022-07-28T05:04:00,0,6,0,6
2022-07-28T05:13:02,0,6,0,6
2022-07-28T05:22:01,0,6,0,6
2022-07-28T05:31:00,0,6,0,6
2022-07-28T05:39:59,0,6,0,6
2022-07-28T05:49:00,0,6,0,6
2022-07-28T05:58:01,0,6,0,6
2022-07-28T06:07:01,0,6,0,6
2022-07-28T06:16:00,0,6,0,6
2022-07-28T06:24:59,0,6,0,6
2022-07-28T06:33:57,0,6,0,6
2022-07-28T06:42:56,0,6,0,6
2022-07-28T06:51:53,0,6,0,6
2022-07-28T07:00:52,0,6,0,6
2022-07-28T07:09:56,0,6,0,6
2022-07-28T07:18:55,0,6,0,6
2022-07-28T07:27:53,0,6,0,6
2022-07-28T07:36:52,0,6,0,6
2022-07-28T07:45:52,0,6,0,6
2022-07-28T07:54:50,0,6,0,6
2022-07-28T08:03:52,0,6,0,6
2022-07-28T08:12:51,0,6,0,6
2022-07-28T08:21:50,0,6,0,6
2022-07-28T08:30:50,0,6,0,6
2022-07-28T08:39:48,0,6,0,6
2022-07-28T08:48:46,0,6,0,6
2022-07-28T08:57:44,0,6,0,6
2022-07-28T09:06:41,0,6,0,6
2022-07-28T09:15:40,0,6,0,6
2022-07-28T09:24:39,0,6,0,6
2022-07-28T09:33:40,0,6,0,6
2022-07-28T09:42:39,0,6,0,6
2022-07-28T09:51:48,0,6,0,6
2022-07-28T10:00:51,0,6,0,6
2022-07-28T10:09:56,0,6,0,6
2022-07-28T10:19:01,0,6,0,6
2022-07-28T10:28:05,0,6,0,6
2022-07-28T10:37:10,0,6,0,6
2022-07-28T10:46:16,0,6,0,6
2022-07-28T10:55:21,0,6,0,6
2022-07-28T11:04:26,0,6,0,6
2022-07-28T11:13:31,0,6,0,6
2022-07-28T11:22:36,0,6,0,6
2022-07-28T11:31:38,0,6,0,6
2022-07-28T11:40:52,0,6,0,6
2022-07-28T11:49:53,0,6,0,6
2022-07-28T11:58:52,0,6,0,6
2022-07-28T12:07:49,0,6,0,6
2022-07-28T12:16:47,0,6,0,6
2022-07-28T12:25:45,0,6,0,6
2022-07-28T12:34:42,0,6,0,6
2022-07-28T12:43:40,0,6,0,6
2022-07-28T12:52:38,0,6,0,6
2022-07-28T13:01:35,0,6,0,6
2022-07-28T13:10:33,0,6,0,6
2022-07-28T13:19:31,0,6,0,6
2022-07-28T13:28:29,0,6,0,6
2022-07-28T13:37:27,0,6,0,6
2022-07-28T13:46:26,0,6,0,6
2022-07-28T13:55:24,0,6,0,6
2022-07-28T14:04:24,0,6,0,6
2022-07-28T14:13:22,0,6,0,6
2022-07-28T14:22:21,0,6,0,6
2022-07-28T14:31:19,0,6,0,6
2022-07-28T14:40:29,0,6,0,6
2022-07-28T14:49:27,0,6,0,6
2022-07-28T14:58:26,0,6,0,6
2022-07-28T15:07:25,0,6,0,6
2022-07-28T15:16:23,0,6,0,6
2022-07-28T15:25:21,0,6,0,6
2022-07-28T15:34:19,0,6,0,6
2022-07-28T15:43:18,0,6,0,6
2022-07-28T15:52:16,0,6,0,6
2022-07-28T16:01:15,0,6,0,6
2022-07-28T16:10:13,0,6,0,6
2022-07-28T16:19:10,0,6,0,6
2022-07-28T16:28:08,0,6,0,6
2022-07-28T16:37:18,0,6,0,6
2022-07-28T16:46:16,0,6,0,6
2022-07-28T16:55:14,0,6,0,6
2022-07-28T17:04:12,0,6,0,6
2022-07-28T17:13:10,0,6,0,6
2022-07-28T17:22:08,0,6,0,6
2022-07-28T17:31:05,0,6,0,6
2022-07-28T17:40:03,0,6,0,6
2022-07-28T17:49:01,0,6,0,6
2022-07-28T17:57:59,0,6,0,6
2022-07-28T18:06:56,0,6,0,6
2022-07-28T18:15:54,0,6,0,6
2022-07-28T18:24:52,0,6,0,6
2022-07-28T18:33:49,0,6,0,6
2022-07-28T18:42:47,0,6,0,6
2022-07-28T18:51:45,0,6,0,6
2022-07-28T19:00:43,0,6,0,6
2022-07-28T19:09:41,0,6,0,6
2022-07-28T19:18:50,0,6,0,6
2022-07-28T19:27:48,0,6,0,6
2022-07-28T19:36:45,0,6,0,6
2022-07-28T19:45:42,0,6,0,6
2022-07-28T19:54:39,0,6,0,6
2022-07-28T20:03:36,0,6,0,6
2022-07-28T20:12:33,0,6,0,6
2022-07-28T20:21:30,0,6,0,6
2022-07-28T20:30:27,0,6,0,6
2022-07-28T20:39:24,0,6,0,6
2022-07-28T20:48:30,0,6,0,6
2022-07-28T20:57:39,0,6,0,6
2022-07-28T21:06:46,0,6,0,6
2022-07-28T21:15:53,0,6,0,6
2022-07-28T21:25:03,0,6,0,6
2022-07-28T21:34:18,0,6,0,6
2022-07-28T21:43:28,0,6,0,6
2022-07-28T21:52:42,0,6,0,6
2022-07-28T22:01:51,0,6,0,6
2022-07-28T22:11:14,0,6,0,6
2022-07-28T22:20:27,0,6,0,6
2022-07-28T22:29:36,0,6,0,6
2022-07-28T22:38:43,0,6,0,6
2022-07-28T22:47:51,0,6,0,6
2022-07-28T22:57:00,0,6,0,6
2022-07-28T23:06:10,0,6,0,6
2022-07-28T23:15:19,0,6,0,6
2022-07-28T23:24:27,0,6,0,6
2022-07-28T23:33:31,0,6,0,6
2022-07-28T23:42:33,0,6,0,6
2022-07-28T23:51:34,0,6,0,6
2022-07-29T00:00:33,0,6,0,6
2022-07-29T00:09:31,0,6,0,6
2022-07-29T00:18:33,0,6,0,6
2022-07-29T00:27:32,0,6,0,6
2022-07-29T00:36:31,0,6,0,6
2022-07-29T00:45:43,0,6,0,6
2022-07-29T00:54:43,0,6,0,6
2022-07-29T01:03:44,0,6,0,6
2022-07-29T01:12:43,0,6,0,6
2022-07-29T01:21:44,0,6,0,6
2022-07-29T01:30:44,0,6,0,6
2022-07-29T01:39:43,0,6,0,6
2022-07-29T01:48:42,0,6,0,6
2022-07-29T01:57:41,0,6,0,6
2022-07-29T02:06:39,0,6,0,6
2022-07-29T02:15:38,0,6,0,6
2022-07-29T02:24:36,0,6,0,6
2022-07-29T02:33:35,0,6,0,6
2022-07-29T02:42:34,0,6,0,6
2022-07-29T02:51:34,0,6,0,6
2022-07-29T03:00:34,0,6,0,6
2022-07-29T03:09:41,0,6,0,6
2022-07-29T03:18:39,0,6,0,6
2022-07-29T03:27:36,0,6,0,6
2022-07-29T03:36:35,0,6,0,6
2022-07-29T03:45:36,0,6,0,6
2022-07-29T03:54:36,0,6,0,6
2022-07-29T04:03:34,0,6,0,6
2022-07-29T04:20:39,0,6,0,6
2022-07-29T04:30:04,0,6,0,6
2022-07-29T04:39:03,0,6,0,6
2022-07-29T04:48:03,0,6,0,6
2022-07-29T04:57:03,0,6,0,6
2022-07-29T05:06:04,0,6,0,6
2022-07-29T05:15:05,0,6,0,6
2022-07-29T05:24:04,0,6,0,6
2022-07-29T05:33:05,0,6,0,6
2022-07-29T05:42:04,0,6,0,6
2022-07-29T05:51:04,0,6,0,6
2022-07-29T06:00:02,0,6,0,6
2022-07-29T06:09:01,0,6,0,6
2022-07-29T06:18:00,0,6,0,6
2022-07-29T06:26:58,0,6,0,6
2022-07-29T06:35:57,0,6,0,6
2022-07-29T06:44:57,0,6,0,6
2022-07-29T06:53:54,0,6,0,6
2022-07-29T07:02:52,0,6,0,6
2022-07-29T07:11:50,0,6,0,6
2022-07-29T07:20:47,0,6,0,6
2022-07-29T07:29:45,0,6,0,6
2022-07-29T07:38:43,0,6,0,6
2022-07-29T07:47:41,0,6,0,6
2022-07-29T07:56:38,0,6,0,6
2022-07-29T08:05:35,0,6,0,6
2022-07-29T08:14:33,0,6,0,6
2022-07-29T08:23:30,0,6,0,6
2022-07-29T08:32:28,0,6,0,6
2022-07-29T08:41:26,0,6,0,6
2022-07-29T08:50:23,0,6,0,6
2022-07-29T08:59:21,0,6,0,6
2022-07-29T09:08:28,0,6,0,6
2022-07-29T09:17:26,0,6,0,6
2022-07-29T09:26:24,0,6,0,6
2022-07-29T09:35:22,0,6,0,6
2022-07-29T09:44:19,0,6,0,6
2022-07-29T09:53:17,0,6,0,6
2022-07-29T10:02:17,0,6,0,6
2022-07-29T10:11:16,0,6,0,6
2022-07-29T10:20:14,0,6,0,6
2022-07-29T10:29:12,0,6,0,6
2022-07-29T10:38:11,0,6,0,6
2022-07-29T10:47:09,0,6,0,6
2022-07-29T10:56:07,0,6,0,6
2022-07-29T11:05:06,0,6,0,6
2022-07-29T11:14:04,0,6,0,6
2022-07-29T11:23:03,0,6,0,6
2022-07-29T11:32:14,0,6,0,6
2022-07-29T11:41:13,0,6,0,6
2022-07-29T11:50:11,0,6,0,6
2022-07-29T11:59:09,0,6,0,6
2022-07-29T12:08:08,0,6,0,6
2022-07-29T12:17:05,0,6,0,6
2022-07-29T12:26:03,0,6,0,6
2022-07-29T12:35:02,0,6,0,6
2022-07-29T12:43:59,0,6,0,6
2022-07-29T12:52:58,0,6,0,6
2022-07-29T13:01:56,0,6,0,6
2022-07-29T13:10:54,0,6,0,6
2022-07-29T13:19:52,0,6,0,6
2022-07-29T13:29:02,0,6,0,6
2022-07-29T13:37:59,0,6,0,6
2022-07-29T13:46:58,0,6,0,6
2022-07-29T13:55:58,0,6,0,6
2022-07-29T14:04:56,0,6,0,6
2022-07-29T14:13:55,0,6,0,6
2022-07-29T14:22:55,0,6,0,6
2022-07-29T14:31:54,0,6,0,6
2022-07-29T14:40:54,0,6,0,6
2022-07-29T14:49:53,0,6,0,6
2022-07-29T14:58:53,0,6,0,6
2022-07-29T15:07:52,0,6,0,6
2022-07-29T15:16:54,0,6,0,6
2022-07-29T15:25:54,0,6,0,6
2022-07-29T15:34:54,0,6,0,6
2022-07-29T15:44:05,0,6,0,6
2022-07-29T15:53:04,0,6,0,6
2022-07-29T16:02:05,0,6,0,6
2022-07-29T16:11:05,0,6,0,6
2022-07-29T16:20:05,0,6,0,6
2022-07-29T16:29:05,0,6,0,6
2022-07-29T16:38:06,0,6,0,6
2022-07-29T16:47:06,0,6,0,6
2022-07-29T16:56:06,0,6,0,6
2022-07-29T17:05:05,0,6,0,6
2022-07-29T17:14:06,0,6,0,6
2022-07-29T17:23:05,0,6,0,6
2022-07-29T17:32:15,0,6,0,6
2022-07-29T17:41:15,0,6,0,6
2022-07-29T17:50:15,0,6,0,6
2022-07-29T17:59:15,0,6,0,6
2022-07-29T18:08:16,0,6,0,6
2022-07-29T18:17:16,0,6,0,6
2022-07-29T18:26:15,0,6,0,6
2022-07-29T18:35:14,0,6,0,6
2022-07-29T18:44:13,0,6,0,6
2022-07-29T18:53:13,0,6,0,6
2022-07-29T19:02:13,0,6,0,6
2022-07-29T19:11:13,0,6,0,6
2022-07-29T19:20:12,0,6,0,6
2022-07-29T19:29:12,0,6,0,6
2022-07-29T19:38:12,0,6,0,6
2022-07-29T19:47:21,0,6,0,6
2022-07-29T19:56:20,0,6,0,6
2022-07-29T20:05:19,0,6,0,6
2022-07-29T20:14:21,0,6,0,6
2022-07-29T20:23:20,0,6,0,6
2022-07-29T20:32:20,0,6,0,6
2022-07-29T20:41:19,0,6,0,6
2022-07-29T20:50:18,0,6,0,6
2022-07-29T20:59:17,0,6,0,6
2022-07-29T21:08:16,0,6,0,6
2022-07-29T21:17:14,0,6,0,6
